 &plot nbnd=  70, nks=   128 /
            0.000000  0.000000  0.000000
  -58.747  -58.747  -45.878  -45.878  -45.878  -45.878  -45.829  -45.829  -45.829  -45.829
  -44.994  -44.994  -44.994  -44.994  -44.953  -44.953  -44.952  -44.952  -44.931  -44.931
  -44.930  -44.930  -34.505  -34.505  -32.063  -32.063  -31.945  -31.945  -12.093  -12.093
  -11.092  -11.092   -3.288   -3.288   -0.102   -0.102   -0.062   -0.062    0.287    0.287
    0.810    0.810    1.009    1.009    1.838    1.838    4.763    4.763    5.027    5.027
    5.029    5.029    5.244    5.244    6.652    6.652    7.332    7.332    7.854    7.854
    9.050    9.050   10.499   10.499   11.119   11.119   12.625   12.625   12.930   12.930
            0.006796  0.011771  0.000000
  -58.747  -58.747  -45.878  -45.878  -45.878  -45.878  -45.829  -45.829  -45.829  -45.829
  -44.994  -44.994  -44.994  -44.994  -44.953  -44.953  -44.952  -44.952  -44.931  -44.931
  -44.930  -44.930  -34.505  -34.505  -32.063  -32.063  -31.945  -31.945  -12.091  -12.091
  -11.091  -11.091   -3.286   -3.286   -0.105   -0.105   -0.063   -0.063    0.279    0.279
    0.811    0.812    1.009    1.010    1.837    1.837    4.762    4.762    5.022    5.022
    5.025    5.025    5.236    5.236    6.658    6.658    7.334    7.334    7.863    7.863
    9.054    9.054   10.512   10.512   11.122   11.122   12.613   12.613   12.937   12.938
            0.013592  0.023542  0.000000
  -58.747  -58.747  -45.878  -45.878  -45.878  -45.878  -45.829  -45.829  -45.829  -45.829
  -44.994  -44.994  -44.994  -44.994  -44.953  -44.953  -44.952  -44.952  -44.931  -44.931
  -44.930  -44.930  -34.506  -34.506  -32.063  -32.063  -31.946  -31.946  -12.085  -12.085
  -11.088  -11.088   -3.279   -3.279   -0.114   -0.114   -0.064   -0.064    0.256    0.256
    0.813    0.818    1.010    1.014    1.835    1.836    4.756    4.757    5.002    5.003
    5.020    5.020    5.216    5.216    6.675    6.675    7.343    7.343    7.890    7.890
    9.065    9.065   10.549   10.549   11.129   11.129   12.579   12.580   12.956   12.960
            0.020388  0.035313  0.000000
  -58.746  -58.746  -45.878  -45.878  -45.878  -45.878  -45.829  -45.829  -45.829  -45.829
  -44.994  -44.994  -44.994  -44.994  -44.953  -44.953  -44.952  -44.952  -44.931  -44.931
  -44.930  -44.930  -34.506  -34.506  -32.063  -32.063  -31.947  -31.947  -12.076  -12.076
  -11.083  -11.083   -3.267   -3.267   -0.135   -0.135   -0.062   -0.061    0.221    0.221
    0.809    0.824    1.012    1.025    1.833    1.833    4.743    4.746    4.968    4.971
    5.014    5.015    5.185    5.186    6.702    6.702    7.356    7.356    7.934    7.934
    9.084    9.084   10.610   10.610   11.143   11.143   12.529   12.530   12.981   12.994
            0.027184  0.047084  0.000000
  -58.746  -58.746  -45.878  -45.878  -45.878  -45.878  -45.829  -45.829  -45.829  -45.829
  -44.994  -44.994  -44.994  -44.994  -44.953  -44.953  -44.952  -44.952  -44.931  -44.931
  -44.930  -44.930  -34.507  -34.507  -32.064  -32.064  -31.948  -31.948  -12.063  -12.063
  -11.076  -11.076   -3.251   -3.251   -0.167   -0.167   -0.057   -0.054    0.178    0.178
    0.796    0.825    1.016    1.044    1.829    1.829    4.720    4.727    4.920    4.925
    5.012    5.014    5.148    5.151    6.736    6.736    7.375    7.376    7.993    7.993
    9.111    9.111   10.693   10.693   11.161   11.161   12.468   12.469   13.009   13.032
            0.033980  0.058854  0.000000
  -58.746  -58.746  -45.878  -45.878  -45.878  -45.878  -45.829  -45.829  -45.829  -45.829
  -44.994  -44.994  -44.994  -44.994  -44.953  -44.953  -44.952  -44.952  -44.931  -44.931
  -44.930  -44.930  -34.508  -34.507  -32.064  -32.064  -31.950  -31.950  -12.047  -12.047
  -11.067  -11.067   -3.231   -3.231   -0.209   -0.209   -0.054   -0.046    0.130    0.134
    0.772    0.818    1.026    1.069    1.823    1.824    4.686    4.696    4.857    4.866
    5.017    5.020    5.111    5.113    6.775    6.775    7.400    7.400    8.065    8.066
    9.146    9.147   10.792   10.793   11.187   11.187   12.399   12.400   13.037   13.066
            0.040776  0.070625  0.000000
  -58.746  -58.746  -45.878  -45.878  -45.878  -45.878  -45.829  -45.829  -45.829  -45.829
  -44.994  -44.994  -44.994  -44.994  -44.953  -44.953  -44.952  -44.952  -44.931  -44.931
  -44.930  -44.930  -34.508  -34.508  -32.064  -32.064  -31.953  -31.952  -12.027  -12.026
  -11.056  -11.056   -3.206   -3.206   -0.260   -0.259   -0.060   -0.043    0.086    0.098
    0.737    0.799    1.039    1.098    1.816    1.817    4.641    4.657    4.784    4.795
    5.022    5.028    5.077    5.083    6.819    6.819    7.429    7.429    8.149    8.150
    9.191    9.191   10.905   10.905   11.222   11.222   12.325   12.325   13.064   13.095
            0.047571  0.082396  0.000000
  -58.745  -58.745  -45.878  -45.878  -45.878  -45.878  -45.829  -45.829  -45.829  -45.829
  -44.994  -44.994  -44.994  -44.994  -44.953  -44.953  -44.952  -44.952  -44.931  -44.931
  -44.930  -44.930  -34.510  -34.509  -32.065  -32.065  -31.955  -31.955  -12.003  -12.003
  -11.043  -11.043   -3.177   -3.176   -0.319   -0.318   -0.089   -0.061    0.061    0.084
    0.693    0.768    1.057    1.129    1.807    1.807    4.589    4.609    4.702    4.717
    4.996    5.017    5.070    5.090    6.866    6.867    7.463    7.463    8.241    8.242
    9.245    9.246   11.020   11.021   11.271   11.272   12.247   12.247   13.090   13.122
            0.054367  0.094167  0.000000
  -58.745  -58.745  -45.878  -45.878  -45.878  -45.878  -45.829  -45.829  -45.829  -45.829
  -44.994  -44.994  -44.994  -44.994  -44.953  -44.953  -44.952  -44.952  -44.931  -44.931
  -44.930  -44.930  -34.511  -34.511  -32.065  -32.065  -31.959  -31.958  -11.976  -11.975
  -11.028  -11.028   -3.144   -3.143   -0.386   -0.383   -0.138   -0.107    0.065    0.091
    0.641    0.725    1.075    1.160    1.795    1.796    4.533    4.558    4.617    4.634
    4.952    4.976    5.098    5.119    6.916    6.917    7.502    7.502    8.340    8.341
    9.309    9.311   11.123   11.125   11.348   11.348   12.168   12.169   13.115   13.148
            0.061163  0.105938  0.000000
  -58.745  -58.745  -45.878  -45.878  -45.877  -45.877  -45.829  -45.829  -45.829  -45.829
  -44.994  -44.994  -44.994  -44.993  -44.953  -44.953  -44.952  -44.952  -44.931  -44.931
  -44.930  -44.930  -34.512  -34.512  -32.066  -32.066  -31.962  -31.961  -11.945  -11.945
  -11.012  -11.012   -3.107   -3.106   -0.458   -0.455   -0.199   -0.167    0.085    0.111
    0.580    0.673    1.093    1.189    1.780    1.781    4.476    4.505    4.530    4.550
    4.902    4.928    5.135    5.158    6.969    6.969    7.545    7.546    8.441    8.442
    9.385    9.387   11.202   11.203   11.459   11.459   12.089   12.091   13.138   13.173
            0.067959  0.117709  0.000000
  -58.744  -58.744  -45.878  -45.878  -45.877  -45.877  -45.829  -45.829  -45.829  -45.828
  -44.994  -44.994  -44.993  -44.993  -44.953  -44.953  -44.952  -44.952  -44.931  -44.931
  -44.930  -44.930  -34.514  -34.514  -32.067  -32.066  -31.966  -31.965  -11.912  -11.911
  -10.993  -10.993   -3.066   -3.065   -0.536   -0.532   -0.266   -0.234    0.111    0.138
    0.511    0.610    1.110    1.215    1.762    1.764    4.420    4.438    4.458    4.466
    4.847    4.877    5.178    5.202    7.024    7.025    7.593    7.594    8.544    8.545
    9.471    9.474   11.261   11.263   11.594   11.595   12.012   12.015   13.158   13.196
            0.074755  0.129480  0.000000
  -58.743  -58.743  -45.878  -45.878  -45.877  -45.877  -45.829  -45.829  -45.829  -45.828
  -44.994  -44.994  -44.993  -44.993  -44.953  -44.953  -44.952  -44.952  -44.931  -44.931
  -44.930  -44.930  -34.516  -34.515  -32.067  -32.067  -31.970  -31.969  -11.875  -11.874
  -10.973  -10.973   -3.023   -3.022   -0.619   -0.614   -0.334   -0.303    0.141    0.170
    0.435    0.539    1.124    1.238    1.741    1.742    4.354    4.367    4.385    4.410
    4.790    4.823    5.226    5.250    7.082    7.083    7.646    7.647    8.645    8.646
    9.570    9.574   11.313   11.315   11.732   11.738   11.940   11.943   13.173   13.214
            0.081551  0.141251  0.000000
  -58.743  -58.743  -45.878  -45.877  -45.877  -45.877  -45.829  -45.829  -45.829  -45.828
  -44.994  -44.994  -44.993  -44.993  -44.953  -44.953  -44.952  -44.952  -44.931  -44.931
  -44.930  -44.930  -34.518  -34.517  -32.068  -32.068  -31.974  -31.973  -11.835  -11.833
  -10.951  -10.951   -2.976   -2.975   -0.706   -0.700   -0.404   -0.373    0.174    0.205
    0.352    0.459    1.136    1.258    1.716    1.717    4.272    4.303    4.323    4.368
    4.730    4.768    5.277    5.302    7.144    7.144    7.703    7.704    8.745    8.745
    9.679    9.684   11.361   11.364   11.822   11.840   11.910   11.913   13.109   13.130
            0.088347  0.153021  0.000000
  -58.742  -58.742  -45.877  -45.877  -45.877  -45.877  -45.829  -45.829  -45.828  -45.828
  -44.994  -44.993  -44.993  -44.993  -44.953  -44.953  -44.952  -44.952  -44.931  -44.931
  -44.930  -44.930  -34.520  -34.519  -32.069  -32.069  -31.979  -31.977  -11.792  -11.790
  -10.928  -10.927   -2.927   -2.925   -0.795   -0.790   -0.474   -0.443    0.208    0.242
    0.263    0.371    1.144    1.274    1.688    1.688    4.195    4.231    4.282    4.332
    4.669    4.711    5.329    5.355    7.208    7.209    7.764    7.765    8.841    8.842
    9.799    9.804   11.408   11.411   11.774   11.790   12.007   12.013   13.003   13.031
            0.095143  0.164792  0.000000
  -58.742  -58.742  -45.877  -45.877  -45.877  -45.877  -45.829  -45.829  -45.828  -45.828
  -44.993  -44.993  -44.993  -44.993  -44.953  -44.953  -44.952  -44.952  -44.931  -44.931
  -44.930  -44.930  -34.522  -34.521  -32.071  -32.070  -31.984  -31.981  -11.746  -11.744
  -10.903  -10.902   -2.876   -2.873   -0.887   -0.881   -0.543   -0.514    0.168    0.243
    0.271    0.285    1.149    1.285    1.655    1.657    4.123    4.162    4.248    4.302
    4.607    4.654    5.384    5.409    7.276    7.276    7.830    7.831    8.935    8.936
    9.926    9.931   11.453   11.458   11.708   11.726   12.087   12.100   12.941   12.974
            0.101939  0.176563  0.000000
  -58.741  -58.741  -45.877  -45.877  -45.877  -45.877  -45.829  -45.829  -45.828  -45.828
  -44.993  -44.993  -44.993  -44.993  -44.953  -44.953  -44.952  -44.952  -44.931  -44.931
  -44.930  -44.930  -34.524  -34.523  -32.072  -32.071  -31.988  -31.985  -11.698  -11.695
  -10.876  -10.876   -2.824   -2.820   -0.979   -0.974   -0.612   -0.584    0.069    0.173
    0.277    0.319    1.151    1.293    1.619    1.623    4.057    4.098    4.222    4.280
    4.547    4.598    5.439    5.464    7.347    7.347    7.900    7.901    9.027    9.028
   10.057   10.062   11.495   11.502   11.644   11.665   12.123   12.139   12.935   12.973
            0.108735  0.188334  0.000000
  -58.740  -58.740  -45.877  -45.877  -45.877  -45.877  -45.829  -45.829  -45.828  -45.828
  -44.993  -44.993  -44.993  -44.993  -44.953  -44.953  -44.952  -44.952  -44.931  -44.931
  -44.930  -44.930  -34.527  -34.525  -32.074  -32.073  -31.993  -31.990  -11.647  -11.644
  -10.848  -10.848   -2.771   -2.766   -1.071   -1.067   -0.679   -0.654   -0.034    0.067
    0.309    0.357    1.148    1.296    1.579    1.587    3.996    4.040    4.203    4.265
    4.488    4.544    5.494    5.519    7.421    7.422    7.973    7.975    9.117    9.118
   10.190   10.194   11.524   11.541   11.592   11.610   12.117   12.132   12.984   13.021
            0.115531  0.200105  0.000000
  -58.740  -58.740  -45.877  -45.877  -45.877  -45.877  -45.829  -45.829  -45.828  -45.828
  -44.993  -44.993  -44.993  -44.993  -44.953  -44.953  -44.952  -44.952  -44.931  -44.931
  -44.930  -44.930  -34.529  -34.527  -32.075  -32.074  -31.998  -31.994  -11.593  -11.590
  -10.819  -10.819   -2.718   -2.711   -1.163   -1.160   -0.746   -0.724   -0.139   -0.044
    0.339    0.393    1.142    1.295    1.538    1.550    3.942    3.985    4.192    4.256
    4.433    4.493    5.549    5.573    7.500    7.500    8.051    8.053    9.206    9.208
   10.319   10.320   11.507   11.553   11.581   11.584   12.087   12.099   13.069   13.082
            0.122327  0.211876  0.000000
  -58.739  -58.739  -45.877  -45.877  -45.877  -45.877  -45.829  -45.829  -45.828  -45.828
  -44.993  -44.993  -44.993  -44.993  -44.953  -44.953  -44.952  -44.952  -44.931  -44.931
  -44.930  -44.930  -34.532  -34.529  -32.077  -32.076  -32.003  -31.998  -11.538  -11.534
  -10.789  -10.788   -2.665   -2.658   -1.252   -1.250   -0.811   -0.794   -0.244   -0.157
    0.363    0.425    1.131    1.290    1.496    1.513    3.892    3.935    4.189    4.253
    4.384    4.448    5.603    5.626    7.581    7.581    8.132    8.134    9.295    9.297
   10.434   10.438   11.467   11.521   11.597   11.598   12.054   12.061   13.058   13.085
            0.129122  0.223647  0.000000
  -58.738  -58.738  -45.877  -45.877  -45.877  -45.877  -45.829  -45.829  -45.828  -45.828
  -44.993  -44.993  -44.993  -44.993  -44.953  -44.953  -44.952  -44.952  -44.931  -44.931
  -44.930  -44.930  -34.534  -34.531  -32.079  -32.078  -32.008  -32.002  -11.481  -11.475
  -10.757  -10.757   -2.615   -2.606   -1.338   -1.337   -0.877   -0.867   -0.348   -0.271
    0.381    0.452    1.116    1.280    1.455    1.479    3.848    3.888    4.192    4.255
    4.340    4.409    5.655    5.677    7.666    7.667    8.217    8.219    9.385    9.387
   10.526   10.535   11.440   11.504   11.598   11.603   12.032   12.035   13.028   13.048
            0.135918  0.235418  0.000000
  -58.737  -58.737  -45.877  -45.877  -45.877  -45.877  -45.829  -45.829  -45.828  -45.828
  -44.993  -44.993  -44.993  -44.993  -44.953  -44.953  -44.952  -44.952  -44.931  -44.931
  -44.930  -44.930  -34.537  -34.534  -32.082  -32.080  -32.012  -32.006  -11.421  -11.415
  -10.725  -10.724   -2.569   -2.558   -1.420   -1.416   -0.942   -0.942   -0.448   -0.384
    0.390    0.470    1.097    1.266    1.417    1.450    3.809    3.844    4.203    4.260
    4.304    4.379    5.704    5.725    7.754    7.756    8.306    8.307    9.476    9.478
   10.584   10.598   11.440   11.514   11.585   11.591   12.027   12.029   13.002   13.018
            0.142714  0.247188  0.000000
  -58.736  -58.736  -45.877  -45.877  -45.877  -45.877  -45.829  -45.829  -45.828  -45.828
  -44.993  -44.993  -44.993  -44.993  -44.953  -44.953  -44.953  -44.952  -44.931  -44.931
  -44.930  -44.930  -34.540  -34.536  -32.084  -32.083  -32.017  -32.010  -11.361  -11.354
  -10.692  -10.691   -2.529   -2.515   -1.495   -1.487   -1.021   -1.009   -0.542   -0.495
    0.389    0.479    1.074    1.247    1.384    1.427    3.775    3.802    4.219    4.264
    4.276    4.362    5.751    5.770    7.846    7.848    8.397    8.398    9.568    9.571
   10.601   10.618   11.473   11.557   11.561   11.566   12.036   12.040   12.985   12.997
            0.149510  0.258959  0.000000
  -58.736  -58.736  -45.877  -45.877  -45.877  -45.877  -45.829  -45.829  -45.828  -45.828
  -44.993  -44.993  -44.993  -44.993  -44.953  -44.953  -44.953  -44.952  -44.931  -44.931
  -44.930  -44.930  -34.542  -34.538  -32.086  -32.086  -32.021  -32.014  -11.299  -11.291
  -10.658  -10.657   -2.497   -2.481   -1.560   -1.549   -1.106   -1.079   -0.627   -0.599
    0.377    0.475    1.049    1.222    1.358    1.413    3.746    3.765    4.240    4.256
    4.264    4.360    5.795    5.812    7.942    7.944    8.491    8.492    9.661    9.664
   10.579   10.594   11.509   11.535   11.564   11.629   12.055   12.062   12.978   12.989
            0.156306  0.270730  0.000000
  -58.735  -58.735  -45.877  -45.877  -45.877  -45.877  -45.829  -45.829  -45.828  -45.828
  -44.993  -44.993  -44.993  -44.993  -44.953  -44.953  -44.953  -44.952  -44.931  -44.931
  -44.930  -44.929  -34.545  -34.541  -32.089  -32.088  -32.025  -32.018  -11.236  -11.227
  -10.624  -10.623   -2.475   -2.457   -1.613   -1.598   -1.197   -1.153   -0.703   -0.696
    0.352    0.457    1.021    1.193    1.340    1.408    3.722    3.731    4.240    4.259
    4.268    4.373    5.835    5.851    8.040    8.044    8.588    8.589    9.755    9.759
   10.525   10.537   11.489   11.505   11.646   11.718   12.081   12.090   12.981   12.993
            0.163102  0.282501  0.000000
  -58.734  -58.734  -45.877  -45.877  -45.877  -45.877  -45.829  -45.829  -45.828  -45.828
  -44.993  -44.993  -44.993  -44.992  -44.953  -44.953  -44.953  -44.952  -44.931  -44.931
  -44.930  -44.929  -34.548  -34.543  -32.092  -32.092  -32.029  -32.021  -11.172  -11.162
  -10.589  -10.588   -2.466   -2.446   -1.651   -1.632   -1.293   -1.234   -0.781   -0.767
    0.315    0.425    0.991    1.158    1.330    1.411    3.704    3.706    4.232    4.254
    4.298    4.396    5.872    5.885    8.142    8.146    8.687    8.688    9.849    9.855
   10.450   10.457   11.464   11.478   11.744   11.812   12.111   12.119   12.990   13.010
            0.169898  0.294272  0.000000
  -58.733  -58.733  -45.877  -45.877  -45.877  -45.877  -45.829  -45.829  -45.828  -45.828
  -44.993  -44.992  -44.992  -44.992  -44.953  -44.953  -44.953  -44.952  -44.931  -44.931
  -44.930  -44.929  -34.551  -34.545  -32.095  -32.094  -32.032  -32.025  -11.107  -11.096
  -10.554  -10.552   -2.471   -2.450   -1.674   -1.651   -1.394   -1.321   -0.855   -0.822
    0.268    0.378    0.959    1.120    1.328    1.420    3.685    3.697    4.229    4.250
    4.332    4.425    5.906    5.917    8.246    8.252    8.789    8.789    9.940    9.951
   10.363   10.363   11.445   11.459   11.840   11.893   12.142   12.150   12.985   13.013
            0.176694  0.306043  0.000000
  -58.733  -58.733  -45.877  -45.877  -45.877  -45.877  -45.829  -45.829  -45.828  -45.828
  -44.993  -44.992  -44.992  -44.992  -44.953  -44.953  -44.953  -44.952  -44.931  -44.931
  -44.930  -44.929  -34.554  -34.547  -32.099  -32.097  -32.035  -32.028  -11.043  -11.030
  -10.518  -10.517   -2.488   -2.467   -1.685   -1.656   -1.494   -1.414   -0.916   -0.868
    0.210    0.319    0.924    1.078    1.331    1.434    3.673    3.696    4.229    4.249
    4.369    4.457    5.936    5.944    8.353    8.360    8.892    8.892   10.017   10.041
   10.267   10.282   11.434   11.447   11.917   11.945   12.176   12.181   12.892   12.910
            0.183490  0.317814  0.000000
  -58.732  -58.732  -45.877  -45.877  -45.877  -45.877  -45.829  -45.829  -45.828  -45.828
  -44.993  -44.992  -44.992  -44.992  -44.953  -44.953  -44.953  -44.952  -44.931  -44.931
  -44.930  -44.929  -34.556  -34.549  -32.102  -32.100  -32.038  -32.031  -10.978  -10.964
  -10.483  -10.482   -2.515   -2.497   -1.696   -1.651   -1.581   -1.509   -0.965   -0.905
    0.144    0.249    0.887    1.033    1.340    1.452    3.671    3.704    4.231    4.250
    4.407    4.492    5.963    5.968    8.462    8.471    8.997    8.997   10.035   10.081
   10.216   10.253   11.432   11.445   11.948   11.959   12.210   12.213   12.795   12.802
            0.190286  0.329585  0.000000
  -58.731  -58.731  -45.877  -45.877  -45.877  -45.876  -45.829  -45.829  -45.828  -45.828
  -44.992  -44.992  -44.992  -44.992  -44.953  -44.953  -44.953  -44.952  -44.931  -44.931
  -44.930  -44.929  -34.559  -34.552  -32.106  -32.102  -32.041  -32.034  -10.914  -10.899
  -10.448  -10.446   -2.549   -2.534   -1.751   -1.658   -1.615   -1.587   -1.004   -0.935
    0.072    0.172    0.848    0.984    1.353    1.473    3.680    3.721    4.234    4.253
    4.447    4.527    5.988    5.988    8.572    8.584    9.102    9.103    9.964   10.003
   10.281   10.310   11.438   11.450   11.891   11.945   12.243   12.248   12.732   12.759
            0.197082  0.341355  0.000000
  -58.730  -58.730  -45.877  -45.877  -45.877  -45.876  -45.829  -45.829  -45.828  -45.828
  -44.992  -44.992  -44.992  -44.992  -44.953  -44.953  -44.953  -44.952  -44.931  -44.931
  -44.930  -44.929  -34.562  -34.554  -32.109  -32.105  -32.044  -32.037  -10.851  -10.834
  -10.413  -10.412   -2.587   -2.575   -1.845   -1.733   -1.604   -1.591   -1.035   -0.959
   -0.007    0.087    0.805    0.934    1.369    1.495    3.697    3.746    4.237    4.256
    4.486    4.562    6.006    6.010    8.682    8.697    9.209    9.210    9.862    9.897
   10.373   10.394   11.453   11.465   11.786   11.872   12.279   12.286   12.720   12.775
            0.203878  0.353126  0.000000
  -58.730  -58.730  -45.877  -45.876  -45.876  -45.876  -45.829  -45.829  -45.828  -45.828
  -44.992  -44.992  -44.992  -44.992  -44.954  -44.953  -44.953  -44.952  -44.931  -44.931
  -44.930  -44.929  -34.564  -34.555  -32.113  -32.107  -32.046  -32.040  -10.788  -10.770
  -10.379  -10.377   -2.626   -2.618   -1.945   -1.831   -1.580   -1.569   -1.059   -0.976
   -0.090   -0.003    0.760    0.880    1.388    1.519    3.724    3.778    4.241    4.262
    4.525    4.597    6.022    6.030    8.790    8.809    9.317    9.318    9.754    9.790
   10.464   10.481   11.476   11.488   11.661   11.761   12.319   12.330   12.752   12.821
            0.210673  0.364897  0.000000
  -58.729  -58.729  -45.877  -45.876  -45.876  -45.876  -45.829  -45.829  -45.828  -45.828
  -44.992  -44.992  -44.992  -44.992  -44.954  -44.953  -44.953  -44.952  -44.931  -44.931
  -44.929  -44.929  -34.567  -34.557  -32.116  -32.109  -32.049  -32.043  -10.728  -10.707
  -10.346  -10.344   -2.664   -2.660   -2.044   -1.929   -1.553   -1.543   -1.076   -0.988
   -0.177   -0.097    0.712    0.824    1.409    1.544    3.759    3.814    4.244    4.269
    4.563    4.630    6.037    6.049    8.892    8.915    9.425    9.426    9.651    9.692
   10.547   10.557   11.507   11.520   11.540   11.641   12.366   12.380   12.808   12.881
            0.217469  0.376668  0.000000
  -58.728  -58.728  -45.877  -45.876  -45.876  -45.876  -45.829  -45.829  -45.828  -45.828
  -44.992  -44.992  -44.992  -44.992  -44.954  -44.953  -44.953  -44.952  -44.931  -44.931
  -44.929  -44.929  -34.569  -34.559  -32.120  -32.111  -32.051  -32.046  -10.668  -10.646
  -10.313  -10.311   -2.699   -2.698   -2.141   -2.025   -1.525   -1.517   -1.088   -0.995
   -0.267   -0.195    0.663    0.767    1.433    1.571    3.799    3.852    4.249    4.281
    4.598    4.660    6.050    6.068    8.979    9.007    9.533    9.534    9.565    9.612
   10.610   10.611   11.447   11.532   11.553   11.560   12.419   12.436   12.875   12.947
            0.224265  0.388439  0.000000
  -58.728  -58.728  -45.877  -45.876  -45.876  -45.876  -45.829  -45.829  -45.828  -45.828
  -44.992  -44.992  -44.992  -44.992  -44.954  -44.953  -44.953  -44.952  -44.931  -44.931
  -44.929  -44.929  -34.571  -34.561  -32.123  -32.113  -32.053  -32.049  -10.611  -10.587
  -10.282  -10.280   -2.734   -2.728   -2.235   -2.118   -1.499   -1.493   -1.094   -0.997
   -0.360   -0.296    0.612    0.708    1.459    1.601    3.840    3.887    4.257    4.300
    4.629    4.686    6.064    6.087    9.035    9.066    9.511    9.563    9.643    9.643
   10.624   10.643   11.402   11.471   11.596   11.607   12.480   12.499   12.946   13.014
            0.231061  0.400210  0.000000
  -58.727  -58.727  -45.877  -45.876  -45.876  -45.876  -45.829  -45.829  -45.828  -45.828
  -44.992  -44.992  -44.992  -44.992  -44.954  -44.953  -44.953  -44.952  -44.931  -44.930
  -44.929  -44.929  -34.573  -34.562  -32.126  -32.115  -32.055  -32.052  -10.556  -10.531
  -10.252  -10.249   -2.764   -2.753   -2.323   -2.207   -1.476   -1.471   -1.096   -0.995
   -0.454   -0.399    0.559    0.647    1.489    1.632    3.876    3.912    4.271    4.330
    4.657    4.709    6.078    6.107    9.044    9.067    9.515    9.563    9.751    9.751
   10.596   10.636   11.416   11.460   11.650   11.661   12.547   12.570   13.018   13.081
            0.237857  0.411981  0.000000
  -58.727  -58.727  -45.877  -45.876  -45.876  -45.876  -45.829  -45.829  -45.828  -45.828
  -44.992  -44.992  -44.992  -44.992  -44.954  -44.953  -44.953  -44.952  -44.931  -44.930
  -44.929  -44.929  -34.575  -34.564  -32.129  -32.116  -32.057  -32.054  -10.504  -10.477
  -10.223  -10.220   -2.787   -2.771   -2.407   -2.290   -1.455   -1.453   -1.093   -0.988
   -0.550   -0.503    0.506    0.586    1.522    1.667    3.902    3.925    4.297    4.375
    4.680    4.727    6.093    6.128    9.007    9.017    9.565    9.606    9.859    9.859
   10.542   10.595   11.479   11.500   11.711   11.722   12.622   12.647   13.089   13.145
            0.244653  0.423752  0.000000
  -58.726  -58.726  -45.877  -45.876  -45.876  -45.876  -45.829  -45.829  -45.828  -45.828
  -44.992  -44.992  -44.992  -44.992  -44.954  -44.953  -44.953  -44.952  -44.931  -44.930
  -44.929  -44.929  -34.577  -34.565  -32.131  -32.117  -32.059  -32.057  -10.455  -10.426
  -10.195  -10.193   -2.804   -2.782   -2.486   -2.369   -1.439   -1.438   -1.087   -0.978
   -0.646   -0.609    0.452    0.524    1.557    1.705    3.912    3.922    4.338    4.433
    4.699    4.740    6.111    6.151    8.943    8.945    9.625    9.664    9.966    9.967
   10.490   10.545   11.574   11.579   11.778   11.788   12.701   12.730   13.157   13.207
            0.251449  0.435522  0.000000
  -58.726  -58.726  -45.877  -45.876  -45.876  -45.876  -45.829  -45.829  -45.828  -45.828
  -44.992  -44.992  -44.992  -44.991  -44.954  -44.953  -44.953  -44.952  -44.931  -44.930
  -44.929  -44.929  -34.579  -34.566  -32.134  -32.118  -32.061  -32.060  -10.409  -10.378
  -10.170  -10.167   -2.813   -2.786   -2.559   -2.441   -1.427   -1.427   -1.078   -0.965
   -0.742   -0.714    0.399    0.462    1.596    1.745    3.906    3.907    4.394    4.502
    4.712    4.749    6.130    6.176    8.862    8.874    9.665    9.709   10.072   10.074
   10.465   10.513   11.681   11.687   11.849   11.858   12.785   12.816   13.222   13.264
            0.258245  0.447293  0.000000
  -58.725  -58.725  -45.877  -45.876  -45.876  -45.876  -45.829  -45.829  -45.828  -45.828
  -44.992  -44.992  -44.992  -44.991  -44.954  -44.953  -44.953  -44.952  -44.931  -44.930
  -44.929  -44.929  -34.581  -34.567  -32.136  -32.118  -32.063  -32.063  -10.366  -10.334
  -10.146  -10.143   -2.815   -2.781   -2.626   -2.508   -1.420   -1.420   -1.066   -0.949
   -0.836   -0.819    0.345    0.401    1.637    1.788    3.881    3.885    4.461    4.579
    4.721    4.752    6.151    6.202    8.783    8.803    9.666    9.719   10.177   10.181
   10.487   10.521   11.798   11.812   11.922   11.930   12.869   12.903   13.278   13.315
            0.265041  0.459064  0.000000
  -58.725  -58.725  -45.877  -45.876  -45.876  -45.876  -45.829  -45.829  -45.828  -45.828
  -44.992  -44.992  -44.991  -44.991  -44.954  -44.953  -44.953  -44.952  -44.931  -44.930
  -44.929  -44.929  -34.582  -34.568  -32.137  -32.118  -32.065  -32.065  -10.327  -10.293
  -10.124  -10.121   -2.810   -2.769   -2.686   -2.569   -1.419   -1.418   -1.052   -0.946
   -0.922   -0.910    0.294    0.341    1.680    1.834    3.848    3.853    4.535    4.660
    4.724    4.752    6.173    6.230    8.709    8.736    9.626    9.688   10.280   10.286
   10.557   10.577   11.922   11.943   11.996   12.002   12.949   12.985   13.322   13.355
            0.271837  0.470835  0.000000
  -58.725  -58.725  -45.877  -45.876  -45.876  -45.876  -45.829  -45.829  -45.829  -45.828
  -44.992  -44.992  -44.991  -44.991  -44.954  -44.953  -44.953  -44.952  -44.931  -44.930
  -44.929  -44.929  -34.583  -34.569  -32.139  -32.118  -32.068  -32.067  -10.292  -10.256
  -10.104  -10.101   -2.798   -2.748   -2.739   -2.623   -1.426   -1.423   -1.039   -1.020
   -1.018   -0.901    0.244    0.282    1.724    1.880    3.809    3.814    4.611    4.724
    4.738    4.752    6.197    6.258    8.644    8.676    9.559    9.626   10.382   10.390
   10.664   10.673   12.042   12.065   12.074   12.080   13.014   13.048   13.344   13.378
            0.278633  0.482606  0.000000
  -58.724  -58.724  -45.877  -45.876  -45.876  -45.876  -45.829  -45.829  -45.829  -45.828
  -44.992  -44.991  -44.991  -44.991  -44.954  -44.953  -44.953  -44.952  -44.931  -44.930
  -44.929  -44.929  -34.584  -34.570  -32.140  -32.117  -32.071  -32.068  -10.261  -10.224
  -10.086  -10.083   -2.801   -2.763   -2.719   -2.671   -1.443   -1.437   -1.112   -1.096
   -1.019   -0.878    0.196    0.225    1.768    1.927    3.766    3.770    4.681    4.726
    4.738    4.824    6.222    6.286    8.587    8.626    9.476    9.544   10.482   10.492
   10.794   10.794   12.116   12.124   12.189   12.211   13.049   13.072   13.330   13.371
            0.285429  0.494377  0.000000
  -58.724  -58.724  -45.877  -45.876  -45.876  -45.876  -45.829  -45.829  -45.829  -45.828
  -44.992  -44.991  -44.991  -44.991  -44.954  -44.953  -44.953  -44.952  -44.931  -44.930
  -44.929  -44.929  -34.585  -34.570  -32.141  -32.116  -32.074  -32.070  -10.234  -10.195
  -10.070  -10.067   -2.837   -2.740   -2.717   -2.677   -1.475   -1.466   -1.188   -1.159
   -1.003   -0.853    0.151    0.171    1.810    1.974    3.723    3.723    4.704    4.729
    4.769    4.901    6.247    6.314    8.543    8.586    9.387    9.453   10.579   10.591
   10.931   10.937   12.162   12.165   12.314   12.339   13.045   13.055   13.279   13.328
            0.292224  0.506148  0.000000
  -58.724  -58.724  -45.877  -45.876  -45.876  -45.876  -45.829  -45.829  -45.829  -45.827
  -44.992  -44.991  -44.991  -44.991  -44.954  -44.953  -44.953  -44.952  -44.931  -44.930
  -44.929  -44.929  -34.586  -34.571  -32.142  -32.115  -32.076  -32.071  -10.210  -10.170
  -10.056  -10.054   -2.873   -2.752   -2.705   -2.632   -1.522   -1.516   -1.243   -1.206
   -0.986   -0.828    0.111    0.122    1.851    2.018    3.677    3.680    4.698    4.717
    4.834    4.971    6.270    6.340    8.511    8.560    9.295    9.359   10.672   10.686
   11.075   11.087   12.185   12.186   12.431   12.455   13.021   13.024   13.208   13.255
            0.299020  0.517919  0.000000
  -58.724  -58.724  -45.877  -45.876  -45.876  -45.876  -45.829  -45.829  -45.829  -45.827
  -44.992  -44.991  -44.991  -44.991  -44.954  -44.953  -44.953  -44.952  -44.931  -44.930
  -44.929  -44.929  -34.587  -34.571  -32.142  -32.114  -32.079  -32.073  -10.191  -10.150
  -10.045  -10.042   -2.903   -2.781   -2.664   -2.580   -1.585   -1.581   -1.278   -1.238
   -0.970   -0.803    0.075    0.077    1.888    2.060    3.632    3.639    4.688    4.705
    4.894    5.034    6.293    6.364    8.493    8.547    9.205    9.265   10.759   10.775
   11.220   11.238   12.185   12.188   12.529   12.551   12.997   12.998   13.138   13.177
            0.305816  0.529689  0.000000
  -58.724  -58.724  -45.877  -45.876  -45.876  -45.876  -45.829  -45.829  -45.829  -45.827
  -44.992  -44.991  -44.991  -44.991  -44.954  -44.953  -44.953  -44.952  -44.931  -44.930
  -44.929  -44.929  -34.588  -34.572  -32.143  -32.113  -32.081  -32.074  -10.175  -10.134
  -10.036  -10.033   -2.927   -2.805   -2.618   -2.520   -1.665   -1.647   -1.300   -1.259
   -0.957   -0.781    0.038    0.045    1.921    2.096    3.592    3.603    4.677    4.693
    4.945    5.087    6.312    6.385    8.489    8.550    9.118    9.172   10.837   10.855
   11.361   11.385   12.168   12.172   12.597   12.615   12.978   12.982   13.086   13.113
            0.312612  0.541460  0.000000
  -58.723  -58.723  -45.877  -45.876  -45.876  -45.876  -45.829  -45.829  -45.829  -45.827
  -44.992  -44.991  -44.991  -44.991  -44.954  -44.953  -44.952  -44.952  -44.931  -44.930
  -44.929  -44.929  -34.588  -34.572  -32.143  -32.112  -32.084  -32.075  -10.164  -10.121
  -10.029  -10.026   -2.945   -2.823   -2.573   -2.458   -1.747   -1.711   -1.313   -1.273
   -0.945   -0.761    0.006    0.021    1.947    2.126    3.558    3.573    4.668    4.683
    4.985    5.129    6.328    6.403    8.499    8.567    9.036    9.083   10.904   10.924
   11.490   11.518   12.142   12.148   12.625   12.642   12.966   12.969   13.058   13.069
            0.319408  0.553231  0.000000
  -58.723  -58.723  -45.877  -45.876  -45.876  -45.876  -45.829  -45.829  -45.829  -45.827
  -44.992  -44.991  -44.991  -44.991  -44.954  -44.953  -44.952  -44.952  -44.931  -44.930
  -44.929  -44.929  -34.588  -34.572  -32.143  -32.110  -32.086  -32.075  -10.155  -10.113
  -10.024  -10.021   -2.958   -2.835   -2.531   -2.396   -1.823   -1.767   -1.322   -1.282
   -0.937   -0.747   -0.018    0.004    1.966    2.149    3.533    3.551    4.660    4.674
    5.015    5.159    6.341    6.416    8.521    8.598    8.963    9.002   10.955   10.977
   11.595   11.627   12.118   12.125   12.624   12.644   12.957   12.959   13.036   13.044
            0.326204  0.565002  0.000000
  -58.723  -58.723  -45.877  -45.876  -45.876  -45.876  -45.829  -45.829  -45.829  -45.827
  -44.992  -44.991  -44.991  -44.991  -44.954  -44.953  -44.952  -44.952  -44.931  -44.930
  -44.929  -44.929  -34.589  -34.572  -32.143  -32.109  -32.087  -32.076  -10.151  -10.108
  -10.021  -10.018   -2.965   -2.843   -2.500   -2.346   -1.883   -1.806   -1.327   -1.288
   -0.932   -0.738   -0.032   -0.007    1.978    2.163    3.517    3.537    4.654    4.668
    5.032    5.178    6.348    6.424    8.547    8.634    8.906    8.934   10.987   11.011
   11.664   11.699   12.102   12.109   12.617   12.644   12.946   12.954   13.010   13.029
            0.333000  0.576773  0.000000
  -58.723  -58.723  -45.877  -45.876  -45.876  -45.876  -45.829  -45.829  -45.829  -45.827
  -44.992  -44.991  -44.991  -44.991  -44.954  -44.953  -44.952  -44.952  -44.931  -44.930
  -44.929  -44.929  -34.589  -34.572  -32.143  -32.109  -32.087  -32.076  -10.149  -10.106
  -10.020  -10.017   -2.968   -2.845   -2.487   -2.324   -1.908   -1.822   -1.329   -1.290
   -0.930   -0.734   -0.037   -0.011    1.982    2.168    3.511    3.532    4.652    4.666
    5.039    5.184    6.351    6.427    8.562    8.656    8.880    8.901   10.999   11.023
   11.689   11.725   12.096   12.103   12.617   12.647   12.939   12.952   12.997   13.020
            0.338759  0.566839  0.000000
  -58.723  -58.723  -45.877  -45.876  -45.876  -45.876  -45.829  -45.829  -45.829  -45.827
  -44.992  -44.991  -44.991  -44.991  -44.954  -44.953  -44.952  -44.952  -44.931  -44.930
  -44.929  -44.929  -34.589  -34.572  -32.143  -32.109  -32.087  -32.076  -10.150  -10.107
  -10.021  -10.018   -2.966   -2.844   -2.496   -2.340   -1.890   -1.811   -1.327   -1.288
   -0.931   -0.736   -0.034   -0.008    1.980    2.164    3.515    3.535    4.654    4.668
    5.034    5.180    6.349    6.425    8.549    8.637    8.900    8.927   10.991   11.015
   11.674   11.709   12.099   12.106   12.613   12.639   12.945   12.955   13.010   13.031
            0.344517  0.556904  0.000000
  -58.723  -58.723  -45.877  -45.876  -45.876  -45.876  -45.829  -45.829  -45.829  -45.827
  -44.992  -44.991  -44.991  -44.991  -44.954  -44.953  -44.952  -44.952  -44.931  -44.930
  -44.929  -44.929  -34.589  -34.572  -32.143  -32.110  -32.086  -32.075  -10.153  -10.110
  -10.023  -10.020   -2.962   -2.839   -2.521   -2.381   -1.846   -1.783   -1.321   -1.282
   -0.934   -0.742   -0.025   -0.002    1.972    2.156    3.525    3.544    4.659    4.673
    5.023    5.168    6.343    6.419    8.515    8.593    8.955    8.992   10.971   10.994
   11.634   11.669   12.104   12.111   12.594   12.610   12.961   12.965   13.050   13.061
            0.350276  0.546970  0.000000
  -58.723  -58.723  -45.877  -45.876  -45.876  -45.876  -45.829  -45.829  -45.829  -45.827
  -44.992  -44.991  -44.991  -44.991  -44.954  -44.953  -44.952  -44.952  -44.931  -44.930
  -44.929  -44.929  -34.588  -34.572  -32.143  -32.111  -32.084  -32.075  -10.158  -10.115
  -10.025  -10.023   -2.954   -2.832   -2.560   -2.437   -1.788   -1.742   -1.307   -1.268
   -0.938   -0.750   -0.011    0.008    1.961    2.142    3.542    3.559    4.668    4.682
    5.005    5.150    6.333    6.408    8.469    8.538    9.035    9.081   10.941   10.963
   11.576   11.611   12.109   12.115   12.559   12.564   12.981   12.984   13.104   13.105
            0.356034  0.537035  0.000000
  -58.723  -58.723  -45.877  -45.876  -45.876  -45.876  -45.829  -45.829  -45.829  -45.827
  -44.992  -44.991  -44.991  -44.991  -44.954  -44.953  -44.953  -44.952  -44.931  -44.930
  -44.929  -44.929  -34.588  -34.572  -32.143  -32.113  -32.082  -32.074  -10.164  -10.122
  -10.029  -10.027   -2.944   -2.823   -2.607   -2.500   -1.728   -1.697   -1.282   -1.244
   -0.943   -0.761    0.007    0.022    1.946    2.125    3.565    3.578    4.681    4.695
    4.981    5.126    6.319    6.394    8.417    8.479    9.132    9.185   10.903   10.924
   11.506   11.541   12.109   12.115   12.508   12.510   13.002   13.008   13.140   13.152
            0.361793  0.527101  0.000000
  -58.724  -58.724  -45.877  -45.876  -45.876  -45.876  -45.829  -45.829  -45.829  -45.827
  -44.992  -44.991  -44.991  -44.991  -44.954  -44.953  -44.953  -44.952  -44.931  -44.930
  -44.929  -44.929  -34.588  -34.572  -32.143  -32.115  -32.080  -32.073  -10.171  -10.130
  -10.034  -10.032   -2.933   -2.812   -2.660   -2.566   -1.675   -1.655   -1.242   -1.205
   -0.947   -0.772    0.027    0.037    1.929    2.104    3.591    3.601    4.698    4.713
    4.952    5.096    6.302    6.375    8.362    8.419    9.242    9.300   10.860   10.880
   11.429   11.464   12.102   12.108   12.445   12.453   13.008   13.022   13.147   13.165
            0.367552  0.517166  0.000000
  -58.724  -58.724  -45.877  -45.876  -45.876  -45.876  -45.829  -45.829  -45.829  -45.827
  -44.992  -44.991  -44.991  -44.991  -44.954  -44.953  -44.953  -44.952  -44.931  -44.930
  -44.929  -44.929  -34.587  -34.572  -32.144  -32.117  -32.077  -32.072  -10.180  -10.140
  -10.040  -10.038   -2.919   -2.799   -2.716   -2.633   -1.634   -1.621   -1.183   -1.150
   -0.951   -0.783    0.049    0.054    1.910    2.082    3.621    3.627    4.720    4.735
    4.919    5.063    6.280    6.352    8.307    8.359    9.362    9.426   10.814   10.832
   11.346   11.382   12.089   12.093   12.380   12.391   12.971   12.996   13.117   13.139
            0.373310  0.507232  0.000000
  -58.724  -58.724  -45.877  -45.876  -45.876  -45.876  -45.829  -45.829  -45.829  -45.827
  -44.992  -44.991  -44.991  -44.991  -44.954  -44.953  -44.953  -44.952  -44.931  -44.930
  -44.929  -44.929  -34.587  -34.572  -32.144  -32.119  -32.075  -32.070  -10.190  -10.150
  -10.047  -10.044   -2.905   -2.786   -2.773   -2.700   -1.607   -1.597   -1.107   -1.078
   -0.951   -0.793    0.072    0.073    1.889    2.059    3.653    3.655    4.747    4.762
    4.882    5.026    6.255    6.325    8.252    8.301    9.492    9.559   10.766   10.783
   11.260   11.297   12.069   12.073   12.313   12.327   12.870   12.903   13.058   13.082
            0.379069  0.497298  0.000000
  -58.724  -58.724  -45.877  -45.876  -45.876  -45.876  -45.829  -45.829  -45.829  -45.827
  -44.992  -44.991  -44.991  -44.991  -44.954  -44.953  -44.953  -44.952  -44.931  -44.930
  -44.929  -44.929  -34.586  -34.571  -32.144  -32.121  -32.072  -32.069  -10.201  -10.162
  -10.054  -10.051   -2.891   -2.828   -2.773   -2.765   -1.593   -1.584   -1.027   -0.991
   -0.937   -0.802    0.091    0.096    1.869    2.035    3.685    3.686    4.778    4.793
    4.844    4.987    6.226    6.295    8.199    8.244    9.628    9.699   10.717   10.733
   11.173   11.211   12.043   12.048   12.245   12.262   12.719   12.753   12.982   13.006
            0.384828  0.487363  0.000000
  -58.724  -58.724  -45.877  -45.876  -45.876  -45.876  -45.829  -45.829  -45.829  -45.828
  -44.992  -44.991  -44.991  -44.991  -44.954  -44.953  -44.953  -44.952  -44.931  -44.930
  -44.929  -44.929  -34.586  -34.571  -32.145  -32.123  -32.069  -32.067  -10.212  -10.174
  -10.061  -10.059   -2.901   -2.858   -2.831   -2.756   -1.586   -1.578   -0.985   -0.897
   -0.872   -0.804    0.110    0.120    1.849    2.011    3.715    3.720    4.790    4.826
    4.828    4.948    6.195    6.262    8.146    8.189    9.770    9.845   10.669   10.684
   11.083   11.123   12.014   12.018   12.177   12.196   12.541   12.573   12.892   12.916
            0.390586  0.477429  0.000000
  -58.724  -58.724  -45.877  -45.876  -45.876  -45.876  -45.829  -45.829  -45.828  -45.828
  -44.992  -44.991  -44.991  -44.991  -44.954  -44.953  -44.953  -44.952  -44.931  -44.930
  -44.929  -44.929  -34.585  -34.571  -32.145  -32.125  -32.066  -32.065  -10.224  -10.187
  -10.069  -10.067   -2.951   -2.894   -2.847   -2.741   -1.586   -1.577   -0.974   -0.837
   -0.766   -0.760    0.129    0.142    1.829    1.988    3.745    3.754    4.752    4.852
    4.865    4.922    6.161    6.226    8.094    8.135    9.916    9.994   10.621   10.635
   10.993   11.034   11.981   11.986   12.109   12.129   12.349   12.377   12.790   12.814
            0.396345  0.467494  0.000000
  -58.724  -58.724  -45.877  -45.876  -45.876  -45.876  -45.829  -45.829  -45.828  -45.828
  -44.992  -44.991  -44.991  -44.991  -44.954  -44.953  -44.953  -44.952  -44.931  -44.930
  -44.929  -44.929  -34.585  -34.571  -32.146  -32.127  -32.063  -32.063  -10.236  -10.200
  -10.077  -10.075   -3.006   -2.954   -2.830   -2.726   -1.589   -1.581   -0.968   -0.831
   -0.654   -0.647    0.147    0.163    1.810    1.966    3.774    3.788    4.709    4.836
    4.913    4.942    6.124    6.187    8.044    8.083   10.063   10.146   10.575   10.589
   10.904   10.947   11.945   11.952   12.041   12.061   12.151   12.176   12.679   12.701
            0.402103  0.457560  0.000000
  -58.724  -58.724  -45.877  -45.876  -45.876  -45.876  -45.829  -45.829  -45.828  -45.828
  -44.992  -44.991  -44.991  -44.991  -44.954  -44.953  -44.953  -44.952  -44.931  -44.930
  -44.929  -44.929  -34.584  -34.571  -32.146  -32.129  -32.060  -32.060  -10.248  -10.214
  -10.086  -10.083   -3.059   -3.013   -2.813   -2.712   -1.595   -1.587   -0.960   -0.831
   -0.535   -0.523    0.164    0.183    1.791    1.945    3.803    3.820    4.665    4.797
    4.967    4.989    6.086    6.147    7.996    8.032   10.208   10.295   10.531   10.545
   10.818   10.862   11.892   11.909   11.964   11.974   11.978   11.993   12.562   12.583
            0.407862  0.447626  0.000000
  -58.724  -58.724  -45.877  -45.876  -45.876  -45.876  -45.829  -45.829  -45.828  -45.828
  -44.992  -44.991  -44.991  -44.991  -44.954  -44.953  -44.953  -44.952  -44.931  -44.930
  -44.929  -44.929  -34.583  -34.571  -32.147  -32.131  -32.058  -32.057  -10.260  -10.228
  -10.094  -10.092   -3.110   -3.068   -2.795   -2.699   -1.602   -1.595   -0.951   -0.829
   -0.412   -0.397    0.182    0.201    1.774    1.925    3.829    3.851    4.621    4.754
    5.026    5.046    6.047    6.105    7.949    7.984   10.336   10.427   10.488   10.508
   10.749   10.788   11.731   11.753   11.877   11.892   11.912   11.923   12.445   12.465
            0.413621  0.437691  0.000000
  -58.725  -58.725  -45.877  -45.876  -45.876  -45.876  -45.829  -45.829  -45.828  -45.828
  -44.992  -44.992  -44.991  -44.991  -44.954  -44.953  -44.953  -44.952  -44.931  -44.930
  -44.929  -44.929  -34.583  -34.571  -32.148  -32.132  -32.056  -32.055  -10.272  -10.242
  -10.103  -10.100   -3.159   -3.121   -2.778   -2.686   -1.611   -1.604   -0.939   -0.825
   -0.288   -0.270    0.199    0.219    1.758    1.906    3.854    3.879    4.578    4.711
    5.089    5.108    6.007    6.062    7.904    7.937   10.403   10.446   10.489   10.491
   10.750   10.754   11.532   11.550   11.813   11.851   11.856   11.865   12.333   12.353
            0.419379  0.427757  0.000000
  -58.725  -58.725  -45.877  -45.876  -45.876  -45.876  -45.829  -45.829  -45.828  -45.828
  -44.992  -44.992  -44.992  -44.991  -44.954  -44.953  -44.953  -44.952  -44.931  -44.930
  -44.929  -44.929  -34.582  -34.571  -32.148  -32.134  -32.054  -32.052  -10.284  -10.255
  -10.111  -10.109   -3.205   -3.171   -2.762   -2.675   -1.620   -1.614   -0.924   -0.819
   -0.164   -0.146    0.219    0.235    1.742    1.888    3.876    3.904    4.537    4.669
    5.157    5.176    5.967    6.018    7.861    7.892   10.385   10.404   10.444   10.465
   10.810   10.853   11.335   11.348   11.744   11.779   11.823   11.828   12.233   12.252
            0.425138  0.417822  0.000000
  -58.725  -58.725  -45.877  -45.876  -45.876  -45.876  -45.829  -45.829  -45.828  -45.828
  -44.992  -44.992  -44.992  -44.991  -44.954  -44.953  -44.953  -44.952  -44.931  -44.930
  -44.929  -44.929  -34.581  -34.571  -32.149  -32.136  -32.051  -32.049  -10.296  -10.268
  -10.119  -10.117   -3.249   -3.218   -2.746   -2.665   -1.630   -1.625   -0.908   -0.811
   -0.043   -0.030    0.245    0.253    1.727    1.870    3.895    3.926    4.498    4.629
    5.229    5.247    5.928    5.975    7.819    7.849   10.340   10.346   10.377   10.402
   10.917   10.986   11.149   11.152   11.677   11.711   11.791   11.795   12.146   12.164
            0.430897  0.407888  0.000000
  -58.725  -58.725  -45.877  -45.876  -45.876  -45.876  -45.829  -45.829  -45.828  -45.828
  -44.992  -44.992  -44.992  -44.991  -44.954  -44.953  -44.953  -44.952  -44.931  -44.930
  -44.929  -44.929  -34.581  -34.571  -32.149  -32.138  -32.049  -32.047  -10.307  -10.281
  -10.127  -10.125   -3.290   -3.262   -2.732   -2.656   -1.641   -1.635   -0.889   -0.801
    0.066    0.067    0.279    0.289    1.712    1.853    3.911    3.945    4.463    4.591
    5.303    5.321    5.890    5.933    7.779    7.807   10.253   10.269   10.335   10.342
   10.924   10.955   11.076   11.118   11.623   11.657   11.762   11.765   12.075   12.091
            0.436655  0.397954  0.000000
  -58.725  -58.725  -45.877  -45.876  -45.876  -45.876  -45.829  -45.829  -45.828  -45.828
  -44.992  -44.992  -44.992  -44.991  -44.954  -44.953  -44.953  -44.952  -44.931  -44.930
  -44.929  -44.929  -34.580  -34.571  -32.150  -32.139  -32.047  -32.045  -10.317  -10.294
  -10.135  -10.133   -3.329   -3.303   -2.718   -2.648   -1.651   -1.646   -0.868   -0.788
    0.127    0.149    0.328    0.365    1.697    1.835    3.923    3.959    4.432    4.556
    5.379    5.397    5.854    5.892    7.741    7.768   10.154   10.178   10.292   10.295
   10.763   10.775   11.155   11.210   11.598   11.635   11.734   11.736   12.020   12.033
            0.442414  0.388019  0.000000
  -58.725  -58.725  -45.877  -45.876  -45.876  -45.876  -45.829  -45.829  -45.828  -45.828
  -44.992  -44.992  -44.992  -44.991  -44.954  -44.953  -44.953  -44.952  -44.931  -44.930
  -44.929  -44.929  -34.579  -34.571  -32.150  -32.141  -32.045  -32.042  -10.327  -10.305
  -10.142  -10.140   -3.364   -3.341   -2.706   -2.642   -1.660   -1.657   -0.846   -0.775
    0.158    0.192    0.413    0.466    1.681    1.817    3.933    3.969    4.405    4.523
    5.453    5.474    5.823    5.855    7.706    7.731   10.054   10.080   10.240   10.251
   10.607   10.609   11.196   11.244   11.622   11.663   11.708   11.711   11.985   11.992
            0.448172  0.378085  0.000000
  -58.725  -58.725  -45.877  -45.876  -45.876  -45.876  -45.829  -45.829  -45.828  -45.828
  -44.992  -44.992  -44.992  -44.991  -44.954  -44.953  -44.953  -44.952  -44.931  -44.930
  -44.929  -44.929  -34.579  -34.571  -32.151  -32.142  -32.043  -32.040  -10.336  -10.316
  -10.148  -10.147   -3.396   -3.376   -2.694   -2.637   -1.670   -1.666   -0.824   -0.760
    0.173    0.209    0.519    0.579    1.664    1.797    3.939    3.975    4.383    4.495
    5.524    5.548    5.799    5.823    7.672    7.695    9.956    9.983   10.173   10.192
   10.469   10.476   11.189   11.227   11.671   11.681   11.695   11.723   11.977   11.982
            0.453931  0.368150  0.000000
  -58.725  -58.725  -45.877  -45.876  -45.876  -45.876  -45.829  -45.829  -45.828  -45.828
  -44.992  -44.992  -44.992  -44.992  -44.953  -44.953  -44.953  -44.952  -44.931  -44.930
  -44.929  -44.929  -34.578  -34.571  -32.151  -32.143  -32.041  -32.039  -10.344  -10.327
  -10.154  -10.153   -3.424   -3.407   -2.684   -2.633   -1.679   -1.676   -0.801   -0.746
    0.182    0.216    0.629    0.694    1.645    1.776    3.942    3.976    4.367    4.469
    5.582    5.613    5.789    5.801    7.641    7.662    9.862    9.888   10.081   10.105
   10.370   10.382   11.158   11.189   11.660   11.661   11.731   11.753   12.002   12.028
            0.459690  0.358216  0.000000
  -58.726  -58.726  -45.877  -45.876  -45.876  -45.876  -45.829  -45.829  -45.828  -45.828
  -44.992  -44.992  -44.992  -44.992  -44.953  -44.953  -44.953  -44.952  -44.931  -44.930
  -44.929  -44.929  -34.577  -34.571  -32.151  -32.145  -32.039  -32.037  -10.351  -10.336
  -10.160  -10.159   -3.450   -3.434   -2.675   -2.630   -1.687   -1.684   -0.778   -0.731
    0.186    0.218    0.738    0.807    1.624    1.751    3.943    3.973    4.355    4.447
    5.615    5.653    5.805    5.805    7.612    7.631    9.775    9.799    9.969    9.992
   10.310   10.323   11.121   11.146   11.641   11.642   11.743   11.753   12.067   12.107
            0.465448  0.348282  0.000000
  -58.726  -58.726  -45.877  -45.876  -45.876  -45.876  -45.829  -45.829  -45.828  -45.828
  -44.992  -44.992  -44.992  -44.992  -44.953  -44.953  -44.953  -44.952  -44.931  -44.930
  -44.929  -44.929  -34.577  -34.571  -32.151  -32.146  -32.038  -32.036  -10.358  -10.344
  -10.165  -10.164   -3.472   -3.459   -2.667   -2.628   -1.694   -1.692   -0.756   -0.717
    0.188    0.216    0.843    0.917    1.599    1.723    3.941    3.968    4.348    4.428
    5.622    5.658    5.843    5.847    7.586    7.603    9.695    9.717    9.853    9.873
   10.274   10.285   11.085   11.105   11.624   11.625   11.737   11.741   12.142   12.184
            0.471207  0.338347  0.000000
  -58.726  -58.726  -45.877  -45.876  -45.876  -45.876  -45.829  -45.829  -45.828  -45.828
  -44.992  -44.992  -44.992  -44.992  -44.953  -44.953  -44.953  -44.953  -44.931  -44.930
  -44.929  -44.929  -34.576  -34.572  -32.151  -32.147  -32.036  -32.035  -10.363  -10.352
  -10.169  -10.168   -3.490   -3.479   -2.659   -2.628   -1.700   -1.699   -0.736   -0.704
    0.189    0.213    0.943    1.021    1.570    1.691    3.939    3.961    4.345    4.412
    5.615    5.645    5.897    5.900    7.564    7.579    9.625    9.644    9.745    9.761
   10.250   10.259   11.052   11.069   11.610   11.610   11.724   11.726   12.205   12.242
            0.476966  0.328413  0.000000
  -58.726  -58.726  -45.877  -45.876  -45.876  -45.876  -45.829  -45.829  -45.828  -45.828
  -44.992  -44.992  -44.992  -44.992  -44.953  -44.953  -44.953  -44.953  -44.931  -44.931
  -44.929  -44.929  -34.576  -34.572  -32.151  -32.148  -32.035  -32.034  -10.367  -10.358
  -10.172  -10.172   -3.505   -3.497   -2.653   -2.628   -1.706   -1.704   -0.718   -0.693
    0.189    0.209    1.037    1.120    1.537    1.654    3.935    3.953    4.345    4.399
    5.605    5.629    5.951    5.953    7.545    7.557    9.565    9.579    9.652    9.664
   10.233   10.240   11.026   11.038   11.598   11.598   11.711   11.712   12.250   12.277
            0.482724  0.318478  0.000000
  -58.726  -58.726  -45.877  -45.876  -45.876  -45.876  -45.829  -45.829  -45.828  -45.828
  -44.992  -44.992  -44.992  -44.992  -44.953  -44.953  -44.953  -44.953  -44.931  -44.931
  -44.929  -44.929  -34.575  -34.572  -32.151  -32.149  -32.034  -32.033  -10.370  -10.363
  -10.175  -10.175   -3.517   -3.510   -2.647   -2.628   -1.710   -1.709   -0.703   -0.684
    0.190    0.205    1.124    1.211    1.498    1.612    3.932    3.945    4.346    4.387
    5.595    5.613    5.997    5.999    7.530    7.540    9.514    9.523    9.580    9.586
   10.221   10.226   11.005   11.014   11.589   11.589   11.700   11.700   12.277   12.296
            0.488483  0.308544  0.000000
  -58.726  -58.726  -45.876  -45.876  -45.876  -45.876  -45.829  -45.829  -45.828  -45.828
  -44.992  -44.992  -44.992  -44.992  -44.953  -44.953  -44.953  -44.953  -44.931  -44.931
  -44.929  -44.929  -34.574  -34.573  -32.151  -32.149  -32.033  -32.033  -10.372  -10.367
  -10.177  -10.177   -3.525   -3.520   -2.642   -2.630   -1.713   -1.712   -0.691   -0.678
    0.190    0.201    1.204    1.296    1.454    1.563    3.930    3.939    4.350    4.377
    5.589    5.600    6.033    6.034    7.520    7.526    9.474    9.478    9.531    9.533
   10.213   10.216   10.990   10.997   11.582   11.582   11.692   11.692   12.293   12.305
            0.494241  0.298610  0.000000
  -58.726  -58.726  -45.876  -45.876  -45.876  -45.876  -45.829  -45.829  -45.828  -45.828
  -44.992  -44.992  -44.992  -44.992  -44.953  -44.953  -44.953  -44.953  -44.931  -44.931
  -44.929  -44.929  -34.574  -34.573  -32.151  -32.150  -32.033  -32.033  -10.372  -10.370
  -10.178  -10.178   -3.529   -3.527   -2.638   -2.632   -1.714   -1.714   -0.682   -0.676
    0.192    0.197    1.277    1.370    1.405    1.507    3.930    3.934    4.355    4.368
    5.586    5.591    6.055    6.056    7.514    7.518    9.446    9.447    9.503    9.503
   10.209   10.210   10.982   10.985   11.578   11.578   11.687   11.687   12.302   12.307
            0.500000  0.288675  0.000000
  -58.726  -58.726  -45.876  -45.876  -45.876  -45.876  -45.829  -45.829  -45.828  -45.828
  -44.992  -44.992  -44.992  -44.992  -44.953  -44.953  -44.953  -44.953  -44.931  -44.931
  -44.929  -44.929  -34.573  -34.573  -32.150  -32.150  -32.033  -32.033  -10.372  -10.372
  -10.178  -10.178   -3.530   -3.530   -2.635   -2.635   -1.715   -1.715   -0.677   -0.677
    0.194    0.194    1.342    1.342    1.445    1.445    3.931    3.931    4.361    4.361
    5.586    5.586    6.063    6.063    7.514    7.514    9.436    9.436    9.494    9.494
   10.208   10.208   10.981   10.981   11.577   11.577   11.685   11.685   12.306   12.306
            0.489796  0.282784  0.000000
  -58.726  -58.726  -45.876  -45.876  -45.876  -45.876  -45.829  -45.829  -45.828  -45.828
  -44.992  -44.992  -44.992  -44.992  -44.953  -44.953  -44.953  -44.953  -44.931  -44.931
  -44.929  -44.929  -34.573  -34.573  -32.150  -32.150  -32.033  -32.033  -10.374  -10.374
  -10.180  -10.180   -3.526   -3.526   -2.632   -2.632   -1.715   -1.715   -0.676   -0.676
    0.195    0.195    1.340    1.340    1.444    1.444    3.931    3.931    4.359    4.359
    5.584    5.584    6.063    6.063    7.522    7.522    9.434    9.434    9.490    9.490
   10.207   10.207   10.971   10.971   11.576   11.576   11.682   11.682   12.324   12.324
            0.479592  0.276892  0.000000
  -58.726  -58.726  -45.876  -45.876  -45.876  -45.876  -45.829  -45.829  -45.828  -45.828
  -44.992  -44.992  -44.992  -44.992  -44.953  -44.953  -44.953  -44.953  -44.931  -44.931
  -44.929  -44.929  -34.573  -34.573  -32.150  -32.150  -32.033  -32.033  -10.381  -10.381
  -10.183  -10.183   -3.516   -3.516   -2.623   -2.623   -1.714   -1.714   -0.672   -0.672
    0.197    0.197    1.333    1.333    1.438    1.438    3.931    3.931    4.352    4.352
    5.578    5.578    6.061    6.061    7.547    7.547    9.425    9.425    9.478    9.478
   10.205   10.205   10.941   10.941   11.575   11.575   11.675   11.675   12.375   12.375
            0.469388  0.271001  0.000000
  -58.726  -58.726  -45.876  -45.876  -45.876  -45.876  -45.829  -45.829  -45.828  -45.828
  -44.992  -44.992  -44.992  -44.992  -44.953  -44.953  -44.953  -44.953  -44.931  -44.931
  -44.929  -44.929  -34.573  -34.573  -32.149  -32.149  -32.032  -32.032  -10.393  -10.393
  -10.189  -10.189   -3.499   -3.499   -2.608   -2.608   -1.713   -1.713   -0.666   -0.666
    0.201    0.201    1.322    1.322    1.430    1.430    3.932    3.932    4.341    4.341
    5.567    5.567    6.058    6.058    7.588    7.588    9.409    9.409    9.462    9.462
   10.200   10.200   10.895   10.895   11.576   11.576   11.668   11.668   12.449   12.449
            0.459184  0.265110  0.000000
  -58.726  -58.726  -45.876  -45.876  -45.876  -45.876  -45.829  -45.829  -45.828  -45.828
  -44.992  -44.992  -44.992  -44.992  -44.953  -44.953  -44.953  -44.953  -44.931  -44.931
  -44.929  -44.929  -34.572  -34.572  -32.148  -32.148  -32.032  -32.032  -10.410  -10.410
  -10.197  -10.197   -3.475   -3.475   -2.587   -2.587   -1.711   -1.711   -0.658   -0.658
    0.206    0.206    1.307    1.307    1.418    1.418    3.933    3.933    4.326    4.326
    5.551    5.551    6.054    6.054    7.644    7.644    9.383    9.383    9.445    9.445
   10.192   10.192   10.835   10.835   11.579   11.579   11.664   11.664   12.538   12.538
            0.448980  0.259218  0.000000
  -58.726  -58.726  -45.876  -45.876  -45.876  -45.876  -45.829  -45.829  -45.828  -45.828
  -44.992  -44.992  -44.992  -44.992  -44.953  -44.953  -44.953  -44.953  -44.931  -44.931
  -44.929  -44.929  -34.572  -34.572  -32.147  -32.147  -32.032  -32.032  -10.430  -10.430
  -10.208  -10.208   -3.446   -3.446   -2.560   -2.560   -1.710   -1.710   -0.647   -0.647
    0.213    0.213    1.288    1.288    1.404    1.404    3.934    3.934    4.308    4.308
    5.531    5.531    6.050    6.050    7.715    7.715    9.346    9.346    9.428    9.428
   10.180   10.180   10.765   10.765   11.588   11.588   11.662   11.662   12.634   12.634
            0.438776  0.253327  0.000000
  -58.727  -58.727  -45.876  -45.876  -45.876  -45.876  -45.829  -45.829  -45.828  -45.828
  -44.992  -44.992  -44.992  -44.992  -44.953  -44.953  -44.953  -44.953  -44.931  -44.931
  -44.929  -44.929  -34.571  -34.571  -32.145  -32.145  -32.032  -32.032  -10.455  -10.455
  -10.220  -10.220   -3.410   -3.410   -2.528   -2.528   -1.708   -1.708   -0.634   -0.634
    0.222    0.222    1.266    1.266    1.388    1.388    3.936    3.936    4.286    4.286
    5.507    5.507    6.044    6.044    7.798    7.798    9.300    9.300    9.413    9.413
   10.163   10.163   10.688   10.688   11.603   11.603   11.660   11.660   12.729   12.729
            0.428571  0.247436  0.000000
  -58.727  -58.727  -45.877  -45.877  -45.876  -45.876  -45.829  -45.829  -45.828  -45.828
  -44.992  -44.992  -44.992  -44.992  -44.953  -44.953  -44.953  -44.953  -44.931  -44.931
  -44.929  -44.929  -34.570  -34.570  -32.143  -32.143  -32.032  -32.032  -10.485  -10.485
  -10.235  -10.235   -3.368   -3.368   -2.490   -2.490   -1.707   -1.707   -0.619   -0.619
    0.232    0.232    1.242    1.242    1.369    1.369    3.939    3.939    4.263    4.263
    5.479    5.479    6.036    6.036    7.893    7.893    9.247    9.247    9.398    9.398
   10.141   10.141   10.608   10.608   11.625   11.625   11.656   11.656   12.816   12.816
            0.418367  0.241545  0.000000
  -58.727  -58.727  -45.877  -45.877  -45.876  -45.876  -45.829  -45.829  -45.828  -45.828
  -44.992  -44.992  -44.992  -44.992  -44.953  -44.953  -44.953  -44.953  -44.931  -44.931
  -44.929  -44.929  -34.569  -34.569  -32.141  -32.141  -32.031  -32.031  -10.517  -10.517
  -10.252  -10.252   -3.321   -3.321   -2.448   -2.448   -1.706   -1.706   -0.601   -0.601
    0.243    0.243    1.215    1.215    1.348    1.348    3.943    3.943    4.237    4.237
    5.447    5.447    6.028    6.028    7.998    7.998    9.189    9.189    9.382    9.382
   10.117   10.117   10.527   10.527   11.641   11.641   11.661   11.661   12.892   12.892
            0.408163  0.235653  0.000000
  -58.728  -58.728  -45.877  -45.877  -45.876  -45.876  -45.829  -45.829  -45.828  -45.828
  -44.992  -44.992  -44.992  -44.992  -44.953  -44.953  -44.953  -44.953  -44.931  -44.931
  -44.929  -44.929  -34.568  -34.568  -32.138  -32.138  -32.031  -32.031  -10.554  -10.554
  -10.270  -10.270   -3.269   -3.269   -2.400   -2.400   -1.706   -1.706   -0.581   -0.581
    0.257    0.257    1.188    1.188    1.324    1.324    3.948    3.948    4.210    4.210
    5.410    5.410    6.018    6.018    8.111    8.111    9.127    9.127    9.363    9.363
   10.092   10.092   10.447   10.447   11.629   11.629   11.696   11.696   12.959   12.959
            0.397959  0.229762  0.000000
  -58.728  -58.728  -45.877  -45.877  -45.876  -45.876  -45.829  -45.829  -45.828  -45.828
  -44.992  -44.992  -44.992  -44.992  -44.953  -44.953  -44.953  -44.953  -44.931  -44.931
  -44.929  -44.929  -34.566  -34.566  -32.136  -32.136  -32.031  -32.031  -10.593  -10.593
  -10.290  -10.290   -3.213   -3.213   -2.347   -2.347   -1.708   -1.708   -0.559   -0.559
    0.272    0.272    1.161    1.161    1.299    1.299    3.955    3.955    4.182    4.182
    5.370    5.370    6.008    6.008    8.229    8.229    9.066    9.066    9.342    9.342
   10.069   10.069   10.369   10.369   11.607   11.607   11.739   11.739   13.018   13.018
            0.387755  0.223871  0.000000
  -58.728  -58.728  -45.877  -45.877  -45.876  -45.876  -45.829  -45.829  -45.828  -45.828
  -44.992  -44.992  -44.992  -44.992  -44.953  -44.953  -44.953  -44.953  -44.931  -44.931
  -44.929  -44.929  -34.565  -34.565  -32.133  -32.133  -32.030  -32.030  -10.636  -10.636
  -10.312  -10.312   -3.153   -3.153   -2.290   -2.290   -1.710   -1.710   -0.535   -0.535
    0.289    0.289    1.135    1.135    1.273    1.273    3.963    3.963    4.154    4.154
    5.326    5.326    5.995    5.995    8.347    8.347    9.007    9.007    9.314    9.314
   10.051   10.051   10.293   10.293   11.578   11.578   11.787   11.787   13.076   13.076
            0.377551  0.217979  0.000000
  -58.729  -58.729  -45.877  -45.877  -45.876  -45.876  -45.829  -45.829  -45.828  -45.828
  -44.992  -44.992  -44.992  -44.992  -44.953  -44.953  -44.953  -44.953  -44.931  -44.931
  -44.929  -44.929  -34.563  -34.563  -32.130  -32.130  -32.030  -32.030  -10.681  -10.681
  -10.335  -10.335   -3.089   -3.089   -2.229   -2.229   -1.713   -1.713   -0.508   -0.508
    0.308    0.308    1.111    1.111    1.245    1.245    3.973    3.973    4.126    4.126
    5.279    5.279    5.982    5.982    8.456    8.456    8.960    8.960    9.280    9.280
   10.042   10.042   10.221   10.221   11.544   11.544   11.838   11.838   13.134   13.134
            0.367347  0.212088  0.000000
  -58.729  -58.729  -45.877  -45.877  -45.876  -45.876  -45.829  -45.829  -45.828  -45.828
  -44.992  -44.992  -44.992  -44.992  -44.953  -44.953  -44.953  -44.953  -44.931  -44.931
  -44.929  -44.929  -34.562  -34.562  -32.127  -32.127  -32.029  -32.029  -10.728  -10.728
  -10.359  -10.359   -3.024   -3.024   -2.164   -2.164   -1.718   -1.718   -0.479   -0.479
    0.329    0.329    1.088    1.088    1.216    1.216    3.984    3.984    4.098    4.098
    5.229    5.229    5.967    5.967    8.536    8.536    8.945    8.945    9.238    9.238
   10.042   10.042   10.154   10.154   11.504   11.504   11.890   11.890   13.193   13.193
            0.357143  0.206197  0.000000
  -58.730  -58.730  -45.877  -45.877  -45.876  -45.876  -45.829  -45.829  -45.828  -45.828
  -44.992  -44.992  -44.992  -44.992  -44.953  -44.953  -44.953  -44.953  -44.931  -44.931
  -44.929  -44.929  -34.560  -34.560  -32.123  -32.123  -32.028  -32.028  -10.777  -10.777
  -10.385  -10.385   -2.957   -2.957   -2.095   -2.095   -1.724   -1.724   -0.449   -0.449
    0.352    0.352    1.067    1.067    1.189    1.189    3.996    3.996    4.073    4.073
    5.177    5.177    5.951    5.951    8.559    8.559    8.987    8.987    9.187    9.187
   10.050   10.050   10.095   10.095   11.462   11.462   11.941   11.941   13.253   13.253
            0.346939  0.200305  0.000000
  -58.730  -58.730  -45.877  -45.877  -45.876  -45.876  -45.829  -45.829  -45.828  -45.828
  -44.992  -44.992  -44.992  -44.992  -44.953  -44.953  -44.953  -44.953  -44.931  -44.931
  -44.929  -44.929  -34.558  -34.558  -32.120  -32.120  -32.027  -32.027  -10.828  -10.828
  -10.412  -10.412   -2.889   -2.889   -2.024   -2.024   -1.730   -1.730   -0.416   -0.416
    0.377    0.377    1.047    1.047    1.164    1.164    4.006    4.006    4.053    4.053
    5.122    5.122    5.933    5.933    8.529    8.529    9.081    9.081    9.128    9.128
   10.022   10.022   10.091   10.091   11.417   11.417   11.988   11.988   13.312   13.312
            0.336735  0.194414  0.000000
  -58.731  -58.731  -45.877  -45.877  -45.876  -45.876  -45.829  -45.829  -45.828  -45.828
  -44.992  -44.992  -44.992  -44.992  -44.953  -44.953  -44.953  -44.953  -44.931  -44.931
  -44.929  -44.929  -34.556  -34.556  -32.116  -32.116  -32.026  -32.026  -10.880  -10.880
  -10.439  -10.439   -2.823   -2.823   -1.951   -1.951   -1.736   -1.736   -0.381   -0.381
    0.404    0.404    1.024    1.024    1.146    1.146    4.002    4.002    4.050    4.050
    5.066    5.066    5.913    5.913    8.472    8.472    9.063    9.063    9.201    9.201
    9.971    9.971   10.126   10.126   11.371   11.371   12.029   12.029   13.370   13.370
            0.326531  0.188523  0.000000
  -58.732  -58.732  -45.877  -45.877  -45.877  -45.877  -45.829  -45.829  -45.828  -45.828
  -44.992  -44.992  -44.992  -44.992  -44.953  -44.953  -44.953  -44.953  -44.931  -44.931
  -44.929  -44.929  -34.554  -34.554  -32.113  -32.113  -32.025  -32.025  -10.934  -10.934
  -10.467  -10.467   -2.759   -2.759   -1.877   -1.877   -1.738   -1.738   -0.345   -0.345
    0.432    0.432    0.997    0.997    1.136    1.136    3.984    3.984    4.065    4.065
    5.008    5.008    5.893    5.893    8.402    8.402    8.992    8.992    9.324    9.324
    9.928    9.928   10.175   10.175   11.326   11.326   12.062   12.062   13.424   13.424
            0.316327  0.182631  0.000000
  -58.732  -58.732  -45.877  -45.877  -45.877  -45.877  -45.829  -45.829  -45.828  -45.828
  -44.992  -44.992  -44.992  -44.992  -44.953  -44.953  -44.953  -44.953  -44.931  -44.931
  -44.929  -44.929  -34.552  -34.552  -32.109  -32.109  -32.024  -32.024  -10.988  -10.988
  -10.496  -10.496   -2.699   -2.699   -1.808   -1.808   -1.731   -1.731   -0.306   -0.306
    0.463    0.463    0.966    0.966    1.136    1.136    3.964    3.964    4.087    4.087
    4.949    4.949    5.870    5.870    8.327    8.327    8.918    8.918    9.436    9.436
    9.901    9.901   10.235   10.235   11.281   11.281   12.085   12.085   13.472   13.472
            0.306122  0.176740  0.000000
  -58.733  -58.733  -45.877  -45.877  -45.877  -45.877  -45.829  -45.829  -45.828  -45.828
  -44.992  -44.992  -44.992  -44.992  -44.953  -44.953  -44.953  -44.953  -44.931  -44.931
  -44.929  -44.929  -34.550  -34.550  -32.105  -32.105  -32.023  -32.023  -11.043  -11.043
  -10.525  -10.525   -2.646   -2.646   -1.766   -1.766   -1.689   -1.689   -0.266   -0.266
    0.494    0.494    0.931    0.931    1.145    1.145    3.945    3.945    4.112    4.112
    4.891    4.891    5.846    5.846    8.249    8.249    8.840    8.840    9.516    9.516
    9.907    9.907   10.305   10.305   11.239   11.239   12.097   12.097   13.511   13.511
            0.295918  0.170849  0.000000
  -58.733  -58.733  -45.877  -45.877  -45.877  -45.877  -45.829  -45.829  -45.828  -45.828
  -44.993  -44.993  -44.992  -44.992  -44.953  -44.953  -44.953  -44.953  -44.931  -44.931
  -44.929  -44.929  -34.548  -34.548  -32.102  -32.102  -32.021  -32.021  -11.098  -11.098
  -10.554  -10.554   -2.603   -2.603   -1.747   -1.747   -1.617   -1.617   -0.225   -0.225
    0.526    0.526    0.894    0.894    1.162    1.162    3.928    3.928    4.140    4.140
    4.832    4.832    5.820    5.820    8.170    8.170    8.761    8.761    9.547    9.547
    9.960    9.960   10.383   10.383   11.198   11.198   12.098   12.098   13.540   13.540
            0.285714  0.164957  0.000000
  -58.734  -58.734  -45.877  -45.877  -45.877  -45.877  -45.829  -45.829  -45.828  -45.828
  -44.993  -44.993  -44.993  -44.993  -44.953  -44.953  -44.952  -44.952  -44.931  -44.931
  -44.930  -44.930  -34.546  -34.546  -32.098  -32.098  -32.019  -32.019  -11.154  -11.154
  -10.583  -10.583   -2.571   -2.571   -1.724   -1.724   -1.536   -1.536   -0.181   -0.181
    0.557    0.557    0.858    0.858    1.186    1.186    3.915    3.915    4.171    4.171
    4.774    4.774    5.792    5.792    8.091    8.091    8.681    8.681    9.536    9.536
   10.048   10.048   10.468   10.468   11.162   11.162   12.088   12.088   13.554   13.554
            0.275510  0.159066  0.000000
  -58.735  -58.735  -45.877  -45.877  -45.877  -45.877  -45.829  -45.829  -45.828  -45.828
  -44.993  -44.993  -44.993  -44.993  -44.953  -44.953  -44.952  -44.952  -44.931  -44.931
  -44.930  -44.930  -34.544  -34.544  -32.095  -32.095  -32.017  -32.017  -11.209  -11.209
  -10.613  -10.613   -2.552   -2.552   -1.692   -1.692   -1.454   -1.454   -0.137   -0.137
    0.584    0.584    0.826    0.826    1.216    1.216    3.905    3.905    4.203    4.203
    4.718    4.718    5.763    5.763    8.013    8.013    8.601    8.601    9.503    9.503
   10.147   10.147   10.560   10.560   11.131   11.131   12.068   12.068   13.551   13.551
            0.265306  0.153175  0.000000
  -58.735  -58.735  -45.877  -45.877  -45.877  -45.877  -45.829  -45.829  -45.828  -45.828
  -44.993  -44.993  -44.993  -44.993  -44.953  -44.953  -44.952  -44.952  -44.931  -44.931
  -44.930  -44.930  -34.542  -34.542  -32.091  -32.091  -32.015  -32.015  -11.263  -11.263
  -10.642  -10.642   -2.546   -2.546   -1.649   -1.649   -1.371   -1.371   -0.091   -0.091
    0.603    0.603    0.803    0.803    1.250    1.250    3.898    3.898    4.238    4.238
    4.665    4.665    5.732    5.732    7.935    7.935    8.521    8.521    9.460    9.460
   10.240   10.240   10.657   10.657   11.107   11.107   12.040   12.040   13.530   13.530
            0.255102  0.147283  0.000000
  -58.736  -58.736  -45.877  -45.877  -45.877  -45.877  -45.829  -45.829  -45.828  -45.828
  -44.993  -44.993  -44.993  -44.993  -44.953  -44.953  -44.952  -44.952  -44.931  -44.931
  -44.930  -44.930  -34.539  -34.539  -32.088  -32.088  -32.012  -32.012  -11.318  -11.318
  -10.671  -10.671   -2.553   -2.553   -1.595   -1.595   -1.287   -1.287   -0.044   -0.044
    0.605    0.605    0.797    0.797    1.287    1.287    3.897    3.897    4.274    4.274
    4.614    4.614    5.700    5.700    7.859    7.859    8.442    8.442    9.412    9.412
   10.316   10.316   10.759   10.759   11.097   11.097   12.006   12.006   13.495   13.495
            0.244898  0.141392  0.000000
  -58.737  -58.737  -45.877  -45.877  -45.877  -45.877  -45.829  -45.829  -45.828  -45.828
  -44.993  -44.993  -44.993  -44.993  -44.953  -44.953  -44.952  -44.952  -44.931  -44.931
  -44.930  -44.930  -34.537  -34.537  -32.086  -32.086  -32.009  -32.009  -11.371  -11.371
  -10.700  -10.700   -2.571   -2.571   -1.532   -1.532   -1.204   -1.204    0.004    0.004
    0.587    0.587    0.812    0.812    1.328    1.328    3.900    3.900    4.311    4.311
    4.567    4.567    5.666    5.666    7.784    7.784    8.365    8.365    9.360    9.360
   10.365   10.365   10.865   10.865   11.104   11.104   11.967   11.967   13.453   13.453
            0.234694  0.135501  0.000000
  -58.737  -58.737  -45.877  -45.877  -45.877  -45.877  -45.829  -45.829  -45.828  -45.828
  -44.993  -44.993  -44.993  -44.993  -44.953  -44.953  -44.952  -44.952  -44.931  -44.931
  -44.930  -44.930  -34.535  -34.535  -32.083  -32.083  -32.006  -32.006  -11.423  -11.423
  -10.728  -10.728   -2.597   -2.597   -1.461   -1.461   -1.121   -1.121    0.053    0.053
    0.556    0.556    0.840    0.840    1.371    1.371    3.908    3.908    4.349    4.349
    4.526    4.526    5.630    5.630    7.711    7.711    8.288    8.288    9.307    9.307
   10.382   10.382   10.972   10.972   11.132   11.132   11.927   11.927   13.409   13.409
            0.224490  0.129609  0.000000
  -58.738  -58.738  -45.877  -45.877  -45.877  -45.877  -45.829  -45.829  -45.828  -45.828
  -44.993  -44.993  -44.993  -44.993  -44.953  -44.953  -44.952  -44.952  -44.931  -44.931
  -44.930  -44.930  -34.533  -34.533  -32.081  -32.081  -32.003  -32.003  -11.475  -11.475
  -10.756  -10.756   -2.630   -2.630   -1.385   -1.385   -1.039   -1.039    0.103    0.103
    0.519    0.519    0.874    0.874    1.414    1.414    3.923    3.923    4.383    4.383
    4.494    4.494    5.593    5.593    7.640    7.640    8.214    8.214    9.251    9.251
   10.366   10.366   11.078   11.078   11.180   11.180   11.886   11.886   13.368   13.368
            0.214286  0.123718  0.000000
  -58.739  -58.739  -45.877  -45.877  -45.877  -45.877  -45.829  -45.829  -45.828  -45.828
  -44.993  -44.993  -44.993  -44.993  -44.953  -44.953  -44.952  -44.952  -44.931  -44.931
  -44.930  -44.930  -34.531  -34.531  -32.078  -32.078  -32.000  -32.000  -11.525  -11.525
  -10.783  -10.783   -2.668   -2.668   -1.305   -1.305   -0.958   -0.958    0.153    0.153
    0.479    0.479    0.911    0.911    1.458    1.458    3.943    3.943    4.402    4.402
    4.484    4.484    5.555    5.555    7.571    7.571    8.142    8.142    9.194    9.194
   10.322   10.322   11.180   11.180   11.243   11.243   11.847   11.847   13.333   13.333
            0.204082  0.117827  0.000000
  -58.739  -58.739  -45.877  -45.877  -45.877  -45.877  -45.829  -45.829  -45.828  -45.828
  -44.993  -44.993  -44.993  -44.993  -44.953  -44.953  -44.952  -44.952  -44.931  -44.931
  -44.930  -44.930  -34.529  -34.529  -32.076  -32.076  -31.996  -31.996  -11.574  -11.574
  -10.809  -10.809   -2.709   -2.709   -1.222   -1.222   -0.878   -0.878    0.204    0.204
    0.438    0.438    0.947    0.947    1.501    1.501    3.970    3.970    4.395    4.395
    4.507    4.507    5.516    5.516    7.504    7.504    8.072    8.072    9.135    9.135
   10.257   10.257   11.274   11.274   11.315   11.315   11.815   11.815   13.305   13.305
            0.193878  0.111935  0.000000
  -58.740  -58.740  -45.877  -45.877  -45.877  -45.877  -45.829  -45.829  -45.828  -45.828
  -44.993  -44.993  -44.993  -44.993  -44.953  -44.953  -44.952  -44.952  -44.931  -44.931
  -44.930  -44.930  -34.527  -34.527  -32.075  -32.075  -31.993  -31.993  -11.621  -11.621
  -10.835  -10.835   -2.752   -2.752   -1.138   -1.138   -0.800   -0.800    0.254    0.254
    0.397    0.397    0.983    0.983    1.542    1.542    4.004    4.004    4.380    4.380
    4.546    4.546    5.476    5.476    7.439    7.439    8.005    8.005    9.074    9.074
   10.177   10.177   11.352   11.352   11.389   11.389   11.795   11.795   13.283   13.283
            0.183673  0.106044  0.000000
  -58.741  -58.741  -45.877  -45.877  -45.877  -45.877  -45.829  -45.829  -45.828  -45.828
  -44.993  -44.993  -44.993  -44.993  -44.953  -44.953  -44.952  -44.952  -44.931  -44.931
  -44.930  -44.930  -34.525  -34.525  -32.073  -32.073  -31.989  -31.989  -11.666  -11.666
  -10.860  -10.860   -2.796   -2.796   -1.053   -1.053   -0.723   -0.723    0.302    0.302
    0.359    0.359    1.016    1.016    1.581    1.581    4.044    4.044    4.369    4.369
    4.589    4.589    5.436    5.436    7.376    7.376    7.940    7.940    9.011    9.011
   10.086   10.086   11.404   11.404   11.463   11.463   11.792   11.792   13.265   13.265
            0.173469  0.100153  0.000000
  -58.741  -58.741  -45.877  -45.877  -45.877  -45.877  -45.829  -45.829  -45.828  -45.828
  -44.993  -44.993  -44.993  -44.993  -44.953  -44.953  -44.952  -44.952  -44.931  -44.931
  -44.930  -44.930  -34.523  -34.523  -32.072  -32.072  -31.985  -31.985  -11.710  -11.710
  -10.883  -10.883   -2.840   -2.840   -0.969   -0.969   -0.647   -0.647    0.309    0.309
    0.362    0.362    1.045    1.045    1.618    1.618    4.091    4.091    4.363    4.363
    4.634    4.634    5.394    5.394    7.315    7.315    7.878    7.878    8.946    8.946
    9.989    9.989   11.422   11.422   11.540   11.540   11.805   11.805   13.250   13.250
            0.163265  0.094261  0.000000
  -58.742  -58.742  -45.877  -45.877  -45.877  -45.877  -45.829  -45.829  -45.828  -45.828
  -44.993  -44.993  -44.993  -44.993  -44.953  -44.953  -44.952  -44.952  -44.931  -44.931
  -44.930  -44.930  -34.521  -34.521  -32.070  -32.070  -31.981  -31.981  -11.751  -11.751
  -10.906  -10.906   -2.885   -2.885   -0.885   -0.885   -0.573   -0.573    0.274    0.274
    0.409    0.409    1.070    1.070    1.651    1.651    4.144    4.144    4.366    4.366
    4.679    4.679    5.353    5.353    7.257    7.257    7.819    7.819    8.878    8.878
    9.888    9.888   11.414   11.414   11.616   11.616   11.820   11.820   13.235   13.235
            0.153061  0.088370  0.000000
  -58.742  -58.742  -45.877  -45.877  -45.877  -45.877  -45.829  -45.829  -45.828  -45.828
  -44.994  -44.994  -44.993  -44.993  -44.953  -44.953  -44.952  -44.952  -44.931  -44.931
  -44.930  -44.930  -34.519  -34.519  -32.069  -32.069  -31.978  -31.978  -11.791  -11.791
  -10.928  -10.928   -2.928   -2.928   -0.803   -0.803   -0.500   -0.500    0.238    0.238
    0.457    0.457    1.090    1.090    1.682    1.682    4.202    4.202    4.376    4.376
    4.725    4.725    5.312    5.312    7.200    7.200    7.763    7.763    8.807    8.807
    9.788    9.788   11.390   11.390   11.690   11.690   11.819   11.819   13.220   13.220
            0.142857  0.082479  0.000000
  -58.743  -58.743  -45.877  -45.877  -45.877  -45.877  -45.829  -45.829  -45.828  -45.828
  -44.994  -44.994  -44.993  -44.993  -44.953  -44.953  -44.952  -44.952  -44.931  -44.931
  -44.930  -44.930  -34.518  -34.518  -32.068  -32.068  -31.974  -31.974  -11.828  -11.828
  -10.948  -10.948   -2.970   -2.970   -0.723   -0.723   -0.429   -0.429    0.203    0.203
    0.505    0.505    1.105    1.105    1.709    1.709    4.266    4.266    4.393    4.393
    4.770    4.770    5.272    5.272    7.146    7.146    7.710    7.710    8.732    8.732
    9.690    9.690   11.357   11.357   11.739   11.739   11.812   11.812   13.209   13.209
            0.132653  0.076587  0.000000
  -58.743  -58.743  -45.878  -45.878  -45.877  -45.877  -45.829  -45.829  -45.828  -45.828
  -44.994  -44.994  -44.993  -44.993  -44.953  -44.953  -44.952  -44.952  -44.931  -44.931
  -44.930  -44.930  -34.516  -34.516  -32.067  -32.067  -31.970  -31.970  -11.864  -11.864
  -10.967  -10.967   -3.011   -3.011   -0.646   -0.646   -0.360   -0.360    0.171    0.171
    0.551    0.551    1.114    1.114    1.732    1.732    4.334    4.334    4.419    4.419
    4.814    4.814    5.233    5.233    7.094    7.094    7.660    7.660    8.654    8.654
    9.596    9.596   11.319   11.319   11.696   11.696   11.867   11.867   13.198   13.198
            0.122449  0.070696  0.000000
  -58.744  -58.744  -45.878  -45.878  -45.877  -45.877  -45.829  -45.829  -45.828  -45.828
  -44.994  -44.994  -44.993  -44.993  -44.953  -44.953  -44.952  -44.952  -44.931  -44.931
  -44.930  -44.930  -34.514  -34.514  -32.067  -32.067  -31.967  -31.967  -11.897  -11.897
  -10.985  -10.985   -3.049   -3.049   -0.571   -0.571   -0.293   -0.293    0.141    0.141
    0.595    0.595    1.117    1.117    1.753    1.753    4.404    4.404    4.453    4.453
    4.858    4.858    5.195    5.195    7.044    7.044    7.614    7.614    8.572    8.572
    9.510    9.510   11.278   11.278   11.609   11.609   11.941   11.941   13.184   13.184
            0.112245  0.064805  0.000000
  -58.744  -58.744  -45.878  -45.878  -45.877  -45.877  -45.829  -45.829  -45.829  -45.829
  -44.994  -44.994  -44.993  -44.993  -44.953  -44.953  -44.952  -44.952  -44.931  -44.931
  -44.930  -44.930  -34.513  -34.513  -32.066  -32.066  -31.964  -31.964  -11.927  -11.927
  -11.002  -11.002   -3.085   -3.085   -0.501   -0.501   -0.229   -0.229    0.114    0.114
    0.637    0.637    1.115    1.115    1.770    1.770    4.468    4.468    4.500    4.500
    4.900    4.900    5.159    5.159    6.996    6.996    7.570    7.570    8.488    8.488
    9.430    9.430   11.231   11.231   11.508   11.508   12.017   12.017   13.167   13.167
            0.102041  0.058913  0.000000
  -58.745  -58.745  -45.878  -45.878  -45.877  -45.877  -45.829  -45.829  -45.829  -45.829
  -44.994  -44.994  -44.994  -44.994  -44.953  -44.953  -44.952  -44.952  -44.931  -44.931
  -44.930  -44.930  -34.512  -34.512  -32.065  -32.065  -31.961  -31.961  -11.956  -11.956
  -11.017  -11.017   -3.119   -3.119   -0.434   -0.434   -0.169   -0.169    0.092    0.092
    0.676    0.676    1.108    1.108    1.785    1.785    4.518    4.518    4.566    4.566
    4.940    4.940    5.127    5.127    6.950    6.950    7.530    7.530    8.402    8.402
    9.359    9.359   11.175   11.175   11.409   11.409   12.093   12.093   13.149   13.149
            0.091837  0.053022  0.000000
  -58.745  -58.745  -45.878  -45.878  -45.878  -45.878  -45.829  -45.829  -45.829  -45.829
  -44.994  -44.994  -44.994  -44.994  -44.953  -44.953  -44.952  -44.952  -44.931  -44.931
  -44.930  -44.930  -34.511  -34.511  -32.065  -32.065  -31.958  -31.958  -11.981  -11.981
  -11.031  -11.031   -3.150   -3.150   -0.372   -0.372   -0.116   -0.116    0.077    0.077
    0.712    0.712    1.097    1.097    1.797    1.797    4.563    4.563    4.640    4.640
    4.978    4.978    5.098    5.098    6.905    6.905    7.494    7.494    8.317    8.317
    9.296    9.296   11.102   11.102   11.327   11.327   12.169   12.169   13.129   13.129
            0.081633  0.047131  0.000000
  -58.745  -58.745  -45.878  -45.878  -45.878  -45.878  -45.829  -45.829  -45.829  -45.829
  -44.994  -44.994  -44.994  -44.994  -44.953  -44.953  -44.952  -44.952  -44.931  -44.931
  -44.930  -44.930  -34.509  -34.509  -32.065  -32.065  -31.955  -31.955  -12.004  -12.004
  -11.044  -11.044   -3.179   -3.179   -0.315   -0.315   -0.075   -0.075    0.073    0.073
    0.744    0.744    1.083    1.083    1.807    1.807    4.606    4.606    4.713    4.713
    5.010    5.010    5.078    5.078    6.863    6.863    7.461    7.461    8.234    8.234
    9.241    9.241   11.011   11.011   11.267   11.267   12.243   12.243   13.107   13.107
            0.071429  0.041239  0.000000
  -58.746  -58.746  -45.878  -45.878  -45.878  -45.878  -45.829  -45.829  -45.829  -45.829
  -44.994  -44.994  -44.994  -44.994  -44.953  -44.953  -44.952  -44.952  -44.931  -44.931
  -44.930  -44.930  -34.509  -34.509  -32.064  -32.064  -31.953  -31.953  -12.025  -12.025
  -11.055  -11.055   -3.204   -3.204   -0.264   -0.264   -0.053   -0.053    0.089    0.089
    0.771    0.771    1.067    1.067    1.816    1.816    4.648    4.648    4.783    4.783
    5.025    5.025    5.080    5.080    6.822    6.822    7.431    7.431    8.155    8.155
    9.194    9.194   10.912   10.912   11.225   11.225   12.314   12.314   13.084   13.084
            0.061224  0.035348  0.000000
  -58.746  -58.746  -45.878  -45.878  -45.878  -45.878  -45.829  -45.829  -45.829  -45.829
  -44.994  -44.994  -44.994  -44.994  -44.953  -44.953  -44.952  -44.952  -44.931  -44.931
  -44.930  -44.930  -34.508  -34.508  -32.064  -32.064  -31.951  -31.951  -12.043  -12.043
  -11.065  -11.065   -3.226   -3.226   -0.219   -0.219   -0.049   -0.049    0.123    0.123
    0.792    0.792    1.050    1.050    1.822    1.822    4.684    4.684    4.847    4.847
    5.020    5.020    5.105    5.105    6.784    6.784    7.405    7.405    8.081    8.081
    9.155    9.155   10.814   10.814   11.193   11.193   12.381   12.381   13.059   13.059
            0.051020  0.029457  0.000000
  -58.746  -58.746  -45.878  -45.878  -45.878  -45.878  -45.829  -45.829  -45.829  -45.829
  -44.994  -44.994  -44.994  -44.994  -44.953  -44.953  -44.952  -44.952  -44.931  -44.931
  -44.930  -44.930  -34.507  -34.507  -32.064  -32.064  -31.949  -31.949  -12.058  -12.058
  -11.073  -11.073   -3.245   -3.245   -0.180   -0.180   -0.053   -0.053    0.162    0.162
    0.807    0.807    1.035    1.035    1.827    1.827    4.714    4.714    4.903    4.903
    5.014    5.014    5.137    5.137    6.748    6.748    7.383    7.383    8.016    8.016
    9.122    9.122   10.724   10.724   11.169   11.169   12.445   12.445   13.032   13.032
            0.040816  0.023565  0.000000
  -58.746  -58.746  -45.878  -45.878  -45.878  -45.878  -45.829  -45.829  -45.829  -45.829
  -44.994  -44.994  -44.994  -44.994  -44.953  -44.953  -44.952  -44.952  -44.931  -44.931
  -44.930  -44.930  -34.506  -34.506  -32.063  -32.063  -31.947  -31.947  -12.070  -12.070
  -11.080  -11.080   -3.260   -3.260   -0.149   -0.149   -0.059   -0.059    0.202    0.202
    0.815    0.815    1.023    1.023    1.831    1.831    4.736    4.736    4.949    4.949
    5.013    5.013    5.169    5.169    6.717    6.717    7.365    7.365    7.959    7.959
    9.096    9.096   10.646   10.646   11.151   11.151   12.502   12.502   13.003   13.003
            0.030612  0.017674  0.000000
  -58.747  -58.747  -45.878  -45.878  -45.878  -45.878  -45.829  -45.829  -45.829  -45.829
  -44.994  -44.994  -44.994  -44.994  -44.953  -44.953  -44.952  -44.952  -44.931  -44.931
  -44.930  -44.930  -34.506  -34.506  -32.063  -32.063  -31.946  -31.946  -12.080  -12.080
  -11.085  -11.085   -3.272   -3.272   -0.125   -0.125   -0.063   -0.063    0.236    0.236
    0.817    0.817    1.015    1.015    1.834    1.834    4.750    4.750    4.985    4.985
    5.016    5.016    5.199    5.199    6.690    6.690    7.350    7.350    7.914    7.914
    9.075    9.075   10.583   10.583   11.137   11.137   12.551   12.551   12.975   12.975
            0.020408  0.011783  0.000000
  -58.747  -58.747  -45.878  -45.878  -45.878  -45.878  -45.829  -45.829  -45.829  -45.829
  -44.994  -44.994  -44.994  -44.994  -44.953  -44.953  -44.952  -44.952  -44.931  -44.931
  -44.930  -44.930  -34.506  -34.506  -32.063  -32.063  -31.945  -31.945  -12.087  -12.087
  -11.089  -11.089   -3.281   -3.281   -0.111   -0.111   -0.064   -0.064    0.263    0.263
    0.814    0.814    1.011    1.011    1.836    1.836    4.758    4.758    5.009    5.009
    5.021    5.021    5.222    5.222    6.670    6.670    7.340    7.340    7.881    7.881
    9.061    9.061   10.537   10.537   11.127   11.127   12.590   12.590   12.952   12.952
            0.010204  0.005891  0.000000
  -58.747  -58.747  -45.878  -45.878  -45.878  -45.878  -45.829  -45.829  -45.829  -45.829
  -44.994  -44.994  -44.994  -44.994  -44.953  -44.953  -44.952  -44.952  -44.931  -44.931
  -44.930  -44.930  -34.505  -34.505  -32.063  -32.063  -31.945  -31.945  -12.091  -12.091
  -11.092  -11.092   -3.286   -3.286   -0.104   -0.104   -0.063   -0.063    0.281    0.281
    0.811    0.811    1.009    1.009    1.837    1.837    4.762    4.762    5.024    5.024
    5.026    5.026    5.238    5.238    6.657    6.657    7.334    7.334    7.861    7.861
    9.053    9.053   10.509   10.509   11.121   11.121   12.616   12.616   12.936   12.936
            0.000000  0.000000  0.000000
  -58.747  -58.747  -45.878  -45.878  -45.878  -45.878  -45.829  -45.829  -45.829  -45.829
  -44.994  -44.994  -44.994  -44.994  -44.953  -44.953  -44.952  -44.952  -44.931  -44.931
  -44.930  -44.930  -34.505  -34.505  -32.063  -32.063  -31.945  -31.945  -12.093  -12.093
  -11.092  -11.092   -3.288   -3.288   -0.102   -0.102   -0.062   -0.062    0.287    0.287
    0.810    0.810    1.009    1.009    1.838    1.838    4.763    4.763    5.027    5.027
    5.029    5.029    5.244    5.244    6.652    6.652    7.332    7.332    7.854    7.854
    9.050    9.050   10.499   10.499   11.119   11.119   12.625   12.625   12.930   12.930
