 
  kpoint:     0.0000    0.2105    0.0000
 
    n          ϵ_nk^DFT (eV)     Σ^c_nk (eV)     Σ^x_nk (eV)    v_nk^xc (eV)   ϵ_nk^G0W0 (eV)
 
    1 (occ)          -60.505          12.604         -39.205         -24.130          -62.977
    2 (occ)          -34.728           9.279         -32.575         -22.586          -35.438
    3 (occ)          -34.669           9.200         -32.576         -22.641          -35.404
    4 (occ)          -34.596           9.155         -32.568         -22.720          -35.290
    5 (occ)          -13.338           7.282         -20.196         -12.953          -13.298
    6 (occ)          -12.588           6.943         -20.054         -13.097          -12.601
    7 (occ)           -4.502           3.732         -16.180         -12.466           -4.483
    8 (occ)           -3.071           3.078         -16.257         -13.313           -2.937
    9 (occ)           -2.742           2.783         -16.144         -13.389           -2.715
   10 (occ)           -1.632           1.987         -16.937         -15.149           -1.433
   11 (occ)           -1.319           2.108         -16.864         -14.976           -1.099
   12 (occ)           -0.883           2.149         -14.395         -12.108           -1.019
   13 (occ)           -0.329           1.276         -16.450         -15.468           -0.036
   14 (vir)            2.199          -3.460         -10.359         -14.674            3.055
   15 (vir)            2.665          -3.698         -10.615         -15.309            3.661
   16 (vir)            2.686          -3.490         -10.819         -15.171            3.548
   17 (vir)            3.773          -4.077         -10.472         -15.478            4.702
   18 (vir)            7.433          -4.198          -5.068         -10.235            8.402
   19 (vir)            9.375          -3.588          -3.159          -7.571           10.199
   20 (vir)            9.833          -4.955          -5.533         -11.482           10.826
   21 (vir)           10.173          -4.177          -5.589         -11.292           11.699
   22 (vir)           10.683          -4.813          -5.405         -11.378           11.843
   23 (vir)           13.088          -4.655          -4.724         -10.960           14.668
   24 (vir)           13.247          -5.155          -5.663         -12.352           14.781
   25 (vir)           13.362          -5.579          -5.590         -12.387           14.580
   26 (vir)           15.015          -5.062          -4.851         -11.530           16.631
   27 (vir)           15.058          -5.649          -5.238         -12.314           16.484
   28 (vir)           15.816          -5.667          -5.543         -12.790           17.396
   29 (vir)           16.008          -5.528          -4.826         -11.818           17.472
   30 (vir)           18.860          -6.006          -5.493         -13.372           20.733
   31 (vir)           20.859          -4.632          -3.508         -10.663           23.383
   32 (vir)           22.310          -4.733          -3.319         -10.458           24.716
   33 (vir)           23.876          -5.434          -4.079         -12.346           26.710
   34 (vir)           25.280          -4.458          -3.764         -12.022           29.080
   35 (vir)           25.392          -6.783          -4.103         -12.675           27.181
   36 (vir)           26.704          -5.635          -4.218         -13.055           29.905
   37 (vir)           27.625          -4.255          -3.388         -11.404           31.385
   38 (vir)           28.942          -0.348          -4.194         -13.274           37.675
   39 (vir)           29.010          -4.692          -4.237         -13.091           33.172
   40 (vir)           31.705          -6.165          -3.833         -12.957           34.664
   41 (vir)           32.917          -8.175          -3.987         -13.227           33.982
   42 (vir)           33.224          -2.640          -3.332         -11.978           39.229
   43 (vir)           35.171          -3.635          -3.533         -12.729           40.733
   44 (vir)           35.833          -2.338          -2.969         -11.572           42.098
   45 (vir)           36.290          -5.964          -4.529         -14.532           40.330
   46 (vir)           39.609          -1.384          -3.581         -12.983           47.627
   47 (vir)           39.871          -3.981          -4.447         -14.620           46.063
   48 (vir)           40.669          -1.743          -3.293         -12.731           48.364
   49 (vir)           42.392          -3.128          -3.983         -14.218           49.499
   50 (vir)           47.022          -0.551          -1.814          -9.670           54.327
   51 (vir)           47.105          -5.628          -3.807         -14.546           52.216
   52 (vir)           47.147          -1.021          -2.490         -11.152           54.787
   53 (vir)           61.743          -0.846          -1.998         -12.459           71.357
   54 (vir)           62.080           1.396          -2.631         -13.527           74.372
   55 (vir)           63.586          -1.008          -2.098         -12.750           73.230
   56 (vir)           63.745          -0.260          -2.031         -12.590           74.044
   57 (vir)           66.061          -2.025          -2.124         -12.873           74.784
   58 (vir)           70.725           3.756          -2.089         -13.026           85.418
   59 (vir)           71.560          -2.432          -3.123         -14.759           80.765
   60 (vir)           83.005          -3.151          -3.621         -16.696           92.929
   61 (vir)           89.479          -2.433          -3.728         -17.337          100.654
   62 (vir)          109.536          -1.370          -0.815          -8.484          115.836
   63 (vir)          109.992          -0.883          -0.812          -8.529          116.826
   64 (vir)          292.856          -0.636          -2.423         -23.103          312.900
   65 (vir)          292.939          -0.695          -2.492         -23.191          312.943
   66 (vir)          292.977          -0.639          -2.418         -23.097          313.016
   67 (vir)          292.996          -0.701          -2.483         -23.175          312.987
   68 (vir)          293.283          -0.701          -2.502         -23.217          313.297
   69 (vir)          361.817          -1.905          -1.331         -14.817          373.398
