 
  kpoint:     0.1053    0.1053    0.0000
 
    n          ϵ_nk^DFT (eV)     Σ^c_nk (eV)     Σ^x_nk (eV)    v_nk^xc (eV)   ϵ_nk^G0W0 (eV)
 
    1 (occ)          -60.507          12.508         -39.206         -24.128          -63.077
    2 (occ)          -34.732           9.291         -32.575         -22.580          -35.436
    3 (occ)          -34.646           9.237         -32.573         -22.665          -35.318
    4 (occ)          -34.593           9.192         -32.567         -22.722          -35.247
    5 (occ)          -13.467           7.333         -20.211         -12.910          -13.434
    6 (occ)          -12.657           6.952         -20.049         -13.068          -12.686
    7 (occ)           -4.615           3.827         -16.108         -12.327           -4.570
    8 (occ)           -2.818           2.938         -16.540         -13.774           -2.646
    9 (occ)           -2.440           2.661         -16.021         -13.369           -2.431
   10 (occ)           -1.741           2.061         -16.649         -14.760           -1.568
   11 (occ)           -1.479           2.199         -16.909         -14.936           -1.253
   12 (occ)           -0.563           1.933         -14.739         -12.725           -0.644
   13 (occ)           -0.205           1.217         -16.465         -15.535            0.081
   14 (vir)            2.293          -3.405         -10.166         -14.413            3.135
   15 (vir)            2.480          -3.607         -10.669         -15.286            3.491
   16 (vir)            2.763          -3.563         -10.647         -15.059            3.612
   17 (vir)            3.714          -4.039         -10.434         -15.398            4.639
   18 (vir)            7.358          -4.357          -5.157         -10.354            8.199
   19 (vir)            9.305          -3.643          -2.859          -7.107            9.910
   20 (vir)            9.745          -3.744          -5.058         -10.489           11.431
   21 (vir)           10.519          -4.756          -5.434         -11.414           11.743
   22 (vir)           11.050          -4.698          -5.378         -11.483           12.456
   23 (vir)           12.237          -5.301          -6.223         -12.955           13.668
   24 (vir)           12.481          -5.154          -5.364         -11.807           13.770
   25 (vir)           13.885          -5.335          -5.396         -12.114           15.268
   26 (vir)           14.368          -4.868          -4.643         -11.030           15.888
   27 (vir)           15.381          -5.921          -5.537         -12.733           16.657
   28 (vir)           15.946          -5.738          -5.257         -12.483           17.433
   29 (vir)           16.887          -5.841          -5.172         -12.482           18.356
   30 (vir)           18.549          -5.736          -5.427         -13.217           20.603
   31 (vir)           20.443          -5.047          -3.380         -10.411           22.427
   32 (vir)           21.740          -4.014          -3.335         -10.395           24.786
   33 (vir)           23.550          -5.892          -4.180         -12.500           25.979
   34 (vir)           24.721          -4.353          -4.025         -12.392           28.736
   35 (vir)           25.472          -6.108          -4.188         -12.883           28.059
   36 (vir)           26.587          -7.031          -4.399         -13.365           28.522
   37 (vir)           27.811          -6.037          -4.102         -12.864           30.536
   38 (vir)           28.300          -3.450          -3.348         -11.479           32.981
   39 (vir)           29.935          -4.206          -4.214         -13.372           34.887
   40 (vir)           31.273          -2.367          -3.813         -12.777           37.869
   41 (vir)           33.461          -2.068          -4.024         -13.447           40.815
   42 (vir)           33.621          -3.079          -3.644         -12.658           39.556
   43 (vir)           36.041          -3.155          -3.888         -13.400           42.397
   44 (vir)           36.974          -8.505          -4.334         -14.295           38.430
   45 (vir)           37.716          -1.911          -2.878         -11.501           44.427
   46 (vir)           39.294          -4.031          -4.462         -14.579           45.380
   47 (vir)           40.788          -0.343          -3.150         -12.453           49.748
   48 (vir)           41.110           0.139          -2.931         -11.769           50.086
   49 (vir)           43.290          -3.396          -3.631         -13.510           49.773
   50 (vir)           45.700          -1.901          -2.390         -11.072           52.482
   51 (vir)           46.232           1.565          -2.795         -11.810           56.811
   52 (vir)           46.869          -4.981          -3.081         -12.718           51.526
   53 (vir)           61.073          -0.818          -2.056         -12.579           70.778
   54 (vir)           61.684          -0.526          -2.347         -13.003           71.814
   55 (vir)           63.339          -0.923          -1.972         -12.471           72.914
   56 (vir)           63.967          -0.419          -2.170         -12.890           74.268
   57 (vir)           65.842          -0.923          -2.210         -13.076           75.785
   58 (vir)           70.180          -1.732          -3.245         -14.860           80.062
   59 (vir)           70.349          -2.251          -2.090         -13.027           79.035
   60 (vir)           85.467          -1.368          -3.552         -16.912           97.459
   61 (vir)           89.677          -1.025          -3.704         -17.335          102.282
   62 (vir)          109.325          -0.703          -0.813          -8.477          116.286
   63 (vir)          109.878          -0.677          -0.808          -8.519          116.912
   64 (vir)          292.837          -0.637          -2.423         -23.104          312.881
   65 (vir)          292.934          -0.637          -2.420         -23.100          312.977
   66 (vir)          292.950          -0.695          -2.490         -23.187          312.952
   67 (vir)          293.130          -0.697          -2.495         -23.203          313.140
   68 (vir)          293.212          -0.696          -2.500         -23.213          313.229
   69 (vir)          359.644           0.997          -1.352         -14.848          374.137
