 
  kpoint:     0.0000    0.1316    0.0000
 
    n          ϵ_nk^DFT (eV)     Σ^c_nk (eV)     Σ^x_nk (eV)    v_nk^xc (eV)   ϵ_nk^G0W0 (eV)
 
    1 (occ)          -60.510          12.453         -39.206         -24.125          -63.137
    2 (occ)          -34.739           9.284         -32.572         -22.571          -35.456
    3 (occ)          -34.615           9.174         -32.567         -22.697          -35.311
    4 (occ)          -34.584           9.127         -32.564         -22.732          -35.289
    5 (occ)          -13.663           7.441         -20.235         -12.848          -13.609
    6 (occ)          -12.763           7.023         -20.043         -13.025          -12.758
    7 (occ)           -4.834           4.019         -16.105         -12.197           -4.724
    8 (occ)           -2.428           2.724         -16.853         -14.349           -2.209
    9 (occ)           -2.158           2.534         -15.784         -13.230           -2.179
   10 (occ)           -1.635           2.270         -17.189         -15.173           -1.381
   11 (occ)           -1.241           1.704         -16.911         -15.444           -1.005
   12 (occ)           -0.684           1.887         -14.867         -12.939           -0.726
   13 (occ)           -0.066           1.150         -16.278         -15.392            0.198
   14 (vir)            2.594          -3.474         -10.040         -14.377            3.457
   15 (vir)            2.662          -3.549         -10.506         -15.033            3.640
   16 (vir)            3.029          -3.584         -10.397         -14.805            3.853
   17 (vir)            3.446          -3.797         -10.375         -15.103            4.376
   18 (vir)            6.804          -4.294          -5.262         -10.397            7.646
   19 (vir)            9.033          -3.563          -2.858          -7.056            9.667
   20 (vir)            9.300          -3.814          -4.651          -9.706           10.540
   21 (vir)           10.373          -4.523          -5.259         -11.146           11.737
   22 (vir)           10.903          -4.844          -5.509         -11.619           12.169
   23 (vir)           12.508          -5.186          -5.602         -12.105           13.824
   24 (vir)           13.060          -4.903          -5.347         -11.835           14.644
   25 (vir)           13.101          -5.244          -6.063         -12.859           14.653
   26 (vir)           14.441          -5.085          -5.203         -11.920           16.074
   27 (vir)           16.186          -5.762          -5.071         -12.254           17.606
   28 (vir)           16.640          -5.265          -5.722         -13.279           18.933
   29 (vir)           16.869          -5.695          -5.361         -12.793           18.605
   30 (vir)           18.442          -5.680          -5.375         -13.098           20.485
   31 (vir)           19.777          -5.060          -3.188          -9.931           21.459
   32 (vir)           20.795          -4.372          -3.427         -10.393           23.390
   33 (vir)           23.212          -6.541          -4.472         -12.930           25.130
   34 (vir)           23.350          -5.572          -4.142         -12.406           26.042
   35 (vir)           25.442          -7.145          -4.310         -13.108           27.094
   36 (vir)           25.705          -6.654          -4.414         -13.307           27.944
   37 (vir)           29.050          -5.694          -4.116         -13.183           32.424
   38 (vir)           29.175          -4.497          -3.501         -11.819           32.996
   39 (vir)           29.293          -5.239          -4.177         -13.240           33.117
   40 (vir)           32.452          -3.469          -3.876         -13.176           38.283
   41 (vir)           33.085          -3.010          -4.005         -13.358           39.427
   42 (vir)           34.218          -3.267          -3.780         -13.057           40.228
   43 (vir)           36.884          -7.973          -4.657         -14.778           39.031
   44 (vir)           37.359          -5.545          -4.259         -14.274           41.829
   45 (vir)           39.052          -5.345          -4.650         -14.939           43.996
   46 (vir)           40.280          -2.194          -3.315         -12.731           47.502
   47 (vir)           41.940          -1.174          -3.823         -14.060           51.004
   48 (vir)           43.298          -2.411          -2.999         -12.290           50.178
   49 (vir)           45.439          -0.277          -2.916         -11.986           54.232
   50 (vir)           46.071          -2.325          -2.684         -11.686           52.749
   51 (vir)           51.973          -1.013          -1.889         -10.024           59.095
   52 (vir)           52.611          -1.367          -1.413          -9.109           58.939
   53 (vir)           61.287          -3.002          -1.853         -12.006           68.439
   54 (vir)           61.977          -0.190          -1.966         -12.410           72.231
   55 (vir)           62.067          -2.546          -2.552         -13.297           70.267
   56 (vir)           62.892          -1.003          -1.984         -12.380           72.285
   57 (vir)           65.112          -0.953          -2.276         -13.211           75.094
   58 (vir)           67.111          -1.399          -3.052         -14.317           76.976
   59 (vir)           69.555          -8.048          -2.172         -13.083           72.418
   60 (vir)           87.551          -4.371          -3.676         -17.084           96.587
   61 (vir)           90.659          -1.650          -3.759         -17.374          102.624
   62 (vir)          108.499          -0.571          -0.839          -8.520          115.610
   63 (vir)          109.262           0.074          -0.827          -8.557          117.066
   64 (vir)          292.819          -0.639          -2.425         -23.106          312.862
   65 (vir)          292.863          -0.639          -2.423         -23.104          312.905
   66 (vir)          293.073          -0.698          -2.502         -23.215          313.087
   67 (vir)          293.105          -0.700          -2.492         -23.195          313.108
   68 (vir)          293.220          -0.698          -2.504         -23.221          313.239
   69 (vir)          354.727          -1.112          -1.432         -14.896          367.079
