 
  kpoint:     0.0175    0.0175    0.0000
 
    n          ϵ_nk^DFT (eV)     Σ^c_nk (eV)     Σ^x_nk (eV)    v_nk^xc (eV)   ϵ_nk^G0W0 (eV)
 
    1 (occ)          -60.514          11.922         -39.207         -24.122          -63.677
    2 (occ)          -34.747           9.329         -32.570         -22.561          -35.428
    3 (occ)          -34.576           9.249         -32.562         -22.738          -35.151
    4 (occ)          -34.575           9.100         -32.562         -22.740          -35.296
    5 (occ)          -13.877           7.604         -20.266         -12.783          -13.756
    6 (occ)          -12.878           7.146         -20.038         -12.980          -12.790
    7 (occ)           -5.093           4.101         -16.152         -12.097           -5.047
    8 (occ)           -1.897           2.407         -17.345         -15.202           -1.633
    9 (occ)           -1.851           2.381         -17.368         -15.255           -1.583
   10 (occ)           -1.591           2.494         -14.387         -11.689           -1.795
   11 (occ)           -0.909           1.469         -16.953         -15.756           -0.636
   12 (occ)           -0.852           1.514         -16.632         -15.345           -0.625
   13 (occ)            0.038           1.096         -16.031         -15.173            0.277
   14 (vir)            3.077          -3.500         -10.241         -14.675            4.012
   15 (vir)            3.140          -3.527         -10.241         -14.695            4.067
   16 (vir)            3.285          -3.696         -10.106         -14.607            4.090
   17 (vir)            3.329          -3.696         -10.158         -14.669            4.144
   18 (vir)            5.895          -4.095          -5.197         -10.197            6.801
   19 (vir)            8.536          -3.803          -3.572          -8.081            9.242
   20 (vir)            8.824          -3.529          -4.165          -8.827            9.955
   21 (vir)            9.453          -3.733          -4.348          -9.449           10.821
   22 (vir)           11.627          -5.009          -5.645         -11.898           12.870
   23 (vir)           11.722          -4.640          -5.676         -11.956           13.362
   24 (vir)           13.051          -5.662          -5.816         -12.552           14.125
   25 (vir)           14.038          -5.178          -5.528         -12.314           15.645
   26 (vir)           14.133          -5.213          -5.510         -12.309           15.719
   27 (vir)           17.601          -5.895          -5.774         -13.557           19.489
   28 (vir)           17.623          -5.273          -5.753         -13.532           20.129
   29 (vir)           17.931          -6.302          -5.169         -12.698           19.159
   30 (vir)           18.143          -5.584          -5.252         -12.842           20.150
   31 (vir)           19.111          -1.953          -3.049          -9.572           23.681
   32 (vir)           19.528          -4.867          -3.450         -10.218           21.429
   33 (vir)           21.129          -6.711          -4.166         -12.213           22.465
   34 (vir)           22.565          -6.126          -4.829         -13.414           25.024
   35 (vir)           25.003          -6.912          -4.423         -13.294           26.961
   36 (vir)           25.006          -7.512          -4.430         -13.305           26.369
   37 (vir)           29.684          -5.365          -4.069         -13.255           33.505
   38 (vir)           29.711          -6.906          -4.073         -13.263           31.994
   39 (vir)           30.539          -4.746          -3.745         -12.314           34.362
   40 (vir)           33.036          -3.921          -3.913         -13.376           38.579
   41 (vir)           33.084          -1.574          -3.924         -13.387           40.973
   42 (vir)           34.850          -2.451          -3.807         -13.254           41.844
   43 (vir)           37.327          -6.391          -4.645         -14.804           41.097
   44 (vir)           37.474          -7.199          -4.505         -14.691           40.462
   45 (vir)           37.832          -6.070          -4.787         -14.972           41.947
   46 (vir)           42.398          -2.542          -4.009         -14.506           50.353
   47 (vir)           42.454          -2.840          -4.015         -14.521           50.121
   48 (vir)           42.979          -4.449          -3.809         -14.223           48.944
   49 (vir)           56.775          -0.687          -2.255         -11.494           65.327
   50 (vir)           57.801          -1.848          -1.788         -11.103           65.269
   51 (vir)           57.862          -2.154          -2.172         -11.461           64.996
   52 (vir)           58.218          -0.691          -1.883         -11.572           67.217
   53 (vir)           61.442          -2.899          -3.563         -15.006           69.986
   54 (vir)           62.560          -1.236          -1.220          -9.763           69.867
   55 (vir)           63.246          -0.364          -1.006          -9.101           70.977
   56 (vir)           63.464          -0.561          -1.577         -10.845           72.171
   57 (vir)           63.639          -1.780          -1.344         -10.378           70.894
   58 (vir)           65.268          -0.724          -2.054         -12.602           75.093
   59 (vir)           68.427          -1.248          -2.229         -13.081           78.031
   60 (vir)           91.171          -1.975          -3.603         -17.376          102.969
   61 (vir)           91.361          -2.498          -3.647         -17.395          102.611
   62 (vir)          106.758          -0.289          -0.903          -8.647          114.213
   63 (vir)          107.680          -0.550          -0.874          -8.654          114.910
   64 (vir)          292.795          -0.641          -2.426         -23.107          312.836
   65 (vir)          292.797          -0.645          -2.426         -23.107          312.834
   66 (vir)          293.164          -0.701          -2.509         -23.230          313.184
   67 (vir)          293.170          -0.701          -2.509         -23.230          313.191
   68 (vir)          293.188          -0.693          -2.494         -23.203          313.204
   69 (vir)          348.568          -0.757          -1.522         -14.944          361.233
