 
  kpoint:     0.0526    0.0526    0.0000
 
    n          ϵ_nk^DFT (eV)     Σ^c_nk (eV)     Σ^x_nk (eV)    v_nk^xc (eV)   ϵ_nk^G0W0 (eV)
 
    1 (occ)          -60.512          12.244         -39.206         -24.123          -63.351
    2 (occ)          -34.743           9.295         -32.571         -22.566          -35.454
    3 (occ)          -34.594           9.202         -32.563         -22.719          -35.237
    4 (occ)          -34.579           9.134         -32.563         -22.736          -35.272
    5 (occ)          -13.779           7.496         -20.251         -12.812          -13.722
    6 (occ)          -12.825           7.066         -20.040         -13.000          -12.799
    7 (occ)           -4.972           4.026         -16.124         -12.138           -4.933
    8 (occ)           -2.151           2.560         -17.105         -14.788           -1.909
    9 (occ)           -1.891           2.468         -15.351         -12.809           -1.965
   10 (occ)           -1.753           2.346         -17.287         -15.216           -1.478
   11 (occ)           -1.094           1.602         -16.882         -15.529           -0.845
   12 (occ)           -0.691           1.714         -15.518         -13.864           -0.631
   13 (occ)           -0.000           1.116         -16.153         -15.288            0.250
   14 (vir)            2.813          -3.500         -10.359         -14.816            3.770
   15 (vir)            2.901          -3.584         -10.004         -14.405            3.718
   16 (vir)            3.177          -3.637         -10.262         -14.718            3.996
   17 (vir)            3.297          -3.674         -10.316         -14.911            4.219
   18 (vir)            6.396          -4.105          -5.309         -10.397            7.379
   19 (vir)            8.829          -3.627          -3.034          -7.296            9.465
   20 (vir)            9.032          -3.657          -4.388          -9.222           10.209
   21 (vir)            9.894          -4.185          -4.970         -10.556           11.295
   22 (vir)           11.301          -4.853          -5.480         -11.640           12.608
   23 (vir)           12.050          -4.935          -5.700         -12.101           13.515
   24 (vir)           13.105          -5.286          -5.996         -12.779           14.602
   25 (vir)           13.503          -5.073          -5.508         -12.167           15.089
   26 (vir)           14.254          -5.092          -5.328         -12.061           15.894
   27 (vir)           16.950          -6.163          -5.060         -12.386           18.112
   28 (vir)           17.050          -5.949          -5.719         -13.370           18.752
   29 (vir)           17.336          -5.689          -5.604         -13.242           19.285
   30 (vir)           18.261          -5.654          -5.304         -12.949           20.253
   31 (vir)           19.405          -5.261          -3.103          -9.720           20.761
   32 (vir)           20.161          -5.824          -3.479         -10.366           21.225
   33 (vir)           22.339          -7.147          -4.200         -12.370           23.363
   34 (vir)           22.877          -6.803          -4.654         -13.177           24.596
   35 (vir)           25.249          -6.979          -4.375         -13.216           27.111
   36 (vir)           25.336          -7.316          -4.444         -13.330           26.905
   37 (vir)           29.238          -4.515          -4.092         -13.185           33.816
   38 (vir)           29.597          -4.935          -4.120         -13.280           33.821
   39 (vir)           29.891          -6.651          -3.630         -12.103           31.713
   40 (vir)           32.690          -3.853          -3.900         -13.263           38.200
   41 (vir)           33.167          -2.896          -3.974         -13.388           39.686
   42 (vir)           34.547          -5.630          -3.816         -13.196           38.297
   43 (vir)           37.063          -7.077          -4.674         -14.809           40.122
   44 (vir)           37.517          -5.159          -4.434         -14.587           42.510
   45 (vir)           38.511          -5.941          -4.700         -14.948           42.818
   46 (vir)           41.640          -1.608          -3.854         -14.048           50.226
   47 (vir)           42.232          -0.685          -3.934         -14.324           51.937
   48 (vir)           43.497         -11.632          -3.763         -14.162           42.264
   49 (vir)           49.875           0.455          -2.187         -10.624           58.768
   50 (vir)           50.845          -1.272          -1.580          -9.262           57.255
   51 (vir)           54.532          -1.977          -1.892         -10.231           60.895
   52 (vir)           55.474          -1.465          -1.454          -9.530           62.085
   53 (vir)           61.264          -1.789          -1.759         -11.697           69.413
   54 (vir)           61.500          -0.760          -1.796         -11.834           70.778
   55 (vir)           62.460          -1.189          -2.079         -12.214           71.406
   56 (vir)           62.725           0.391          -2.029         -12.426           73.513
   57 (vir)           64.059          -5.555          -3.138         -14.543           69.909
   58 (vir)           65.736          -2.188          -2.328         -12.966           74.185
   59 (vir)           69.156           2.139          -2.189         -13.065           82.171
   60 (vir)           89.547          -1.585          -3.758         -17.227          101.431
   61 (vir)           90.998          -1.141          -3.687         -17.388          103.557
   62 (vir)          107.870          -0.579          -0.859          -8.558          114.991
   63 (vir)          108.727           0.414          -0.839          -8.582          116.884
   64 (vir)          292.804          -0.640          -2.425         -23.107          312.845
   65 (vir)          292.827          -0.638          -2.424         -23.106          312.870
   66 (vir)          293.112          -0.701          -2.503         -23.217          313.125
   67 (vir)          293.166          -0.698          -2.500         -23.213          313.181
   68 (vir)          293.187          -0.696          -2.503         -23.219          313.207
   69 (vir)          351.596          -0.956          -1.480         -14.922          364.083
