 
  kpoint:     0.1404    0.1404    0.0000
 
    n          ϵ_nk^DFT (eV)     Σ^c_nk (eV)     Σ^x_nk (eV)    v_nk^xc (eV)   ϵ_nk^G0W0 (eV)
 
    1 (occ)          -60.503          12.626         -39.205         -24.133          -62.949
    2 (occ)          -34.723           9.315         -32.576         -22.593          -35.392
    3 (occ)          -34.688           9.329         -32.579         -22.621          -35.317
    4 (occ)          -34.608           9.250         -32.571         -22.707          -35.223
    5 (occ)          -13.173           7.182         -20.179         -13.009          -13.161
    6 (occ)          -12.499           6.866         -20.062         -13.137          -12.558
    7 (occ)           -4.355           3.686         -16.260         -12.643           -4.286
    8 (occ)           -3.263           3.185         -16.079         -12.990           -3.167
    9 (occ)           -2.796           2.818         -16.090         -13.290           -2.778
   10 (occ)           -2.305           2.443         -16.628         -14.306           -2.183
   11 (occ)           -1.353           2.149         -16.335         -14.354           -1.186
   12 (occ)           -0.615           2.037         -14.740         -12.598           -0.721
   13 (occ)           -0.399           1.318         -16.731         -15.729           -0.083
   14 (vir)            2.042          -3.297         -10.415         -14.576            2.905
   15 (vir)            2.486          -3.703         -10.716         -15.444            3.512
   16 (vir)            2.540          -3.694         -11.135         -15.714            3.425
   17 (vir)            3.991          -4.295         -10.449         -15.660            4.906
   18 (vir)            7.904          -4.401          -5.126         -10.420            8.797
   19 (vir)            9.631          -3.502          -3.138          -7.603           10.594
   20 (vir)            9.774          -4.880          -5.300         -11.075           10.669
   21 (vir)           10.483          -4.518          -5.894         -11.890           11.961
   22 (vir)           11.266          -4.609          -5.292         -11.300           12.664
   23 (vir)           12.072          -5.305          -6.095         -12.810           13.483
   24 (vir)           12.418          -5.331          -5.194         -11.690           13.583
   25 (vir)           13.983          -5.587          -5.305         -12.036           15.129
   26 (vir)           14.059          -4.756          -4.576         -10.822           15.549
   27 (vir)           14.921          -5.436          -5.018         -11.815           16.282
   28 (vir)           16.276          -5.467          -5.046         -12.200           17.963
   29 (vir)           16.927          -5.664          -4.769         -11.870           18.364
   30 (vir)           18.884          -6.064          -5.397         -13.285           20.708
   31 (vir)           21.376          -4.987          -3.866         -11.406           23.929
   32 (vir)           23.003          -3.420          -3.241         -10.430           26.771
   33 (vir)           23.938          -5.168          -3.708         -11.688           26.751
   34 (vir)           25.301          -6.694          -4.122         -12.679           27.164
   35 (vir)           26.263          -3.395          -3.569         -11.807           31.105
   36 (vir)           26.553          -7.590          -3.979         -12.438           27.422
   37 (vir)           27.261          -4.693          -3.427         -11.469           30.610
   38 (vir)           28.056          -6.321          -4.386         -13.425           30.774
   39 (vir)           29.978          -3.201          -3.734         -12.383           35.426
   40 (vir)           30.621          -4.593          -4.209         -13.397           35.217
   41 (vir)           32.415          -1.951          -2.947         -11.040           38.556
   42 (vir)           33.676          -2.080          -3.913         -13.199           40.882
   43 (vir)           33.773          -2.417          -3.852         -13.236           40.740
   44 (vir)           34.391          -3.152          -3.073         -11.573           39.739
   45 (vir)           36.412          -3.820          -4.077         -13.789           42.304
   46 (vir)           37.972          -0.728          -2.651         -11.046           45.639
   47 (vir)           38.703          -3.101          -3.847         -13.143           44.898
   48 (vir)           39.799          -3.287          -3.720         -13.307           46.099
   49 (vir)           41.928          -3.828          -4.020         -14.273           48.352
   50 (vir)           42.308          -9.174          -3.130         -12.317           42.321
   51 (vir)           44.070          -0.806          -3.694         -13.827           53.397
   52 (vir)           48.762          -1.233          -3.816         -14.700           58.413
   53 (vir)           61.403           0.064          -2.147         -12.774           72.094
   54 (vir)           61.487          -0.731          -2.396         -13.110           71.470
   55 (vir)           64.806          -0.745          -2.027         -12.620           74.655
   56 (vir)           64.889          -0.656          -2.039         -12.724           74.918
   57 (vir)           66.810          -1.193          -2.315         -13.267           76.569
   58 (vir)           71.472          -1.996          -2.036         -12.982           80.422
   59 (vir)           74.285          -2.045          -3.202         -15.043           84.081
   60 (vir)           82.418          -2.316          -3.644         -16.678           93.136
   61 (vir)           88.460          -1.398          -3.732         -17.237          100.568
   62 (vir)          110.197          -1.590          -0.792          -8.449          116.264
   63 (vir)          110.469          -2.294          -0.797          -8.494          115.873
   64 (vir)          292.818          -0.693          -2.480         -23.164          312.809
   65 (vir)          292.877          -0.637          -2.421         -23.100          312.920
   66 (vir)          293.027          -0.638          -2.417         -23.095          313.068
   67 (vir)          293.095          -0.703          -2.493         -23.197          313.096
   68 (vir)          293.229          -0.697          -2.494         -23.201          313.239
   69 (vir)          365.788          -1.729          -1.279         -14.779          377.559
