 
  kpoint:     0.0000    0.1842    0.0000
 
    n          ϵ_nk^DFT (eV)     Σ^c_nk (eV)     Σ^x_nk (eV)    v_nk^xc (eV)   ϵ_nk^G0W0 (eV)
 
    1 (occ)          -60.507          12.565         -39.206         -24.128          -63.020
    2 (occ)          -34.732           9.279         -32.574         -22.580          -35.447
    3 (occ)          -34.649           9.185         -32.573         -22.661          -35.377
    4 (occ)          -34.592           9.148         -32.567         -22.724          -35.286
    5 (occ)          -13.459           7.339         -20.209         -12.913          -13.416
    6 (occ)          -12.653           6.967         -20.049         -13.070          -12.666
    7 (occ)           -4.613           3.813         -16.123         -12.343           -4.580
    8 (occ)           -2.853           2.963         -16.474         -13.681           -2.684
    9 (occ)           -2.538           2.687         -16.083         -13.413           -2.521
   10 (occ)           -1.499           1.890         -16.921         -15.242           -1.288
   11 (occ)           -1.435           2.164         -16.992         -15.061           -1.201
   12 (occ)           -0.786           2.073         -14.439         -12.247           -0.905
   13 (occ)           -0.223           1.227         -16.419         -15.476            0.061
   14 (vir)            2.290          -3.451         -10.217         -14.520            3.141
   15 (vir)            2.612          -3.641         -10.627         -15.267            3.611
   16 (vir)            2.800          -3.511         -10.654         -15.014            3.649
   17 (vir)            3.666          -3.986         -10.445         -15.363            4.598
   18 (vir)            7.263          -4.258          -5.124         -10.283            8.165
   19 (vir)            9.277          -3.541          -2.946          -7.229           10.020
   20 (vir)            9.781          -4.257          -5.063         -10.533           10.995
   21 (vir)           10.298          -4.746          -5.699         -11.715           11.568
   22 (vir)           10.756          -4.781          -5.483         -11.547           12.038
   23 (vir)           12.874          -4.719          -4.930         -11.218           14.443
   24 (vir)           13.118          -5.543          -5.573         -12.267           14.269
   25 (vir)           13.168          -5.183          -5.857         -12.590           14.718
   26 (vir)           14.788          -5.060          -4.967         -11.649           16.411
   27 (vir)           15.359          -5.679          -5.175         -12.249           16.754
   28 (vir)           16.016          -5.622          -5.633         -12.989           17.750
   29 (vir)           16.282          -5.613          -5.021         -12.167           17.815
   30 (vir)           18.708          -5.970          -5.459         -13.286           20.565
   31 (vir)           20.457          -4.804          -3.376         -10.371           22.648
   32 (vir)           21.776          -4.523          -3.348         -10.425           24.331
   33 (vir)           23.674          -5.858          -4.204         -12.543           26.155
   34 (vir)           24.695          -4.710          -3.968         -12.293           28.310
   35 (vir)           25.494          -6.725          -4.177         -12.843           27.435
   36 (vir)           26.354          -5.508          -4.315         -13.203           29.734
   37 (vir)           28.099          -4.034          -3.350         -11.418           32.133
   38 (vir)           28.881          -4.642          -4.167         -13.224           33.296
   39 (vir)           29.047          -4.419          -4.226         -13.150           33.553
   40 (vir)           31.970          -4.942          -3.846         -13.025           36.206
   41 (vir)           32.989          -6.601          -4.013         -13.304           35.679
   42 (vir)           33.634          -1.413          -3.586         -12.547           41.182
   43 (vir)           36.172          -3.008          -3.594         -12.913           42.482
   44 (vir)           36.559          -6.548          -4.593         -14.662           40.079
   45 (vir)           37.251          -1.922          -2.851         -11.437           43.915
   46 (vir)           39.661          -4.524          -4.542         -14.800           45.394
   47 (vir)           40.325          -1.336          -3.111         -12.046           47.924
   48 (vir)           41.229          -1.706          -3.517         -13.303           49.309
   49 (vir)           42.983          -3.047          -3.826         -13.921           50.031
   50 (vir)           46.324          -9.734          -3.751         -14.355           47.194
   51 (vir)           48.433          -0.641          -2.225         -10.594           56.161
   52 (vir)           48.596           0.344          -1.610          -9.303           56.633
   53 (vir)           61.535          -0.915          -1.968         -12.369           71.021
   54 (vir)           62.070           0.028          -2.620         -13.496           72.973
   55 (vir)           63.134          -0.165          -2.005         -12.529           73.493
   56 (vir)           63.299          -2.081          -2.081         -12.680           71.817
   57 (vir)           65.744          -1.361          -2.114         -12.871           75.139
   58 (vir)           70.048          -2.188          -3.148         -14.732           79.444
   59 (vir)           70.278          -1.671          -2.116         -13.046           79.537
   60 (vir)           84.582          -3.406          -3.585         -16.845           94.436
   61 (vir)           89.915          -0.453          -3.753         -17.351          103.061
   62 (vir)          109.193          -0.878          -0.822          -8.492          115.986
   63 (vir)          109.768          -0.372          -0.816          -8.537          117.116
   64 (vir)          292.842          -0.636          -2.423         -23.104          312.887
   65 (vir)          292.934          -0.639          -2.420         -23.099          312.975
   66 (vir)          292.988          -0.696          -2.496         -23.199          312.996
   67 (vir)          293.036          -0.702          -2.486         -23.183          313.031
   68 (vir)          293.260          -0.700          -2.503         -23.219          313.276
   69 (vir)          359.432          -1.628          -1.360         -14.847          371.290
