 
  kpoint:     0.1579    0.1579    0.0000
 
    n          ϵ_nk^DFT (eV)     Σ^c_nk (eV)     Σ^x_nk (eV)    v_nk^xc (eV)   ϵ_nk^G0W0 (eV)
 
    1 (occ)          -60.501          12.694         -39.205         -24.135          -62.877
    2 (occ)          -34.718           9.326         -32.576         -22.599          -35.369
    3 (occ)          -34.709           9.336         -32.582         -22.600          -35.356
    4 (occ)          -34.617           9.272         -32.574         -22.698          -35.221
    5 (occ)          -13.010           7.092         -20.165         -13.068          -13.015
    6 (occ)          -12.411           6.842         -20.073         -13.177          -12.466
    7 (occ)           -4.282           3.646         -16.419         -12.866           -4.189
    8 (occ)           -3.409           3.268         -15.816         -12.594           -3.363
    9 (occ)           -3.002           2.908         -16.078         -13.201           -2.971
   10 (occ)           -2.544           2.625         -16.654         -14.128           -2.444
   11 (occ)           -1.390           2.153         -15.981         -13.965           -1.252
   12 (occ)           -0.683           2.084         -14.826         -12.637           -0.788
   13 (occ)           -0.442           1.363         -16.843         -15.800           -0.122
   14 (vir)            1.960          -3.273         -10.557         -14.707            2.838
   15 (vir)            2.491          -3.809         -11.447         -16.165            3.401
   16 (vir)            2.547          -3.750         -10.685         -15.460            3.572
   17 (vir)            4.101          -4.398         -10.432         -15.746            5.017
   18 (vir)            8.128          -4.446          -5.279         -10.692            9.094
   19 (vir)            9.448          -4.769          -5.281         -10.914           10.312
   20 (vir)            9.789          -3.672          -3.387          -8.016           10.746
   21 (vir)           10.726          -4.812          -6.189         -12.460           12.185
   22 (vir)           11.178          -4.579          -5.149         -11.073           12.523
   23 (vir)           12.028          -5.277          -5.831         -12.448           13.368
   24 (vir)           12.610          -5.323          -5.070         -11.541           13.758
   25 (vir)           13.431          -5.146          -5.311         -11.872           14.846
   26 (vir)           13.933          -4.760          -4.617         -10.840           15.397
   27 (vir)           15.318          -5.384          -4.730         -11.470           16.673
   28 (vir)           16.465          -5.691          -5.000         -12.133           17.907
   29 (vir)           17.163          -5.980          -4.570         -11.631           18.244
   30 (vir)           19.219          -6.176          -5.248         -13.164           20.959
   31 (vir)           21.761          -6.945          -4.169         -12.010           22.657
   32 (vir)           23.669          -1.912          -3.230         -10.507           29.034
   33 (vir)           24.149          -4.725          -3.447         -11.202           27.180
   34 (vir)           25.190          -6.623          -4.083         -12.553           27.037
   35 (vir)           25.979          -4.453          -3.968         -12.304           29.862
   36 (vir)           26.424          -4.065          -2.903         -10.480           29.935
   37 (vir)           27.316          -4.551          -3.900         -12.431           31.296
   38 (vir)           28.911          -4.362          -4.338         -13.443           33.654
   39 (vir)           29.449          -4.926          -3.728         -12.296           33.092
   40 (vir)           30.847          -4.050          -3.935         -12.976           35.838
   41 (vir)           31.590          -2.932          -3.033         -11.033           36.658
   42 (vir)           32.898          -1.307          -2.970         -11.138           39.760
   43 (vir)           33.079          -2.547          -3.963         -13.375           39.943
   44 (vir)           33.790          -0.721          -4.123         -13.688           42.634
   45 (vir)           35.794          -2.470          -3.676         -12.959           42.606
   46 (vir)           36.663          -1.243          -2.804         -11.258           43.874
   47 (vir)           37.999          -2.739          -3.868         -13.120           44.512
   48 (vir)           39.557          -2.660          -3.863         -13.595           46.629
   49 (vir)           41.417          -3.485          -4.094         -14.354           48.192
   50 (vir)           41.745          -4.300          -3.722         -13.549           47.273
   51 (vir)           43.724          -3.072          -3.810         -14.086           50.927
   52 (vir)           50.117          -4.461          -3.818         -14.826           56.664
   53 (vir)           61.435          -1.916          -2.405         -13.122           70.235
   54 (vir)           61.554          -1.194          -2.198         -12.866           71.028
   55 (vir)           65.218          -0.560          -2.005         -12.659           75.312
   56 (vir)           65.410          -0.854          -2.088         -12.752           75.220
   57 (vir)           67.382          -0.255          -2.347         -13.341           78.121
   58 (vir)           72.115          -1.919          -2.016         -12.982           81.161
   59 (vir)           76.309          -1.957          -3.189         -15.114           86.276
   60 (vir)           80.982          -2.167          -3.640         -16.509           91.684
   61 (vir)           87.805          -1.422          -3.728         -17.159           99.815
   62 (vir)          110.670          -0.417          -0.783          -8.438          117.908
   63 (vir)          110.782          -2.047          -0.792          -8.484          116.426
   64 (vir)          292.756          -0.694          -2.474         -23.152          312.740
   65 (vir)          292.903          -0.637          -2.419         -23.098          312.945
   66 (vir)          293.074          -0.638          -2.415         -23.093          313.113
   67 (vir)          293.075          -0.707          -2.491         -23.193          313.069
   68 (vir)          293.234          -0.698          -2.491         -23.194          313.239
   69 (vir)          368.668          -1.788          -1.246         -14.743          380.377
