 
  kpoint:     0.2281    0.2281    0.0000
 
    n          ϵ_nk^DFT (eV)     Σ^c_nk (eV)     Σ^x_nk (eV)    v_nk^xc (eV)   ϵ_nk^G0W0 (eV)
 
    1 (occ)          -60.493          12.766         -39.204         -24.143          -62.789
    2 (occ)          -34.769           9.408         -32.588         -22.539          -35.411
    3 (occ)          -34.700           9.277         -32.581         -22.623          -35.381
    4 (occ)          -34.662           9.176         -32.586         -22.651          -35.421
    5 (occ)          -12.360           6.762         -20.144         -13.337          -12.405
    6 (occ)          -12.064           6.861         -20.133         -13.359          -11.977
    7 (occ)           -4.553           3.861         -16.279         -12.550           -4.422
    8 (occ)           -4.038           3.478         -16.393         -13.023           -3.930
    9 (occ)           -3.291           3.222         -15.948         -12.712           -3.305
   10 (occ)           -2.866           2.940         -16.245         -13.343           -2.829
   11 (occ)           -2.172           2.503         -15.183         -12.753           -2.099
   12 (occ)           -1.171           2.301         -15.371         -12.987           -1.253
   13 (occ)           -0.249           1.206         -16.502         -15.606            0.061
   14 (vir)            2.123          -3.389         -11.123         -15.410            3.021
   15 (vir)            2.522          -4.293         -12.629         -17.907            3.507
   16 (vir)            2.904          -3.895         -10.464         -15.375            3.920
   17 (vir)            4.334          -4.651         -10.341         -15.935            5.278
   18 (vir)            7.770          -4.778          -6.680         -12.483            8.794
   19 (vir)            8.845          -4.290          -4.927         -10.237            9.865
   20 (vir)           10.335          -4.969          -5.310         -11.266           11.322
   21 (vir)           10.349          -4.081          -4.405          -9.709           11.572
   22 (vir)           11.339          -4.845          -5.060         -11.065           12.500
   23 (vir)           12.310          -5.064          -5.385         -11.839           13.699
   24 (vir)           13.180          -5.017          -5.749         -12.518           14.932
   25 (vir)           13.576          -4.461          -3.665          -9.329           14.779
   26 (vir)           13.913          -4.995          -4.943         -11.541           15.517
   27 (vir)           15.905          -5.936          -5.228         -12.253           16.994
   28 (vir)           16.630          -5.216          -3.643          -9.986           17.757
   29 (vir)           18.863          -5.567          -4.001         -11.133           20.427
   30 (vir)           21.684          -6.027          -4.304         -12.210           23.562
   31 (vir)           21.993          -5.626          -4.349         -12.324           24.342
   32 (vir)           23.167          -6.615          -3.706         -11.399           24.246
   33 (vir)           23.728          -6.860          -3.373         -10.910           24.405
   34 (vir)           24.494          -7.581          -4.066         -12.156           25.003
   35 (vir)           26.607          -6.498          -4.152         -12.914           28.872
   36 (vir)           26.904          -8.460          -3.398         -11.203           26.249
   37 (vir)           28.910          -5.622          -4.022         -12.940           32.206
   38 (vir)           28.968          -0.282          -2.496          -9.842           36.032
   39 (vir)           29.403          -3.122          -3.676         -12.219           34.823
   40 (vir)           30.507          -0.662          -3.781         -12.490           38.554
   41 (vir)           31.111          -2.857          -3.374         -11.688           36.567
   42 (vir)           31.926          -4.353          -3.495         -12.335           36.412
   43 (vir)           31.938          -4.290          -3.973         -13.063           36.738
   44 (vir)           32.681          -7.645          -3.586         -12.583           34.034
   45 (vir)           34.034          -3.328          -3.712         -12.824           39.818
   46 (vir)           35.236          -0.166          -3.838         -13.235           44.467
   47 (vir)           36.090          -3.476          -4.210         -13.825           42.228
   48 (vir)           38.539          -2.542          -3.960         -13.806           45.843
   49 (vir)           39.495          -3.001          -4.182         -14.361           46.673
   50 (vir)           41.168          -2.244          -4.238         -14.611           49.296
   51 (vir)           43.282          -3.355          -3.870         -14.229           50.286
   52 (vir)           55.368          -1.194          -3.413         -14.595           65.356
   53 (vir)           61.411          -0.272          -2.422         -13.113           71.830
   54 (vir)           61.558          -2.575          -2.608         -13.520           69.895
   55 (vir)           66.006           0.167          -1.962         -12.554           76.764
   56 (vir)           66.355          -1.747          -2.739         -14.001           75.870
   57 (vir)           69.127          -0.174          -2.304         -13.369           80.018
   58 (vir)           74.876          -3.084          -2.135         -13.413           83.071
   59 (vir)           77.822          -2.570          -3.024         -15.152           87.380
   60 (vir)           83.041          -1.362          -3.080         -15.381           93.980
   61 (vir)           85.267          -2.211          -3.527         -16.580           96.109
   62 (vir)          112.318          -2.026          -0.765          -8.426          117.953
   63 (vir)          113.098           0.227          -0.730          -8.378          120.972
   64 (vir)          292.616          -0.693          -2.458         -23.115          312.581
   65 (vir)          292.979          -0.710          -2.482         -23.172          312.959
   66 (vir)          293.028          -0.635          -2.414         -23.089          313.069
   67 (vir)          293.205          -0.706          -2.476         -23.163          313.187
   68 (vir)          293.221          -0.638          -2.411         -23.086          313.258
   69 (vir)          375.379          -1.563          -1.140         -14.634          387.310
