 
  kpoint:     0.0000    0.4211    0.0000
 
    n          ϵ_nk^DFT (eV)     Σ^c_nk (eV)     Σ^x_nk (eV)    v_nk^xc (eV)   ϵ_nk^G0W0 (eV)
 
    1 (occ)          -60.493          12.609         -39.204         -24.143          -62.946
    2 (occ)          -34.807           9.412         -32.598         -22.498          -35.495
    3 (occ)          -34.699           9.254         -32.577         -22.624          -35.398
    4 (occ)          -34.629           9.252         -32.581         -22.689          -35.269
    5 (occ)          -12.301           6.888         -20.152         -13.375          -12.190
    6 (occ)          -12.049           6.884         -20.141         -13.376          -11.929
    7 (occ)           -5.138           4.146         -16.168         -12.115           -5.045
    8 (occ)           -4.259           3.620         -15.867         -12.281           -4.225
    9 (occ)           -3.525           3.314         -16.425         -13.164           -3.473
   10 (occ)           -2.416           2.564         -17.128         -14.706           -2.273
   11 (occ)           -1.554           2.470         -15.580         -13.020           -1.644
   12 (occ)           -0.529           1.408         -15.384         -14.191           -0.315
   13 (occ)           -0.477           1.857         -15.329         -13.510           -0.440
   14 (vir)            2.189          -3.845         -12.779         -17.612            3.176
   15 (vir)            2.470          -4.115         -11.893         -16.934            3.396
   16 (vir)            3.700          -4.189          -9.666         -14.819            4.664
   17 (vir)            4.262          -4.420         -10.508         -15.877            5.210
   18 (vir)            6.435          -4.348          -6.310         -11.703            7.480
   19 (vir)            8.091          -4.378          -5.198         -10.619            9.134
   20 (vir)            8.371          -4.158          -5.745         -11.157            9.625
   21 (vir)           10.580          -4.625          -5.171         -10.869           11.654
   22 (vir)           11.282          -4.673          -6.253         -12.459           12.815
   23 (vir)           11.948          -5.035          -5.510         -11.899           13.303
   24 (vir)           13.270          -4.144          -3.117          -8.285           14.294
   25 (vir)           14.605          -4.934          -3.865          -9.969           15.775
   26 (vir)           16.587          -5.677          -3.858         -10.713           17.764
   27 (vir)           17.315          -5.000          -4.746         -11.854           19.422
   28 (vir)           18.277          -6.104          -4.127         -11.624           19.669
   29 (vir)           18.974          -5.759          -4.881         -12.438           20.772
   30 (vir)           20.409          -5.798          -4.870         -12.789           22.530
   31 (vir)           22.422          -6.664          -4.056         -11.819           23.522
   32 (vir)           23.109          -6.443          -3.767         -11.404           24.303
   33 (vir)           23.687          -6.580          -3.680         -11.647           25.074
   34 (vir)           24.930          -6.737          -4.187         -12.625           26.631
   35 (vir)           27.169          -5.755          -4.100         -12.805           30.119
   36 (vir)           27.255          -5.826          -3.232         -11.172           29.370
   37 (vir)           28.583          -7.280          -4.062         -12.945           30.186
   38 (vir)           29.064          -2.314          -4.282         -13.265           35.732
   39 (vir)           29.388          -6.242          -3.685         -12.338           31.799
   40 (vir)           30.005          -3.802          -3.615         -12.053           34.641
   41 (vir)           30.607          -4.322          -3.707         -12.296           34.874
   42 (vir)           33.086          -3.242          -4.008         -13.257           39.092
   43 (vir)           33.239          -5.031          -4.143         -13.509           37.573
   44 (vir)           34.474          -0.614          -3.233         -11.963           42.590
   45 (vir)           35.751          -2.484          -3.539         -12.826           42.553
   46 (vir)           36.180          -3.023          -2.872         -11.079           41.364
   47 (vir)           36.973          -3.656          -4.044         -13.771           43.044
   48 (vir)           39.405          -3.210          -4.139         -14.206           46.261
   49 (vir)           39.658          -1.600          -3.209         -12.086           46.935
   50 (vir)           43.112          -2.178          -3.785         -13.875           51.024
   51 (vir)           44.898          -2.489          -3.216         -12.938           52.131
   52 (vir)           54.079           0.499          -3.502         -14.550           65.625
   53 (vir)           61.345          -1.232          -3.468         -15.005           71.650
   54 (vir)           61.603          -0.633          -2.770         -13.659           71.858
   55 (vir)           62.844          -0.770          -2.114         -12.731           72.692
   56 (vir)           65.689          -0.314          -2.070         -12.857           76.162
   57 (vir)           68.552          -3.936          -2.197         -13.084           75.503
   58 (vir)           75.485          -0.808          -2.214         -13.501           85.964
   59 (vir)           77.413          -1.429          -2.179         -13.499           87.304
   60 (vir)           78.493          -0.569          -2.748         -14.307           89.482
   61 (vir)           86.660          -3.345          -3.751         -17.222           96.786
   62 (vir)          113.285          -0.359          -0.747          -8.436          120.614
   63 (vir)          114.194          -0.454          -0.725          -8.414          121.428
   64 (vir)          292.564          -0.694          -2.459         -23.118          312.529
   65 (vir)          292.716          -0.692          -2.460         -23.122          312.685
   66 (vir)          292.955          -0.632          -2.415         -23.090          312.998
   67 (vir)          293.296          -0.641          -2.409         -23.083          313.329
   68 (vir)          293.458          -0.703          -2.492         -23.201          313.463
   69 (vir)          372.550          -1.445          -1.184         -14.584          384.504
