 
  kpoint:     0.0000    0.0000    0.0000
 
    n          ϵ_nk^DFT (eV)     Σ^c_nk (eV)     Σ^x_nk (eV)    v_nk^xc (eV)   ϵ_nk^G0W0 (eV)
 
    1 (occ)          -60.514          11.870         -39.207         -24.122          -63.729
    2 (occ)          -34.747           9.337         -32.571         -22.560          -35.421
    3 (occ)          -34.574           9.147         -32.561         -22.741          -35.248
    4 (occ)          -34.574           9.172         -32.562         -22.741          -35.223
    5 (occ)          -13.889           7.623         -20.268         -12.779          -13.756
    6 (occ)          -12.885           7.157         -20.038         -12.978          -12.788
    7 (occ)           -5.109           4.110         -16.157         -12.093           -5.063
    8 (occ)           -1.864           2.383         -17.377         -15.259           -1.599
    9 (occ)           -1.863           2.386         -17.379         -15.260           -1.596
   10 (occ)           -1.538           2.529         -14.084         -11.308           -1.785
   11 (occ)           -0.887           1.455         -16.960         -15.781           -0.612
   12 (occ)           -0.886           1.454         -16.960         -15.781           -0.611
   13 (occ)            0.042           1.094         -16.015         -15.158            0.279
   14 (vir)            3.119          -3.515         -10.230         -14.665            4.038
   15 (vir)            3.120          -3.503         -10.230         -14.665            4.052
   16 (vir)            3.348          -3.713         -10.145         -14.663            4.153
   17 (vir)            3.349          -3.712         -10.145         -14.664            4.156
   18 (vir)            5.816          -4.081          -5.153         -10.138            6.721
   19 (vir)            8.483          -3.831          -3.671          -8.224            9.206
   20 (vir)            8.798          -3.513          -4.137          -8.777            9.925
   21 (vir)            9.402          -3.673          -4.235          -9.257           10.751
   22 (vir)           11.673          -4.493          -5.680         -11.946           13.446
   23 (vir)           11.674          -4.040          -5.678         -11.946           13.902
   24 (vir)           13.045          -5.590          -5.770         -12.493           14.178
   25 (vir)           14.116          -5.219          -5.531         -12.336           15.702
   26 (vir)           14.118          -5.218          -5.531         -12.336           15.705
   27 (vir)           17.668          -5.888          -5.777         -13.575           19.578
   28 (vir)           17.669          -5.885          -5.777         -13.575           19.582
   29 (vir)           18.125          -5.585          -5.244         -12.826           20.123
   30 (vir)           18.127          -5.534          -5.244         -12.827           20.176
   31 (vir)           19.076          -4.401          -3.041          -9.557           21.191
   32 (vir)           19.434          -4.777          -3.411         -10.141           21.386
   33 (vir)           20.915          -6.609          -4.138         -12.165           22.332
   34 (vir)           22.522          -6.098          -4.851         -13.447           25.020
   35 (vir)           24.964          -7.083          -4.428         -13.301           26.754
   36 (vir)           24.966          -7.921          -4.425         -13.301           25.920
   37 (vir)           29.737          -5.238          -4.066         -13.262           33.695
   38 (vir)           29.738          -5.370          -4.066         -13.262           33.564
   39 (vir)           30.628          -4.896          -3.763         -12.338           34.307
   40 (vir)           33.073          -1.613          -3.914         -13.389           40.935
   41 (vir)           33.075          -3.592          -3.915         -13.389           38.957
   42 (vir)           34.890          -2.471          -3.804         -13.257           41.873
   43 (vir)           37.458          -5.691          -4.512         -14.701           41.955
   44 (vir)           37.460          -7.561          -4.512         -14.701           40.087
   45 (vir)           37.641          -6.727          -4.926         -15.076           41.064
   46 (vir)           42.480          -2.819          -4.022         -14.541           50.180
   47 (vir)           42.483          -2.769          -4.017         -14.541           50.238
   48 (vir)           42.905          -4.415          -3.808         -14.220           48.902
   49 (vir)           58.196          -1.606          -2.235         -11.725           66.080
   50 (vir)           58.201          -0.800          -2.235         -11.727           66.892
   51 (vir)           58.407          -0.781          -1.930         -11.811           67.507
   52 (vir)           58.411          -2.027          -1.932         -11.814           66.266
   53 (vir)           60.739          -2.405          -3.819         -15.387           69.902
   54 (vir)           63.704          -0.522          -0.924          -8.836           71.094
   55 (vir)           63.708          -0.795          -0.939          -8.834           70.808
   56 (vir)           63.876          -1.593          -1.257         -10.081           71.107
   57 (vir)           63.878          -1.327          -1.252         -10.078           71.377
   58 (vir)           65.201          -0.335          -2.085         -12.657           75.439
   59 (vir)           68.143           1.039          -2.281         -13.238           80.139
   60 (vir)           91.395          -6.164          -3.628         -17.397           99.000
   61 (vir)           91.398          -1.980          -3.575         -17.397          103.240
   62 (vir)          106.533          -0.165          -0.913          -8.667          114.121
   63 (vir)          107.455          -0.233          -0.882          -8.671          115.011
   64 (vir)          292.793          -0.641          -2.426         -23.107          312.834
   65 (vir)          292.793          -0.646          -2.426         -23.107          312.829
   66 (vir)          293.170          -0.701          -2.510         -23.232          313.191
   67 (vir)          293.170          -0.700          -2.510         -23.232          313.191
   68 (vir)          293.191          -0.692          -2.493         -23.202          313.207
   69 (vir)          348.156          -0.957          -1.528         -14.947          360.618
