 
  kpoint:     0.0877    0.0877    0.0000
 
    n          ϵ_nk^DFT (eV)     Σ^c_nk (eV)     Σ^x_nk (eV)    v_nk^xc (eV)   ϵ_nk^G0W0 (eV)
 
    1 (occ)          -60.509          12.457         -39.206         -24.126          -63.132
    2 (occ)          -34.737           9.287         -32.573         -22.575          -35.449
    3 (occ)          -34.626           9.197         -32.570         -22.685          -35.314
    4 (occ)          -34.588           9.171         -32.565         -22.728          -35.254
    5 (occ)          -13.591           7.391         -20.226         -12.870          -13.555
    6 (occ)          -12.724           6.991         -20.045         -13.040          -12.737
    7 (occ)           -4.750           3.902         -16.098         -12.239           -4.708
    8 (occ)           -2.578           2.804         -16.741         -14.137           -2.377
    9 (occ)           -2.259           2.583         -15.884         -13.293           -2.267
   10 (occ)           -1.578           2.246         -17.082         -15.081           -1.333
   11 (occ)           -1.481           1.881         -16.723         -15.042           -1.281
   12 (occ)           -0.580           1.875         -14.874         -12.956           -0.623
   13 (occ)           -0.113           1.173         -16.355         -15.455            0.160
   14 (vir)            2.467          -3.462         -10.074         -14.369            3.299
   15 (vir)            2.550          -3.555         -10.581         -15.135            3.549
   16 (vir)            2.910          -3.569         -10.480         -14.882            3.744
   17 (vir)            3.564          -3.903         -10.404         -15.236            4.493
   18 (vir)            7.047          -4.312          -5.230         -10.398            7.903
   19 (vir)            9.146          -3.560          -2.823          -7.021            9.784
   20 (vir)            9.463          -3.919          -4.813         -10.005           10.735
   21 (vir)           10.682          -4.627          -5.311         -11.312           12.055
   22 (vir)           10.800          -4.748          -5.390         -11.436           12.098
   23 (vir)           12.281          -5.104          -6.081         -12.741           13.836
   24 (vir)           12.779          -4.956          -5.440         -11.936           14.320
   25 (vir)           13.483          -5.283          -5.659         -12.379           14.919
   26 (vir)           14.402          -4.923          -4.880         -11.407           16.006
   27 (vir)           16.012          -5.983          -5.605         -12.982           17.406
   28 (vir)           16.086          -5.821          -5.199         -12.426           17.492
   29 (vir)           17.000          -5.936          -5.343         -12.769           18.491
   30 (vir)           18.441          -5.713          -5.388         -13.124           20.465
   31 (vir)           20.022          -5.190          -3.240         -10.095           21.686
   32 (vir)           21.161          -4.259          -3.394         -10.395           23.904
   33 (vir)           23.336          -6.349          -4.356         -12.771           25.402
   34 (vir)           23.903          -6.090          -4.112         -12.424           26.125
   35 (vir)           25.465          -6.333          -4.250         -13.008           27.891
   36 (vir)           26.052          -7.242          -4.434         -13.367           27.744
   37 (vir)           28.365          -6.118          -4.103         -13.001           31.145
   38 (vir)           28.862          -3.540          -3.447         -11.700           33.575
   39 (vir)           29.711          -4.192          -4.190         -13.341           34.670
   40 (vir)           31.865          -2.548          -3.856         -12.983           38.445
   41 (vir)           33.342          -1.370          -4.012         -13.422           41.382
   42 (vir)           33.995          -3.149          -3.755         -12.958           40.049
   43 (vir)           36.739          -6.430          -4.485         -14.500           40.324
   44 (vir)           37.221          -2.696          -4.223         -14.166           44.468
   45 (vir)           39.156          -4.090          -4.588         -14.824           45.302
   46 (vir)           39.434          -2.127          -3.118         -12.207           46.395
   47 (vir)           41.579          -1.086          -3.592         -13.520           50.421
   48 (vir)           42.617          -1.618          -2.605         -11.275           49.670
   49 (vir)           44.528          -2.005          -3.189         -12.543           51.878
   50 (vir)           45.867          -5.300          -3.296         -13.212           50.483
   51 (vir)           48.670           2.389          -2.230         -10.616           59.445
   52 (vir)           49.222          -1.063          -1.546          -9.174           55.788
   53 (vir)           60.970          -0.772          -1.997         -12.423           70.625
   54 (vir)           61.851          -1.203          -2.291         -12.862           71.219
   55 (vir)           62.588          -1.082          -1.956         -12.408           71.958
   56 (vir)           63.435          -0.129          -2.205         -12.894           73.995
   57 (vir)           65.460          -0.805          -2.227         -13.122           75.550
   58 (vir)           68.256          -1.637          -3.222         -14.658           78.055
   59 (vir)           69.891          -3.938          -2.123         -13.052           76.883
   60 (vir)           86.947          -4.866          -3.621         -17.016           95.475
   61 (vir)           90.202          -1.162          -3.701         -17.362          102.701
   62 (vir)          108.885          -0.695          -0.826          -8.497          115.861
   63 (vir)          109.558           0.069          -0.815          -8.535          117.346
   64 (vir)          292.823          -0.637          -2.424         -23.106          312.867
   65 (vir)          292.892          -0.637          -2.422         -23.103          312.935
   66 (vir)          293.012          -0.698          -2.494         -23.198          313.018
   67 (vir)          293.144          -0.697          -2.496         -23.205          313.156
   68 (vir)          293.203          -0.696          -2.503         -23.217          313.222
   69 (vir)          356.673          -0.225          -1.400         -14.878          369.926
