 
  kpoint:     0.0000    0.4474    0.0000
 
    n          ϵ_nk^DFT (eV)     Σ^c_nk (eV)     Σ^x_nk (eV)    v_nk^xc (eV)   ϵ_nk^G0W0 (eV)
 
    1 (occ)          -60.492          12.551         -39.204         -24.143          -63.002
    2 (occ)          -34.815           9.416         -32.600         -22.490          -35.510
    3 (occ)          -34.697           9.258         -32.577         -22.626          -35.390
    4 (occ)          -34.631           9.277         -32.582         -22.687          -35.249
    5 (occ)          -12.227           6.897         -20.156         -13.413          -12.073
    6 (occ)          -12.012           6.883         -20.149         -13.399          -11.880
    7 (occ)           -5.243           4.195         -16.120         -12.009           -5.159
    8 (occ)           -4.354           3.667         -15.842         -12.203           -4.327
    9 (occ)           -3.530           3.327         -16.552         -13.298           -3.457
   10 (occ)           -2.455           2.593         -17.140         -14.687           -2.316
   11 (occ)           -1.582           2.481         -15.667         -13.100           -1.668
   12 (occ)           -0.460           1.390         -15.245         -14.053           -0.262
   13 (occ)           -0.431           1.857         -15.191         -13.355           -0.410
   14 (vir)            2.182          -3.911         -12.960         -17.860            3.170
   15 (vir)            2.530          -4.208         -12.071         -17.208            3.459
   16 (vir)            3.776          -4.220          -9.579         -14.764            4.741
   17 (vir)            4.279          -4.438         -10.505         -15.884            5.220
   18 (vir)            6.169          -4.286          -6.250         -11.553            7.185
   19 (vir)            8.123          -4.441          -5.229         -10.702            9.156
   20 (vir)            8.293          -4.157          -5.797         -11.201            9.540
   21 (vir)           10.556          -4.676          -5.414         -11.219           11.685
   22 (vir)           11.251          -4.688          -6.213         -12.371           12.721
   23 (vir)           11.802          -4.950          -5.476         -11.806           13.183
   24 (vir)           13.318          -4.081          -2.876          -7.934           14.294
   25 (vir)           14.792          -4.956          -3.786          -9.882           15.931
   26 (vir)           16.741          -5.164          -3.828         -10.697           18.447
   27 (vir)           17.477          -5.156          -4.827         -12.005           19.499
   28 (vir)           18.729          -5.936          -3.980         -11.508           20.321
   29 (vir)           19.395          -5.719          -4.854         -12.466           21.287
   30 (vir)           20.599          -6.046          -4.702         -12.578           22.429
   31 (vir)           22.359          -5.209          -4.038         -11.802           24.914
   32 (vir)           22.801          -5.885          -3.889         -11.533           24.559
   33 (vir)           23.557          -6.636          -3.631         -11.568           24.858
   34 (vir)           25.127          -6.162          -4.199         -12.677           27.442
   35 (vir)           26.916          -6.312          -4.264         -13.100           29.439
   36 (vir)           27.476          -4.757          -3.451         -11.718           30.986
   37 (vir)           28.215          -7.232          -4.128         -12.997           29.852
   38 (vir)           28.680          -6.412          -4.291         -13.200           31.177
   39 (vir)           29.434          -5.723          -3.737         -12.256           32.230
   40 (vir)           30.009          -4.878          -3.635         -12.059           33.556
   41 (vir)           30.883          -4.672          -3.502         -12.015           34.723
   42 (vir)           33.361          -5.199          -4.220         -13.659           37.601
   43 (vir)           33.373          -3.526          -4.001         -13.247           39.094
   44 (vir)           35.204           0.718          -3.102         -11.825           44.646
   45 (vir)           36.038          -3.473          -2.896         -11.110           40.778
   46 (vir)           36.071          -2.855          -3.516         -12.838           42.538
   47 (vir)           36.677          -3.598          -4.024         -13.723           42.778
   48 (vir)           39.316          -3.657          -4.079         -14.077           45.657
   49 (vir)           39.563          -2.256          -3.066         -11.815           46.056
   50 (vir)           42.979           2.908          -3.886         -14.090           56.090
   51 (vir)           44.909          -2.762          -3.205         -12.926           51.868
   52 (vir)           54.572          -0.585          -3.362         -14.358           64.983
   53 (vir)           60.158          -1.629          -3.651         -15.291           70.168
   54 (vir)           61.526          -1.069          -2.796         -13.697           71.358
   55 (vir)           62.861          -0.704          -2.121         -12.741           72.777
   56 (vir)           65.807          -0.154          -2.066         -12.856           76.443
   57 (vir)           68.699          -0.521          -2.188         -13.091           79.081
   58 (vir)           76.104          -0.527          -2.200         -13.577           86.955
   59 (vir)           77.598          -1.793          -2.032         -13.287           87.060
   60 (vir)           78.684          -0.194          -2.707         -14.256           90.038
   61 (vir)           86.544          -3.413          -3.757         -17.216           96.589
   62 (vir)          113.765          -0.334          -0.735          -8.427          121.122
   63 (vir)          114.847          -0.450          -0.712          -8.404          122.088
   64 (vir)          292.540          -0.695          -2.457         -23.113          312.501
   65 (vir)          292.699          -0.691          -2.459         -23.118          312.667
   66 (vir)          292.961          -0.632          -2.415         -23.089          313.004
   67 (vir)          293.314          -0.641          -2.408         -23.082          313.347
   68 (vir)          293.468          -0.701          -2.491         -23.199          313.475
   69 (vir)          372.578          -1.539          -1.170         -14.569          384.438
