 
  kpoint:     0.2456    0.2456    0.0000
 
    n          ϵ_nk^DFT (eV)     Σ^c_nk (eV)     Σ^x_nk (eV)    v_nk^xc (eV)   ϵ_nk^G0W0 (eV)
 
    1 (occ)          -60.492          12.736         -39.204         -24.144          -62.816
    2 (occ)          -34.776           9.435         -32.587         -22.532          -35.396
    3 (occ)          -34.697           9.267         -32.581         -22.627          -35.383
    4 (occ)          -34.675           9.167         -32.590         -22.638          -35.460
    5 (occ)          -12.225           6.659         -20.148         -13.401          -12.312
    6 (occ)          -11.991           6.858         -20.149         -13.401          -11.881
    7 (occ)           -4.598           3.869         -16.178         -12.403           -4.505
    8 (occ)           -4.253           3.598         -16.476         -12.996           -4.135
    9 (occ)           -3.245           3.169         -16.111         -12.903           -3.284
   10 (occ)           -2.849           2.938         -16.064         -13.135           -2.840
   11 (occ)           -2.431           2.633         -15.094         -12.514           -2.379
   12 (occ)           -1.325           2.365         -15.541         -13.103           -1.398
   13 (occ)           -0.155           1.083         -16.393         -15.629            0.164
   14 (vir)            2.153          -3.504         -11.769         -16.186            3.066
   15 (vir)            2.631          -4.288         -12.258         -17.512            3.596
   16 (vir)            2.953          -3.895         -10.392         -15.310            3.976
   17 (vir)            4.382          -4.714         -10.380         -16.040            5.328
   18 (vir)            7.494          -4.672          -6.651         -12.333            8.505
   19 (vir)            8.648          -4.324          -5.300         -10.749            9.772
   20 (vir)           10.323          -4.670          -4.978         -10.752           11.427
   21 (vir)           10.489          -4.191          -4.499          -9.894           11.694
   22 (vir)           11.546          -4.913          -5.146         -11.261           12.748
   23 (vir)           12.443          -5.078          -5.400         -11.931           13.896
   24 (vir)           13.413          -5.134          -5.634         -12.443           15.088
   25 (vir)           13.750          -4.127          -3.360          -8.793           15.056
   26 (vir)           14.028          -5.353          -5.031         -11.821           15.465
   27 (vir)           15.613          -5.832          -5.211         -12.151           16.721
   28 (vir)           17.047          -5.174          -3.468          -9.766           18.172
   29 (vir)           19.062          -5.818          -3.904         -11.000           20.340
   30 (vir)           21.368          -5.792          -4.321         -12.154           23.409
   31 (vir)           22.488          -6.214          -4.134         -11.896           24.036
   32 (vir)           22.512          -6.235          -3.795         -11.434           23.916
   33 (vir)           23.343          -4.917          -3.490         -11.192           26.129
   34 (vir)           24.649          -5.680          -4.081         -12.244           27.133
   35 (vir)           26.858          -7.456          -4.247         -13.116           28.272
   36 (vir)           27.283          -7.158          -3.537         -11.439           28.027
   37 (vir)           29.025          -6.704          -3.976         -12.904           31.249
   38 (vir)           29.357          -4.640          -2.791         -10.444           32.370
   39 (vir)           29.535          -0.388          -4.070         -12.932           38.009
   40 (vir)           30.565          -3.472          -3.669         -12.186           35.609
   41 (vir)           31.264          -2.741          -2.982         -10.959           36.500
   42 (vir)           31.534          -3.389          -3.356         -12.132           36.921
   43 (vir)           32.183           0.497          -3.454         -12.316           41.543
   44 (vir)           32.231          -4.781          -4.085         -13.316           36.682
   45 (vir)           34.662          -4.177          -3.932         -13.225           39.777
   46 (vir)           35.291          -2.049          -3.858         -13.297           42.682
   47 (vir)           35.766          -4.002          -3.958         -13.419           41.225
   48 (vir)           38.368          -3.639          -3.992         -13.866           44.603
   49 (vir)           39.147          -2.477          -4.198         -14.318           46.790
   50 (vir)           40.978          -2.223          -4.234         -14.598           49.119
   51 (vir)           43.238          -3.339          -3.879         -14.231           50.252
   52 (vir)           55.971          -2.415          -3.291         -14.416           64.681
   53 (vir)           61.413          -0.091          -2.437         -13.128           72.013
   54 (vir)           61.549          -1.405          -2.707         -13.665           71.102
   55 (vir)           66.092           2.281          -1.967         -12.533           78.939
   56 (vir)           66.458          -1.068          -2.930         -14.375           76.834
   57 (vir)           69.332           0.746          -2.288         -13.341           81.131
   58 (vir)           75.471          -9.027          -2.224         -13.671           77.892
   59 (vir)           77.894          -5.705          -2.864         -14.806           84.131
   60 (vir)           84.246          -1.052          -3.076         -15.443           95.561
   61 (vir)           84.708          -2.193          -3.448         -16.364           95.431
   62 (vir)          112.723          -1.206          -0.755          -8.407          119.169
   63 (vir)          113.834           1.645          -0.714          -8.356          123.121
   64 (vir)          292.621          -0.691          -2.456         -23.111          312.585
   65 (vir)          292.953          -0.705          -2.480         -23.166          312.933
   66 (vir)          293.061          -0.634          -2.413         -23.089          313.102
   67 (vir)          293.182          -0.700          -2.472         -23.156          313.165
   68 (vir)          293.242          -0.637          -2.410         -23.085          313.280
   69 (vir)          375.470          -1.059          -1.145         -14.623          387.889
