 
  kpoint:     0.2632    0.2632    0.0000
 
    n          ϵ_nk^DFT (eV)     Σ^c_nk (eV)     Σ^x_nk (eV)    v_nk^xc (eV)   ϵ_nk^G0W0 (eV)
 
    1 (occ)          -60.491          12.700         -39.204         -24.145          -62.849
    2 (occ)          -34.778           9.453         -32.586         -22.530          -35.382
    3 (occ)          -34.694           9.259         -32.580         -22.631          -35.385
    4 (occ)          -34.689           9.190         -32.594         -22.624          -35.469
    5 (occ)          -12.112           6.481         -20.153         -13.457          -12.327
    6 (occ)          -11.930           6.823         -20.165         -13.438          -11.834
    7 (occ)           -4.594           3.868         -16.090         -12.294           -4.522
    8 (occ)           -4.430           3.691         -16.552         -12.983           -4.308
    9 (occ)           -3.228           3.137         -16.222         -13.039           -3.274
   10 (occ)           -2.807           2.932         -15.846         -12.901           -2.821
   11 (occ)           -2.688           2.761         -15.078         -12.346           -2.659
   12 (occ)           -1.477           2.430         -15.735         -13.244           -1.539
   13 (occ)           -0.043           0.943         -16.299         -15.685            0.286
   14 (vir)            2.093          -3.556         -12.348         -16.855            3.045
   15 (vir)            2.817          -4.288         -11.879         -17.099            3.749
   16 (vir)            2.969          -3.886         -10.315         -15.225            3.993
   17 (vir)            4.442          -4.784         -10.456         -16.190            5.392
   18 (vir)            7.261          -4.578          -6.610         -12.189            8.263
   19 (vir)            8.376          -4.360          -5.521         -11.012            9.507
   20 (vir)           10.412          -4.570          -4.867         -10.594           11.569
   21 (vir)           10.624          -4.149          -4.525          -9.977           11.927
   22 (vir)           11.811          -5.058          -5.195         -11.415           12.973
   23 (vir)           12.614          -5.104          -5.373         -11.966           14.104
   24 (vir)           13.632          -5.214          -5.463         -12.287           15.242
   25 (vir)           13.800          -4.595          -3.724          -9.413           14.893
   26 (vir)           14.218          -5.485          -4.634         -11.228           15.327
   27 (vir)           15.331          -5.695          -5.092         -11.895           16.439
   28 (vir)           17.490          -5.201          -3.303          -9.546           18.532
   29 (vir)           19.089          -5.693          -3.877         -10.962           20.481
   30 (vir)           21.010          -6.060          -4.421         -12.251           22.780
   31 (vir)           21.873          -5.938          -3.871         -11.424           23.489
   32 (vir)           22.024          -5.963          -3.882         -11.363           23.542
   33 (vir)           23.896          -5.604          -3.658         -11.551           26.185
   34 (vir)           24.956          -5.625          -4.054         -12.270           27.546
   35 (vir)           27.067          -6.454          -4.232         -13.112           29.493
   36 (vir)           27.479          -5.612          -3.540         -11.415           29.742
   37 (vir)           29.150          -5.881          -3.901         -12.835           32.203
   38 (vir)           29.527          -5.635          -4.267         -13.272           32.897
   39 (vir)           29.754          -4.829          -3.401         -11.721           33.245
   40 (vir)           30.276          -4.212          -3.670         -12.180           34.574
   41 (vir)           31.497          -4.582          -3.232         -11.584           35.267
   42 (vir)           31.771          -5.362          -3.015         -11.396           34.790
   43 (vir)           32.004          -2.302          -3.657         -12.553           38.598
   44 (vir)           32.424          -4.806          -3.591         -12.442           36.469
   45 (vir)           34.497          -5.608          -4.100         -13.462           38.250
   46 (vir)           35.297          -3.199          -3.864         -13.332           41.566
   47 (vir)           36.226          -4.584          -3.661         -12.964           40.945
   48 (vir)           38.251          -4.273          -4.017         -13.914           43.877
   49 (vir)           38.972          -3.256          -4.150         -14.165           45.731
   50 (vir)           40.717          -1.823          -4.215         -14.557           49.235
   51 (vir)           43.200          -1.717          -3.894         -14.234           51.823
   52 (vir)           56.119          -1.556          -3.239         -14.342           65.667
   53 (vir)           61.398          -0.588          -2.460         -13.157           71.507
   54 (vir)           61.637           2.931          -2.728         -13.672           75.512
   55 (vir)           66.128          -1.545          -1.970         -12.509           75.122
   56 (vir)           66.688          -0.365          -3.083         -14.693           77.933
   57 (vir)           69.463          -0.751          -2.274         -13.308           79.747
   58 (vir)           75.845          -0.755          -2.288         -13.878           86.680
   59 (vir)           78.307          -2.072          -2.768         -14.646           88.113
   60 (vir)           84.179          -2.296          -3.350         -16.119           94.652
   61 (vir)           85.234          -3.694          -3.087         -15.499           93.951
   62 (vir)          113.084           1.733          -0.748          -8.389          122.458
   63 (vir)          114.568           3.642          -0.698          -8.331          125.844
   64 (vir)          292.643          -0.689          -2.455         -23.110          312.609
   65 (vir)          292.928          -0.702          -2.476         -23.158          312.908
   66 (vir)          293.094          -0.635          -2.413         -23.089          313.135
   67 (vir)          293.151          -0.689          -2.469         -23.149          313.142
   68 (vir)          293.254          -0.636          -2.410         -23.084          313.293
   69 (vir)          375.080          -1.450          -1.147         -14.619          387.102
