 
  kpoint:     0.0000    0.2895    0.0000
 
    n          ϵ_nk^DFT (eV)     Σ^c_nk (eV)     Σ^x_nk (eV)    v_nk^xc (eV)   ϵ_nk^G0W0 (eV)
 
    1 (occ)          -60.500          12.698         -39.205         -24.136          -62.871
    2 (occ)          -34.730           9.256         -32.586         -22.578          -35.483
    3 (occ)          -34.715           9.312         -32.577         -22.602          -35.378
    4 (occ)          -34.611           9.140         -32.573         -22.706          -35.337
    5 (occ)          -12.927           7.092         -20.160         -13.100          -12.895
    6 (occ)          -12.370           6.912         -20.079         -13.199          -12.338
    7 (occ)           -4.401           3.732         -16.552         -12.928           -4.293
    8 (occ)           -3.526           3.288         -15.628         -12.335           -3.532
    9 (occ)           -3.384           3.124         -16.096         -13.009           -3.346
   10 (occ)           -2.006           2.267         -17.007         -14.919           -1.827
   11 (occ)           -1.216           2.321         -14.754         -12.299           -1.349
   12 (occ)           -0.948           1.957         -16.355         -14.564           -0.781
   13 (occ)           -0.629           1.411         -16.305         -15.195           -0.328
   14 (vir)            2.159          -3.601         -10.902         -15.393            3.049
   15 (vir)            2.393          -3.523         -11.465         -15.898            3.304
   16 (vir)            3.028          -3.893         -10.325         -15.193            4.003
   17 (vir)            4.038          -4.268         -10.515         -15.729            4.983
   18 (vir)            7.725          -4.275          -5.104         -10.388            8.734
   19 (vir)            8.621          -4.772          -6.067         -11.851            9.633
   20 (vir)            9.232          -4.010          -4.907         -10.178           10.493
   21 (vir)           10.420          -4.370          -4.073          -9.240           11.217
   22 (vir)           10.927          -4.640          -5.977         -12.080           12.389
   23 (vir)           13.196          -5.586          -5.681         -12.518           14.446
   24 (vir)           13.463          -4.479          -4.544         -10.552           14.992
   25 (vir)           13.702          -5.159          -4.981         -11.525           15.087
   26 (vir)           15.451          -5.639          -4.928         -12.183           17.067
   27 (vir)           15.585          -5.149          -4.189         -10.825           17.073
   28 (vir)           15.876          -5.158          -4.594         -11.337           17.462
   29 (vir)           16.360          -5.610          -5.189         -12.365           17.926
   30 (vir)           19.370          -5.962          -5.496         -13.494           21.406
   31 (vir)           22.078          -5.829          -3.979         -11.666           23.935
   32 (vir)           23.904          -6.797          -3.465         -10.972           24.614
   33 (vir)           24.195          -5.418          -3.872         -11.974           26.879
   34 (vir)           24.741          -6.242          -3.920         -12.201           26.781
   35 (vir)           25.364          -3.972          -2.704          -9.981           28.670
   36 (vir)           27.461          -5.067          -3.677         -11.946           30.663
   37 (vir)           28.081          -2.861          -3.920         -12.546           33.846
   38 (vir)           29.531          -6.230          -4.258         -13.439           32.481
   39 (vir)           29.802          -4.812          -4.178         -13.175           33.988
   40 (vir)           30.777          -7.520          -3.840         -12.845           32.262
   41 (vir)           31.366          -3.151          -3.026         -11.317           36.506
   42 (vir)           31.926          -2.733          -3.595         -12.394           37.992
   43 (vir)           33.518          -2.287          -4.070         -13.538           40.698
   44 (vir)           33.871          -3.263          -3.782         -13.024           39.850
   45 (vir)           34.827          -3.266          -4.175         -13.735           41.121
   46 (vir)           38.435          -1.945          -2.810         -11.327           45.007
   47 (vir)           38.644          -3.441          -3.973         -13.752           44.983
   48 (vir)           40.010          -4.244          -3.979         -13.614           45.401
   49 (vir)           41.106          -2.788          -4.123         -14.383           48.578
   50 (vir)           44.389          -5.859          -2.760         -11.651           47.421
   51 (vir)           45.281          -1.749          -3.104         -12.581           53.009
   52 (vir)           49.935          -2.215          -3.808         -14.816           58.727
   53 (vir)           62.002           0.998          -2.645         -13.542           73.897
   54 (vir)           62.373           0.581          -2.058         -12.618           73.514
   55 (vir)           64.522          -0.443          -2.102         -12.840           74.817
   56 (vir)           65.103          -0.621          -2.261         -13.039           75.259
   57 (vir)           67.122          -5.247          -2.174         -12.972           72.673
   58 (vir)           72.285          -2.102          -2.062         -13.088           81.209
   59 (vir)           75.441          -1.354          -2.943         -14.663           85.807
   60 (vir)           78.735          -1.796          -3.329         -15.883           89.492
   61 (vir)           88.122          -1.944          -3.820         -17.286           99.644
   62 (vir)          110.811          -2.026          -0.791          -8.466          116.460
   63 (vir)          110.822          -0.702          -0.797          -8.500          117.823
   64 (vir)          292.780          -0.693          -2.479         -23.161          312.769
   65 (vir)          292.873          -0.698          -2.474         -23.153          312.854
   66 (vir)          292.898          -0.635          -2.420         -23.098          312.942
   67 (vir)          293.116          -0.639          -2.413         -23.089          313.152
   68 (vir)          293.358          -0.702          -2.498         -23.211          313.370
   69 (vir)          368.108          -1.676          -1.238         -14.719          379.913
