 
  kpoint:     0.0000    0.4737    0.0000
 
    n          ϵ_nk^DFT (eV)     Σ^c_nk (eV)     Σ^x_nk (eV)    v_nk^xc (eV)   ϵ_nk^G0W0 (eV)
 
    1 (occ)          -60.492          12.509         -39.204         -24.144          -63.043
    2 (occ)          -34.820           9.407         -32.602         -22.485          -35.531
    3 (occ)          -34.696           9.266         -32.578         -22.627          -35.380
    4 (occ)          -34.632           9.291         -32.583         -22.686          -35.237
    5 (occ)          -12.181           6.905         -20.159         -13.438          -11.997
    6 (occ)          -11.989           6.884         -20.155         -13.414          -11.847
    7 (occ)           -5.309           4.224         -16.091         -11.944           -5.232
    8 (occ)           -4.413           3.694         -15.827         -12.155           -4.390
    9 (occ)           -3.535           3.335         -16.629         -13.379           -3.451
   10 (occ)           -2.479           2.609         -17.148         -14.676           -2.342
   11 (occ)           -1.598           2.490         -15.720         -13.148           -1.680
   12 (occ)           -0.411           1.380         -15.158         -13.965           -0.224
   13 (occ)           -0.403           1.856         -15.103         -13.258           -0.393
   14 (vir)            2.180          -3.954         -13.076         -18.018            3.168
   15 (vir)            2.572          -4.273         -12.201         -17.403            3.502
   16 (vir)            3.822          -4.236          -9.524         -14.728            4.790
   17 (vir)            4.289          -4.453         -10.503         -15.887            5.221
   18 (vir)            5.998          -4.239          -6.192         -11.432            7.000
   19 (vir)            8.145          -4.485          -5.251         -10.760            9.169
   20 (vir)            8.248          -4.161          -5.830         -11.230            9.488
   21 (vir)           10.535          -4.631          -5.560         -11.427           11.771
   22 (vir)           11.226          -4.671          -6.181         -12.303           12.678
   23 (vir)           11.712          -4.891          -5.452         -11.746           13.115
   24 (vir)           13.356          -3.884          -2.733          -7.728           14.468
   25 (vir)           14.926          -5.038          -3.744          -9.842           15.987
   26 (vir)           16.826          -5.691          -3.806         -10.676           18.005
   27 (vir)           17.576          -5.373          -4.885         -12.109           19.427
   28 (vir)           19.050          -5.739          -3.857         -11.406           20.860
   29 (vir)           19.681          -5.664          -4.842         -12.489           21.664
   30 (vir)           20.733          -6.072          -4.582         -12.426           22.504
   31 (vir)           22.323          -6.060          -4.028         -11.801           24.036
   32 (vir)           22.565          -5.867          -3.998         -11.648           24.347
   33 (vir)           23.470          -6.643          -3.592         -11.511           24.746
   34 (vir)           25.274          -6.035          -4.189         -12.680           27.731
   35 (vir)           26.715          -6.378          -4.375         -13.292           29.253
   36 (vir)           27.561          -4.723          -3.589         -12.055           31.305
   37 (vir)           27.969          -7.148          -4.177         -13.040           29.684
   38 (vir)           28.405          -6.237          -4.303         -13.169           31.033
   39 (vir)           29.497          -5.430          -3.791         -12.260           32.535
   40 (vir)           30.018          -4.679          -3.652         -12.077           33.764
   41 (vir)           31.123          -4.180          -3.345         -11.784           35.383
   42 (vir)           33.471          -5.369          -4.277         -13.769           37.593
   43 (vir)           33.566          -3.182          -3.975         -13.206           39.615
   44 (vir)           35.736          -0.434          -3.128         -11.936           44.109
   45 (vir)           35.960          -3.814          -2.912         -11.131           40.365
   46 (vir)           36.214          -2.004          -3.539         -12.915           43.586
   47 (vir)           36.481          -3.435          -3.912         -13.534           42.669
   48 (vir)           39.338          -3.767          -3.994         -13.928           45.505
   49 (vir)           39.489          -2.286          -2.967         -11.623           45.859
   50 (vir)           42.895          -0.838          -3.949         -14.224           52.332
   51 (vir)           44.918          -2.900          -3.197         -12.916           51.737
   52 (vir)           54.905          -2.087          -3.202         -14.144           63.760
   53 (vir)           59.298          -0.572          -3.806         -15.548           70.469
   54 (vir)           61.471          -1.361          -2.810         -13.727           71.026
   55 (vir)           62.868          -0.506          -2.126         -12.747           72.982
   56 (vir)           65.879          -0.120          -2.064         -12.855           76.549
   57 (vir)           68.789          -0.824          -2.177         -13.095           78.883
   58 (vir)           76.525          -1.596          -2.166         -13.653           86.417
   59 (vir)           77.727          -2.179          -1.931         -13.140           86.757
   60 (vir)           78.788          -0.579          -2.660         -14.223           89.772
   61 (vir)           86.477          -3.369          -3.775         -17.212           96.545
   62 (vir)          114.096          -0.661          -0.726          -8.421          121.130
   63 (vir)          115.304           1.869          -0.704          -8.398          124.867
   64 (vir)          292.526          -0.696          -2.456         -23.110          312.484
   65 (vir)          292.689          -0.690          -2.458         -23.116          312.657
   66 (vir)          292.965          -0.632          -2.414         -23.089          313.007
   67 (vir)          293.325          -0.640          -2.408         -23.082          313.359
   68 (vir)          293.475          -0.698          -2.491         -23.198          313.484
   69 (vir)          372.528          -1.653          -1.154         -14.560          384.282
