 
  kpoint:     0.1228    0.1228    0.0000
 
    n          ϵ_nk^DFT (eV)     Σ^c_nk (eV)     Σ^x_nk (eV)    v_nk^xc (eV)   ϵ_nk^G0W0 (eV)
 
    1 (occ)          -60.505          12.562         -39.205         -24.130          -63.019
    2 (occ)          -34.728           9.300         -32.576         -22.586          -35.417
    3 (occ)          -34.667           9.289         -32.576         -22.643          -35.311
    4 (occ)          -34.600           9.218         -32.569         -22.715          -35.236
    5 (occ)          -13.327           7.264         -20.195         -12.956          -13.301
    6 (occ)          -12.581           6.908         -20.054         -13.100          -12.628
    7 (occ)           -4.477           3.755         -16.155         -12.456           -4.421
    8 (occ)           -3.054           3.068         -16.324         -13.393           -2.917
    9 (occ)           -2.616           2.735         -16.087         -13.363           -2.606
   10 (occ)           -2.024           2.253         -16.613         -14.507           -1.877
   11 (occ)           -1.395           2.165         -16.664         -14.699           -1.195
   12 (occ)           -0.575           1.990         -14.702         -12.616           -0.671
   13 (occ)           -0.309           1.266         -16.588         -15.623           -0.008
   14 (vir)            2.153          -3.348         -10.283         -14.483            3.006
   15 (vir)            2.461          -3.655         -10.714         -15.390            3.482
   16 (vir)            2.633          -3.606         -10.865         -15.335            3.496
   17 (vir)            3.859          -4.174         -10.450         -15.542            4.778
   18 (vir)            7.645          -4.387          -5.108         -10.341            8.490
   19 (vir)            9.468          -3.956          -2.963          -7.300            9.849
   20 (vir)            9.966          -4.739          -5.181         -10.900           10.946
   21 (vir)           10.306          -4.452          -5.656         -11.532           11.731
   22 (vir)           11.264          -4.685          -5.386         -11.482           12.674
   23 (vir)           12.152          -5.186          -6.224         -12.971           13.714
   24 (vir)           12.341          -5.136          -5.271         -11.728           13.662
   25 (vir)           14.227          -4.806          -4.560         -10.856           15.718
   26 (vir)           14.295          -5.342          -5.168         -11.912           15.697
   27 (vir)           14.783          -5.533          -5.457         -12.446           16.239
   28 (vir)           16.050          -5.637          -5.173         -12.367           17.607
   29 (vir)           16.849          -5.731          -4.978         -12.172           18.312
   30 (vir)           18.683          -5.910          -5.443         -13.286           20.615
   31 (vir)           20.910          -4.919          -3.588         -10.846           23.249
   32 (vir)           22.356          -3.786          -3.280         -10.401           25.691
   33 (vir)           23.744          -5.511          -3.969         -12.149           26.412
   34 (vir)           25.408          -6.191          -4.146         -12.772           27.842
   35 (vir)           25.530          -3.184          -3.889         -12.274           30.732
   36 (vir)           27.093          -5.773          -4.027         -12.801           30.093
   37 (vir)           27.363          -5.307          -4.412         -13.248           30.893
   38 (vir)           27.748          -4.097          -3.292         -11.313           31.672
   39 (vir)           30.255          -4.205          -4.222         -13.390           35.219
   40 (vir)           30.616          -2.814          -3.768         -12.559           36.593
   41 (vir)           33.134          -3.338          -3.382         -12.031           38.445
   42 (vir)           33.586          -1.780          -4.025         -13.452           41.232
   43 (vir)           34.857          -3.106          -3.614         -12.831           40.967
   44 (vir)           35.978          -2.379          -2.872         -11.307           42.034
   45 (vir)           36.760          -4.726          -4.307         -14.233           41.960
   46 (vir)           39.198          -3.658          -4.235         -14.057           45.363
   47 (vir)           39.480          -0.189          -2.724         -11.357           47.923
   48 (vir)           40.256          -3.859          -3.406         -12.685           45.676
   49 (vir)           42.511          -3.734          -3.883         -14.038           48.932
   50 (vir)           43.637          -0.781          -2.343         -10.685           51.197
   51 (vir)           44.772           0.804          -3.389         -13.138           55.325
   52 (vir)           47.574          -4.619          -3.757         -14.469           53.666
   53 (vir)           61.231          -0.509          -2.102         -12.685           71.306
   54 (vir)           61.568          -0.220          -2.378         -13.076           72.045
   55 (vir)           64.099          -0.801          -1.993         -12.534           73.840
   56 (vir)           64.471          -0.799          -2.102         -12.814           74.385
   57 (vir)           66.284          -1.101          -2.259         -13.161           76.085
   58 (vir)           70.878          -1.981          -2.062         -13.001           79.836
   59 (vir)           72.220          -1.836          -3.225         -14.965           82.124
   60 (vir)           83.938          -1.533          -3.577         -16.804           95.633
   61 (vir)           89.090          -1.463          -3.718         -17.294          101.203
   62 (vir)          109.755          -0.977          -0.802          -8.461          116.438
   63 (vir)          110.173          -1.633          -0.802          -8.506          116.244
   64 (vir)          292.856          -0.637          -2.422         -23.103          312.899
   65 (vir)          292.884          -0.694          -2.485         -23.176          312.882
   66 (vir)          292.980          -0.637          -2.419         -23.098          313.022
   67 (vir)          293.113          -0.699          -2.494         -23.200          313.120
   68 (vir)          293.221          -0.696          -2.498         -23.208          313.235
   69 (vir)          362.729          -1.196          -1.311         -14.814          375.036
