 
  kpoint:     0.0351    0.0351    0.0000
 
    n          ϵ_nk^DFT (eV)     Σ^c_nk (eV)     Σ^x_nk (eV)    v_nk^xc (eV)   ϵ_nk^G0W0 (eV)
 
    1 (occ)          -60.513          12.065         -39.206         -24.122          -63.532
    2 (occ)          -34.746           9.311         -32.570         -22.563          -35.443
    3 (occ)          -34.583           9.234         -32.562         -22.731          -35.180
    4 (occ)          -34.576           9.115         -32.562         -22.738          -35.285
    5 (occ)          -13.840           7.555         -20.260         -12.794          -13.752
    6 (occ)          -12.858           7.112         -20.039         -12.988          -12.798
    7 (occ)           -5.047           4.072         -16.141         -12.112           -5.004
    8 (occ)           -1.996           2.465         -17.248         -15.037           -1.742
    9 (occ)           -1.814           2.383         -17.340         -15.242           -1.528
   10 (occ)           -1.723           2.458         -14.914         -12.326           -1.853
   11 (occ)           -0.977           1.517         -16.929         -15.677           -0.712
   12 (occ)           -0.774           1.619         -16.038         -14.558           -0.635
   13 (occ)            0.025           1.103         -16.078         -15.219            0.269
   14 (vir)            2.963          -3.495         -10.281         -14.719            3.906
   15 (vir)            3.119          -3.648         -10.038         -14.495            3.928
   16 (vir)            3.201          -3.586         -10.272         -14.781            4.124
   17 (vir)            3.271          -3.663         -10.197         -14.685            4.096
   18 (vir)            6.105          -4.126          -5.272         -10.312            7.019
   19 (vir)            8.668          -3.719          -3.312          -7.703            9.340
   20 (vir)            8.901          -3.578          -4.249          -8.974           10.047
   21 (vir)            9.614          -3.911          -4.644          -9.960           11.019
   22 (vir)           11.495          -5.017          -5.566         -11.779           12.691
   23 (vir)           11.858          -4.708          -5.670         -11.993           13.473
   24 (vir)           13.068          -5.345          -5.921         -12.686           14.488
   25 (vir)           13.818          -5.118          -5.520         -12.253           15.434
   26 (vir)           14.180          -5.121          -5.446         -12.223           15.835
   27 (vir)           17.395          -5.898          -5.755         -13.491           19.232
   28 (vir)           17.479          -6.168          -5.082         -12.509           18.738
   29 (vir)           17.502          -5.683          -5.693         -13.415           19.541
   30 (vir)           18.191          -5.598          -5.273         -12.886           20.206
   31 (vir)           19.219          -5.165          -3.070          -9.623           20.607
   32 (vir)           19.783          -5.495          -3.484         -10.313           21.117
   33 (vir)           21.655          -7.441          -4.199         -12.300           22.315
   34 (vir)           22.688          -6.803          -4.762         -13.321           24.444
   35 (vir)           25.108          -6.886          -4.407         -13.269           27.083
   36 (vir)           25.129          -7.266          -4.439         -13.314           26.737
   37 (vir)           29.519          -4.565          -4.078         -13.230           34.106
   38 (vir)           29.649          -5.925          -4.092         -13.267           32.898
   39 (vir)           30.283          -5.011          -3.697         -12.237           33.811
   40 (vir)           32.915          -3.685          -3.908         -13.336           38.658
   41 (vir)           33.115          -2.734          -3.948         -13.385           39.817
   42 (vir)           34.732          -2.614          -3.814         -13.237           41.542
   43 (vir)           37.181          -6.362          -4.675         -14.819           40.963
   44 (vir)           37.505          -6.259          -4.482         -14.658           41.423
   45 (vir)           38.149          -5.774          -4.736         -14.955           42.593
   46 (vir)           42.132          -2.070          -3.972         -14.376           50.466
   47 (vir)           42.374          -2.985          -3.989         -14.456           49.856
   48 (vir)           43.190          -5.513          -3.805         -14.226           48.098
   49 (vir)           53.594          -0.659          -2.102         -10.762           61.595
   50 (vir)           55.044          -1.359          -1.504          -9.555           61.736
   51 (vir)           56.694          -1.935          -2.012         -10.801           63.548
   52 (vir)           57.417          -0.807          -1.697         -10.687           65.601
   53 (vir)           61.406          -7.831          -1.705         -11.519           63.389
   54 (vir)           62.195          -1.589          -1.296         -10.072           69.382
   55 (vir)           62.522          -2.744          -2.828         -13.878           70.828
   56 (vir)           62.894           0.832          -2.181         -12.138           73.683
   57 (vir)           63.214          -1.964          -1.996         -11.974           71.228
   58 (vir)           65.417          -2.209          -2.092         -12.647           73.764
   59 (vir)           68.819          -1.475          -2.207         -13.046           78.184
   60 (vir)           90.527          -1.898          -3.697         -17.316          102.247
   61 (vir)           91.236          -1.825          -3.665         -17.392          103.139
   62 (vir)          107.282          -0.103          -0.880          -8.603          114.901
   63 (vir)          108.189          -1.125          -0.856          -8.617          114.825
   64 (vir)          292.798          -0.642          -2.426         -23.107          312.839
   65 (vir)          292.807          -0.640          -2.425         -23.107          312.848
   66 (vir)          293.145          -0.701          -2.506         -23.224          313.162
   67 (vir)          293.171          -0.699          -2.505         -23.223          313.189
   68 (vir)          293.185          -0.696          -2.498         -23.210          313.202
   69 (vir)          349.755          -0.903          -1.505         -14.936          362.283
