 
  kpoint:     0.0000    0.0789    0.0000
 
    n          ϵ_nk^DFT (eV)     Σ^c_nk (eV)     Σ^x_nk (eV)    v_nk^xc (eV)   ϵ_nk^G0W0 (eV)
 
    1 (occ)          -60.512          12.188         -39.206         -24.123          -63.408
    2 (occ)          -34.744           9.302         -32.571         -22.564          -35.448
    3 (occ)          -34.589           9.198         -32.563         -22.724          -35.230
    4 (occ)          -34.578           9.115         -32.562         -22.737          -35.287
    5 (occ)          -13.806           7.536         -20.255         -12.804          -13.722
    6 (occ)          -12.840           7.094         -20.039         -12.995          -12.790
    7 (occ)           -5.006           4.047         -16.132         -12.126           -4.964
    8 (occ)           -2.084           2.517         -17.165         -14.894           -1.837
    9 (occ)           -1.823           2.457         -15.200         -12.649           -1.916
   10 (occ)           -1.780           2.354         -17.313         -15.232           -1.507
   11 (occ)           -1.027           1.552         -16.930         -15.637           -0.768
   12 (occ)           -0.735           1.690         -15.677         -14.072           -0.650
   13 (occ)            0.012           1.110         -16.120         -15.258            0.259
   14 (vir)            2.880          -3.499         -10.324         -14.774            3.830
   15 (vir)            2.989          -3.611         -10.012         -14.437            3.803
   16 (vir)            3.222          -3.653         -10.233         -14.703            4.039
   17 (vir)            3.251          -3.631         -10.296         -14.850            4.174
   18 (vir)            6.271          -4.143          -5.300         -10.367            7.195
   19 (vir)            8.763          -3.651          -3.138          -7.448            9.422
   20 (vir)            8.973          -3.622          -4.326          -9.111           10.136
   21 (vir)            9.767          -4.087          -4.847         -10.325           11.157
   22 (vir)           11.371          -4.985          -5.533         -11.719           12.572
   23 (vir)           11.994          -4.977          -5.649         -12.005           13.374
   24 (vir)           13.075          -5.298          -5.990         -12.773           14.560
   25 (vir)           13.637          -5.075          -5.497         -12.178           15.244
   26 (vir)           14.227          -5.141          -5.402         -12.168           15.852
   27 (vir)           17.148          -6.098          -5.054         -12.412           18.407
   28 (vir)           17.249          -5.893          -5.758         -13.465           19.063
   29 (vir)           17.362          -5.978          -5.619         -13.276           19.042
   30 (vir)           18.245          -5.619          -5.297         -12.934           20.263
   31 (vir)           19.320          -5.037          -3.090          -9.675           20.868
   32 (vir)           19.995          -5.529          -3.482         -10.346           21.330
   33 (vir)           22.051          -7.852          -4.202         -12.343           22.340
   34 (vir)           22.797          -6.511          -4.702         -13.241           24.824
   35 (vir)           25.193          -7.209          -4.389         -13.244           26.839
   36 (vir)           25.238          -7.226          -4.441         -13.318           26.889
   37 (vir)           29.421          -5.638          -4.084         -13.218           32.917
   38 (vir)           29.557          -5.617          -4.114         -13.262           33.089
   39 (vir)           30.058          -4.803          -3.658         -12.161           33.759
   40 (vir)           32.832          -3.698          -3.900         -13.307           38.541
   41 (vir)           33.110          -3.100          -3.966         -13.377           39.421
   42 (vir)           34.630          -2.755          -3.815         -13.216           41.276
   43 (vir)           37.100          -7.350          -4.677         -14.815           39.889
   44 (vir)           37.520          -8.144          -4.455         -14.620           39.541
   45 (vir)           38.369          -5.865          -4.715         -14.955           42.744
   46 (vir)           41.865          -2.269          -3.911         -14.201           49.885
   47 (vir)           42.301          -2.497          -3.961         -14.397           50.241
   48 (vir)           43.366          -4.376          -3.792         -14.204           49.402
   49 (vir)           51.205           0.219          -2.115         -10.580           59.889
   50 (vir)           52.402          -1.404          -1.503          -9.229           58.724
   51 (vir)           55.779          -1.340          -1.914         -10.433           62.958
   52 (vir)           56.578          -0.697          -1.559         -10.070           64.392
   53 (vir)           61.284          -1.908          -1.851         -12.027           69.553
   54 (vir)           61.765          -1.668          -1.484         -10.743           69.357
   55 (vir)           62.334          -6.037          -2.334         -12.766           66.729
   56 (vir)           62.978          -1.564          -1.706         -11.554           71.262
   57 (vir)           63.589          -4.595          -3.164         -14.484           70.313
   58 (vir)           65.567          -2.262          -2.205         -12.809           73.909
   59 (vir)           69.003          -8.571          -2.205         -13.069           71.296
   60 (vir)           89.908          -2.538          -3.755         -17.269          100.884
   61 (vir)           91.151          -1.389          -3.670         -17.387          103.480
   62 (vir)          107.626          -0.345          -0.867          -8.576          114.991
   63 (vir)          108.510          -0.718          -0.846          -8.597          115.543
   64 (vir)          292.803          -0.641          -2.425         -23.107          312.844
   65 (vir)          292.816          -0.641          -2.425         -23.107          312.857
   66 (vir)          293.134          -0.700          -2.507         -23.225          313.152
   67 (vir)          293.153          -0.700          -2.498         -23.209          313.165
   68 (vir)          293.193          -0.697          -2.503         -23.219          313.213
   69 (vir)          350.781          -0.977          -1.491         -14.929          363.242
