 
  kpoint:     0.0000    0.0263    0.0000
 
    n          ϵ_nk^DFT (eV)     Σ^c_nk (eV)     Σ^x_nk (eV)    v_nk^xc (eV)   ϵ_nk^G0W0 (eV)
 
    1 (occ)          -60.514          11.909         -39.207         -24.122          -63.689
    2 (occ)          -34.747           9.331         -32.571         -22.561          -35.426
    3 (occ)          -34.576           9.203         -32.562         -22.739          -35.196
    4 (occ)          -34.575           9.123         -32.561         -22.740          -35.273
    5 (occ)          -13.880           7.611         -20.267         -12.782          -13.754
    6 (occ)          -12.880           7.150         -20.038         -12.980          -12.788
    7 (occ)           -5.097           4.103         -16.153         -12.096           -5.051
    8 (occ)           -1.889           2.398         -17.353         -15.216           -1.627
    9 (occ)           -1.855           2.372         -17.371         -15.256           -1.597
   10 (occ)           -1.579           2.501         -14.321         -11.607           -1.792
   11 (occ)           -0.903           1.466         -16.955         -15.763           -0.630
   12 (occ)           -0.860           1.501         -16.704         -15.441           -0.622
   13 (occ)            0.039           1.096         -16.027         -15.170            0.278
   14 (vir)            3.087          -3.503         -10.238         -14.672            4.018
   15 (vir)            3.135          -3.532         -10.238         -14.687            4.051
   16 (vir)            3.301          -3.700         -10.114         -14.620            4.106
   17 (vir)            3.334          -3.703         -10.155         -14.667            4.143
   18 (vir)            5.876          -4.092          -5.187         -10.184            6.781
   19 (vir)            8.523          -3.810          -3.596          -8.117            9.233
   20 (vir)            8.817          -3.525          -4.158          -8.814            9.948
   21 (vir)            9.440          -3.718          -4.320          -9.402           10.804
   22 (vir)           11.638          -4.688          -5.653         -11.910           13.206
   23 (vir)           11.710          -4.655          -5.676         -11.953           13.331
   24 (vir)           13.049          -5.642          -5.805         -12.538           14.140
   25 (vir)           14.058          -5.194          -5.528         -12.319           15.655
   26 (vir)           14.129          -5.218          -5.516         -12.316           15.711
   27 (vir)           17.618          -5.910          -5.775         -13.562           19.496
   28 (vir)           17.634          -5.814          -5.759         -13.541           19.602
   29 (vir)           17.977          -6.329          -5.184         -12.725           19.188
   30 (vir)           18.139          -5.568          -5.250         -12.839           20.160
   31 (vir)           19.102          -2.136          -3.047          -9.568           23.488
   32 (vir)           19.505          -4.802          -3.443         -10.203           21.462
   33 (vir)           21.078          -6.631          -4.161         -12.202           22.488
   34 (vir)           22.554          -6.120          -4.834         -13.422           25.022
   35 (vir)           24.993          -7.122          -4.424         -13.295           26.743
   36 (vir)           24.996          -7.314          -4.429         -13.304           26.558
   37 (vir)           29.698          -5.313          -4.068         -13.257           33.573
   38 (vir)           29.717          -5.595          -4.071         -13.262           33.313
   39 (vir)           30.561          -4.813          -3.750         -12.320           34.318
   40 (vir)           33.045          -3.584          -3.913         -13.379           38.928
   41 (vir)           33.082          -1.978          -3.922         -13.387           40.569
   42 (vir)           34.860          -2.457          -3.807         -13.255           41.851
   43 (vir)           37.349          -6.463          -4.635         -14.798           41.050
   44 (vir)           37.470          -6.276          -4.507         -14.693           41.382
   45 (vir)           37.796          -6.098          -4.798         -14.979           41.878
   46 (vir)           42.418          -2.748          -4.013         -14.516           50.173
   47 (vir)           42.461          -2.814          -4.014         -14.526           50.159
   48 (vir)           42.961          -4.400          -3.809         -14.223           48.974
   49 (vir)           57.095          -0.990          -2.273         -11.581           65.414
   50 (vir)           57.951          -1.699          -2.187         -11.526           65.592
   51 (vir)           57.977          -1.696          -1.827         -11.292           65.746
   52 (vir)           58.269          -0.713          -1.894         -11.636           67.299
   53 (vir)           61.300          -2.797          -3.600         -15.058           69.960
   54 (vir)           62.789          -0.854          -1.153          -9.540           70.322
   55 (vir)           63.359          -0.606          -0.987          -9.030           70.797
   56 (vir)           63.548          -0.818          -1.506         -10.683           71.907
   57 (vir)           63.697          -1.634          -1.319         -10.297           71.042
   58 (vir)           65.254          -0.501          -2.058         -12.607           75.303
   59 (vir)           68.371           2.085          -2.234         -13.100           81.322
   60 (vir)           91.226          -1.991          -3.615         -17.381          103.002
   61 (vir)           91.371          -0.746          -3.624         -17.395          104.396
   62 (vir)          106.704          -0.340          -0.905          -8.652          114.110
   63 (vir)          107.627          -0.325          -0.875          -8.658          115.085
   64 (vir)          292.795          -0.642          -2.426         -23.107          312.835
   65 (vir)          292.796          -0.645          -2.426         -23.107          312.833
   66 (vir)          293.166          -0.700          -2.510         -23.231          313.187
   67 (vir)          293.170          -0.701          -2.509         -23.230          313.190
   68 (vir)          293.189          -0.693          -2.494         -23.203          313.205
   69 (vir)          348.466          -0.829          -1.524         -14.945          361.058
