 
  kpoint:     0.2982    0.2982    0.0000
 
    n          ϵ_nk^DFT (eV)     Σ^c_nk (eV)     Σ^x_nk (eV)    v_nk^xc (eV)   ϵ_nk^G0W0 (eV)
 
    1 (occ)          -60.489          12.680         -39.204         -24.146          -62.866
    2 (occ)          -34.773           9.477         -32.577         -22.536          -35.337
    3 (occ)          -34.715           9.277         -32.606         -22.596          -35.447
    4 (occ)          -34.690           9.301         -32.581         -22.636          -35.335
    5 (occ)          -11.964           6.089         -20.164         -13.535          -12.504
    6 (occ)          -11.847           6.745         -20.187         -13.488          -11.801
    7 (occ)           -4.661           3.818         -16.677         -12.994           -4.525
    8 (occ)           -4.429           3.832         -16.000         -12.227           -4.370
    9 (occ)           -3.375           3.136         -15.523         -12.410           -3.352
   10 (occ)           -3.054           3.033         -15.917         -12.880           -3.058
   11 (occ)           -2.692           2.906         -15.299         -12.338           -2.746
   12 (occ)           -1.739           2.532         -16.210         -13.638           -1.779
   13 (occ)            0.188           0.668         -16.178         -15.858            0.537
   14 (vir)            1.871          -3.409         -12.837         -17.248            2.873
   15 (vir)            2.928          -3.852         -10.186         -15.062            3.952
   16 (vir)            3.197          -4.417         -11.620         -16.933            4.093
   17 (vir)            4.572          -4.927         -10.642         -16.525            5.528
   18 (vir)            7.017          -4.405          -6.525         -11.953            8.040
   19 (vir)            7.821          -4.336          -5.688         -11.147            8.943
   20 (vir)           10.661          -4.663          -4.984         -10.806           11.820
   21 (vir)           10.834          -4.212          -4.389          -9.845           12.078
   22 (vir)           12.483          -5.061          -5.126         -11.502           13.797
   23 (vir)           13.061          -5.185          -5.230         -11.897           14.543
   24 (vir)           13.840          -4.795          -4.702         -11.021           15.364
   25 (vir)           13.898          -5.291          -5.093         -11.914           15.429
   26 (vir)           14.357          -5.184          -4.630         -11.254           15.796
   27 (vir)           14.851          -5.075          -4.157         -10.295           15.915
   28 (vir)           18.145          -4.663          -2.884          -8.759           19.357
   29 (vir)           18.957          -6.229          -4.320         -11.876           20.283
   30 (vir)           20.364          -6.161          -4.456         -12.141           21.888
   31 (vir)           20.876          -5.830          -3.999         -11.391           22.439
   32 (vir)           20.904          -6.138          -3.958         -11.260           22.068
   33 (vir)           25.293          -6.449          -3.342         -11.045           26.547
   34 (vir)           25.736          -5.672          -3.941         -12.162           28.285
   35 (vir)           27.148          -5.819          -4.120         -12.877           30.087
   36 (vir)           27.661          -5.399          -3.507         -11.415           30.170
   37 (vir)           29.126          -6.859          -3.773         -12.720           31.214
   38 (vir)           29.748          -6.316          -3.988         -12.672           32.117
   39 (vir)           29.806          -5.408          -4.364         -13.582           33.616
   40 (vir)           29.968          -7.179          -3.925         -12.923           31.787
   41 (vir)           31.122          -0.446          -3.789         -12.837           39.724
   42 (vir)           32.121          -4.540          -3.858         -12.944           36.667
   43 (vir)           32.583          -5.083          -4.143         -13.216           36.572
   44 (vir)           32.921          -5.571          -2.851         -11.026           35.526
   45 (vir)           34.309          -0.824          -2.759         -10.946           41.672
   46 (vir)           35.071          -4.083          -4.005         -13.626           40.609
   47 (vir)           37.336          -4.177          -3.796         -13.280           42.643
   48 (vir)           38.193          -3.916          -3.964         -13.852           44.165
   49 (vir)           39.193          -3.102          -3.779         -13.448           45.759
   50 (vir)           40.058          -1.759          -4.188         -14.447           48.558
   51 (vir)           43.126          -2.987          -3.909         -14.243           50.474
   52 (vir)           55.795          -2.840          -3.308         -14.470           64.117
   53 (vir)           61.305          -1.156          -2.519         -13.237           70.866
   54 (vir)           61.810          -0.824          -2.675         -13.523           71.833
   55 (vir)           66.077          -0.932          -1.954         -12.456           75.647
   56 (vir)           67.480           0.005          -3.197         -15.004           79.291
   57 (vir)           69.605          -0.037          -2.227         -13.247           80.588
   58 (vir)           76.047          -2.261          -2.250         -13.903           85.439
   59 (vir)           79.560          -0.183          -3.010         -15.098           91.465
   60 (vir)           83.172           0.770          -3.086         -15.486           96.342
   61 (vir)           86.545          -2.050          -3.096         -15.583           96.982
   62 (vir)          113.556           0.184          -0.738          -8.362          121.364
   63 (vir)          115.745           1.391          -0.667          -8.287          124.757
   64 (vir)          292.730          -0.691          -2.459         -23.119          312.699
   65 (vir)          292.883          -0.700          -2.468         -23.140          312.855
   66 (vir)          293.071          -0.671          -2.463         -23.137          313.074
   67 (vir)          293.156          -0.636          -2.414         -23.092          313.198
   68 (vir)          293.254          -0.635          -2.408         -23.080          313.292
   69 (vir)          373.813          -1.732          -1.157         -14.625          385.549
