 
  kpoint:     0.0000    0.3947    0.0000
 
    n          ϵ_nk^DFT (eV)     Σ^c_nk (eV)     Σ^x_nk (eV)    v_nk^xc (eV)   ϵ_nk^G0W0 (eV)
 
    1 (occ)          -60.494          12.665         -39.204         -24.142          -62.891
    2 (occ)          -34.796           9.389         -32.596         -22.509          -35.493
    3 (occ)          -34.701           9.258         -32.577         -22.621          -35.400
    4 (occ)          -34.626           9.218         -32.579         -22.691          -35.296
    5 (occ)          -12.399           6.899         -20.148         -13.326          -12.322
    6 (occ)          -12.098           6.891         -20.129         -13.347          -11.989
    7 (occ)           -5.000           4.067         -16.236         -12.261           -4.908
    8 (occ)           -4.131           3.548         -15.900         -12.387           -4.096
    9 (occ)           -3.524           3.297         -16.254         -12.981           -3.500
   10 (occ)           -2.361           2.523         -17.110         -14.732           -2.215
   11 (occ)           -1.514           2.454         -15.460         -12.912           -1.608
   12 (occ)           -0.601           1.427         -15.566         -14.374           -0.366
   13 (occ)           -0.541           1.860         -15.508         -13.707           -0.483
   14 (vir)            2.203          -3.771         -12.546         -17.298            3.183
   15 (vir)            2.400          -4.006         -11.695         -16.625            3.323
   16 (vir)            3.597          -4.148          -9.777         -14.887            4.560
   17 (vir)            4.237          -4.394         -10.511         -15.865            5.195
   18 (vir)            6.772          -4.525          -6.339         -11.840            7.749
   19 (vir)            8.054          -4.324          -5.169         -10.527            9.088
   20 (vir)            8.485          -4.070          -5.676         -11.100            9.839
   21 (vir)           10.592          -4.595          -4.845         -10.395           11.547
   22 (vir)           11.300          -4.615          -6.280         -12.529           12.934
   23 (vir)           12.145          -5.141          -5.551         -12.017           13.470
   24 (vir)           13.233          -4.229          -3.440          -8.768           14.331
   25 (vir)           14.402          -4.935          -3.993         -10.132           15.605
   26 (vir)           16.367          -5.497          -3.889         -10.706           17.687
   27 (vir)           17.094          -5.241          -4.662         -11.686           18.877
   28 (vir)           17.748          -6.072          -4.277         -11.733           19.131
   29 (vir)           18.470          -5.740          -4.922         -12.411           20.219
   30 (vir)           20.192          -5.454          -5.051         -13.014           22.701
   31 (vir)           22.501          -5.646          -4.084         -11.865           24.637
   32 (vir)           23.436          -6.417          -3.659         -11.296           24.656
   33 (vir)           23.850          -6.439          -3.729         -11.738           25.419
   34 (vir)           24.712          -6.396          -4.142         -12.510           26.684
   35 (vir)           26.853          -4.537          -3.003         -10.604           29.917
   36 (vir)           27.410          -5.364          -3.893         -12.412           30.566
   37 (vir)           29.026          -7.215          -3.995         -12.899           30.715
   38 (vir)           29.385          -3.251          -3.655         -12.461           34.941
   39 (vir)           29.456          -5.225          -4.286         -13.362           33.306
   40 (vir)           30.027          -3.600          -3.600         -12.088           34.915
   41 (vir)           30.412          -3.736          -3.867         -12.499           35.308
   42 (vir)           32.652          -4.005          -3.923         -13.087           37.811
   43 (vir)           33.190          -4.906          -4.065         -13.354           37.573
   44 (vir)           33.804          -1.616          -3.501         -12.375           41.062
   45 (vir)           35.284          -2.992          -3.610         -12.898           41.579
   46 (vir)           36.403          -1.127          -2.842         -11.050           43.484
   47 (vir)           37.315          -3.622          -4.040         -13.786           43.440
   48 (vir)           39.632          -2.886          -4.152         -14.276           46.871
   49 (vir)           39.753          -2.397          -3.372         -12.389           46.372
   50 (vir)           43.285          -1.369          -3.651         -13.593           51.858
   51 (vir)           44.895          -2.115          -3.225         -12.944           52.499
   52 (vir)           53.450           1.464          -3.604         -14.691           66.001
   53 (vir)           61.692          -0.352          -2.734         -13.620           72.225
   54 (vir)           62.635          -0.744          -3.246         -14.687           73.332
   55 (vir)           62.810          -0.704          -2.106         -12.718           72.719
   56 (vir)           65.527          -0.572          -2.075         -12.858           75.738
   57 (vir)           68.350          -1.452          -2.198         -13.073           77.773
   58 (vir)           74.767          -0.787          -2.199         -13.437           85.218
   59 (vir)           77.230          -1.725          -2.342         -13.796           86.959
   60 (vir)           78.195          -1.053          -2.765         -14.372           88.748
   61 (vir)           86.832          -2.966          -3.771         -17.230           97.325
   62 (vir)          112.733          -0.037          -0.760          -8.448          120.383
   63 (vir)          113.450          -0.652          -0.740          -8.426          120.483
   64 (vir)          292.595          -0.692          -2.462         -23.125          312.565
   65 (vir)          292.738          -0.693          -2.462         -23.126          312.709
   66 (vir)          292.947          -0.633          -2.416         -23.091          312.990
   67 (vir)          293.271          -0.641          -2.409         -23.083          313.304
   68 (vir)          293.443          -0.704          -2.493         -23.202          313.448
   69 (vir)          372.324          -1.426          -1.187         -14.603          384.315
