 
  kpoint:     0.0000    0.3421    0.0000
 
    n          ϵ_nk^DFT (eV)     Σ^c_nk (eV)     Σ^x_nk (eV)    v_nk^xc (eV)   ϵ_nk^G0W0 (eV)
 
    1 (occ)          -60.497          12.721         -39.204         -24.139          -62.841
    2 (occ)          -34.767           9.317         -32.592         -22.539          -35.502
    3 (occ)          -34.707           9.288         -32.578         -22.612          -35.385
    4 (occ)          -34.619           9.152         -32.576         -22.698          -35.345
    5 (occ)          -12.646           6.975         -20.148         -13.214          -12.605
    6 (occ)          -12.223           6.906         -20.103         -13.275          -12.145
    7 (occ)           -4.670           3.896         -16.429         -12.647           -4.555
    8 (occ)           -3.793           3.356         -15.991         -12.672           -3.755
    9 (occ)           -3.545           3.313         -15.843         -12.535           -3.540
   10 (occ)           -2.209           2.411         -17.062         -14.809           -2.052
   11 (occ)           -1.394           2.399         -15.136         -12.623           -1.508
   12 (occ)           -0.719           1.887         -15.931         -14.154           -0.609
   13 (occ)           -0.688           1.447         -15.979         -14.810           -0.410
   14 (vir)            2.259          -3.785         -11.295         -15.991            3.170
   15 (vir)            2.267          -3.626         -12.003         -16.578            3.216
   16 (vir)            3.331          -4.023         -10.044         -15.039            4.304
   17 (vir)            4.158          -4.334         -10.517         -15.819            5.126
   18 (vir)            7.529          -4.672          -6.068         -11.750            8.540
   19 (vir)            8.029          -4.270          -5.330         -10.612            9.041
   20 (vir)            8.822          -4.109          -5.465         -10.901           10.149
   21 (vir)           10.535          -4.323          -4.165          -9.381           11.427
   22 (vir)           11.227          -4.665          -6.218         -12.471           12.815
   23 (vir)           12.650          -5.387          -5.632         -12.287           13.918
   24 (vir)           13.273          -4.475          -4.152          -9.877           14.524
   25 (vir)           14.036          -4.964          -4.437         -10.760           15.395
   26 (vir)           15.856          -5.264          -3.963         -10.644           17.273
   27 (vir)           16.521          -5.291          -4.558         -11.419           18.090
   28 (vir)           16.582          -5.870          -4.578         -11.929           18.062
   29 (vir)           17.371          -5.670          -5.036         -12.365           19.030
   30 (vir)           19.759          -6.106          -5.350         -13.365           21.668
   31 (vir)           22.532          -6.404          -4.138         -11.978           23.968
   32 (vir)           24.034          -6.681          -3.580         -11.280           25.053
   33 (vir)           24.256          -6.080          -3.823         -11.948           26.300
   34 (vir)           24.337          -5.794          -3.961         -12.129           26.711
   35 (vir)           25.762          -3.874          -2.669          -9.819           29.039
   36 (vir)           27.639          -5.378          -3.553         -11.695           30.403
   37 (vir)           29.009          -3.420          -3.801         -12.602           34.389
   38 (vir)           29.816          -6.161          -4.296         -13.502           32.862
   39 (vir)           29.963          -6.969          -3.892         -12.847           31.948
   40 (vir)           30.300          -6.752          -3.601         -12.324           32.272
   41 (vir)           30.784          -3.416          -3.759         -12.498           36.106
   42 (vir)           31.278          -3.764          -3.753         -12.600           36.362
   43 (vir)           33.308          -3.093          -3.955         -13.231           39.490
   44 (vir)           33.672          -4.447          -4.010         -13.288           38.503
   45 (vir)           34.328          -3.658          -3.774         -13.094           39.990
   46 (vir)           37.173          -2.356          -2.783         -11.057           43.091
   47 (vir)           38.019          -3.370          -4.016         -13.796           44.429
   48 (vir)           39.903          -3.431          -3.682         -12.982           45.772
   49 (vir)           40.325          -3.097          -4.131         -14.344           47.441
   50 (vir)           43.721          -2.611          -3.291         -12.823           50.642
   51 (vir)           44.961          -3.098          -3.215         -12.887           51.535
   52 (vir)           51.841           2.195          -3.730         -14.833           65.140
   53 (vir)           61.864          -0.366          -2.668         -13.564           72.395
   54 (vir)           62.662          -0.285          -2.085         -12.678           72.970
   55 (vir)           64.671          -1.000          -2.705         -13.838           74.805
   56 (vir)           65.086          -0.874          -2.089         -12.856           74.978
   57 (vir)           67.803          -1.934          -2.186         -13.034           76.716
   58 (vir)           73.405           0.096          -2.123         -13.291           84.670
   59 (vir)           77.170           0.329          -2.800         -14.522           89.222
   60 (vir)           77.294          -1.472          -2.747         -14.768           87.844
   61 (vir)           87.361          -2.683          -3.851         -17.254           98.082
   62 (vir)          111.660           0.231          -0.782          -8.475          119.584
   63 (vir)          111.998          -1.145          -0.768          -8.449          118.533
   64 (vir)          292.679          -0.691          -2.470         -23.141          312.659
   65 (vir)          292.798          -0.695          -2.467         -23.138          312.774
   66 (vir)          292.925          -0.634          -2.418         -23.094          312.968
   67 (vir)          293.202          -0.640          -2.411         -23.086          313.237
   68 (vir)          293.405          -0.703          -2.495         -23.207          313.414
   69 (vir)          370.929          -1.557          -1.186         -14.656          382.841
