 
  kpoint:     0.0702    0.0702    0.0000
 
    n          ϵ_nk^DFT (eV)     Σ^c_nk (eV)     Σ^x_nk (eV)    v_nk^xc (eV)   ϵ_nk^G0W0 (eV)
 
    1 (occ)          -60.511          12.379         -39.206         -24.125          -63.213
    2 (occ)          -34.740           9.287         -32.572         -22.570          -35.456
    3 (occ)          -34.609           9.183         -32.566         -22.704          -35.289
    4 (occ)          -34.583           9.153         -32.564         -22.732          -35.261
    5 (occ)          -13.695           7.443         -20.239         -12.838          -13.655
    6 (occ)          -12.780           7.026         -20.042         -13.018          -12.778
    7 (occ)           -4.872           4.079         -16.108         -12.179           -4.722
    8 (occ)           -2.350           2.675         -16.931         -14.480           -2.126
    9 (occ)           -2.074           2.515         -15.667         -13.117           -2.109
   10 (occ)           -1.673           2.296         -17.203         -15.167           -1.413
   11 (occ)           -1.263           1.725         -16.809         -15.311           -1.036
   12 (occ)           -0.624           1.799         -15.130         -13.331           -0.624
   13 (occ)           -0.045           1.139         -16.249         -15.371            0.216
   14 (vir)            2.666          -3.521         -10.468         -14.965            3.642
   15 (vir)            2.674          -3.506         -10.018         -14.363            3.514
   16 (vir)            3.053          -3.607         -10.355         -14.778            3.868
   17 (vir)            3.422          -3.779         -10.362         -15.068            4.349
   18 (vir)            6.720          -4.347          -5.290         -10.423            7.506
   19 (vir)            8.989          -3.582          -2.869          -7.066            9.604
   20 (vir)            9.220          -3.769          -4.579          -9.569           10.441
   21 (vir)           10.270          -4.430          -5.190         -11.014           11.663
   22 (vir)           11.065          -4.741          -5.414         -11.518           12.427
   23 (vir)           12.220          -5.094          -5.846         -12.373           13.652
   24 (vir)           13.140          -5.016          -5.484         -12.061           14.700
   25 (vir)           13.218          -5.265          -5.912         -12.672           14.713
   26 (vir)           14.341          -4.992          -5.140         -11.794           16.002
   27 (vir)           16.454          -6.139          -5.102         -12.354           17.567
   28 (vir)           16.580          -6.023          -5.667         -13.198           18.088
   29 (vir)           17.159          -5.789          -5.487         -13.024           18.908
   30 (vir)           18.346          -5.721          -5.343         -13.031           20.312
   31 (vir)           19.673          -5.200          -3.154          -9.871           21.191
   32 (vir)           20.629          -4.329          -3.445         -10.389           23.244
   33 (vir)           23.101          -5.429          -4.169         -12.413           25.916
   34 (vir)           23.104          -6.659          -4.515         -12.993           24.922
   35 (vir)           25.383          -6.733          -4.319         -13.126           27.457
   36 (vir)           25.638          -7.309          -4.444         -13.350           27.235
   37 (vir)           28.848          -5.865          -4.102         -13.111           31.992
   38 (vir)           29.404          -3.570          -3.546         -11.918           34.206
   39 (vir)           29.603          -4.373          -4.155         -13.306           34.381
   40 (vir)           32.343          -4.724          -3.885         -13.147           36.881
   41 (vir)           33.242          -1.857          -3.996         -13.401           40.790
   42 (vir)           34.300          -3.630          -3.801         -13.113           39.982
   43 (vir)           36.950          -5.918          -4.650         -14.774           41.157
   44 (vir)           37.447          -2.306          -4.339         -14.420           45.222
   45 (vir)           38.869          -4.911          -4.657         -14.920           44.221
   46 (vir)           40.793          -1.622          -3.555         -13.304           48.921
   47 (vir)           41.996          -1.270          -3.823         -14.065           50.968
   48 (vir)           43.663         -11.090          -3.462         -13.485           42.596
   49 (vir)           46.673           1.294          -2.593         -11.305           56.680
   50 (vir)           47.199          -1.042          -2.073         -10.234           54.317
   51 (vir)           51.658          -4.111          -1.944         -10.128           55.731
   52 (vir)           52.500          -2.052          -1.398          -9.046           58.097
   53 (vir)           60.995          -2.732          -1.897         -12.127           68.493
   54 (vir)           61.922          -1.361          -1.930         -12.312           70.943
   55 (vir)           62.096          -0.951          -2.196         -12.606           71.555
   56 (vir)           62.978          -0.145          -2.175         -12.770           73.429
   57 (vir)           64.992           1.416          -2.502         -13.626           77.533
   58 (vir)           66.634          -1.491          -2.962         -14.037           76.219
   59 (vir)           69.500           1.386          -2.159         -13.067           81.795
   60 (vir)           88.327          -1.388          -3.724         -17.123          100.338
   61 (vir)           90.648          -1.109          -3.700         -17.379          103.218
   62 (vir)          108.408          -0.655          -0.841          -8.523          115.435
   63 (vir)          109.185           0.437          -0.825          -8.555          117.351
   64 (vir)          292.812          -0.639          -2.425         -23.107          312.855
   65 (vir)          292.855          -0.637          -2.423         -23.105          312.899
   66 (vir)          293.067          -0.700          -2.499         -23.208          313.076
   67 (vir)          293.156          -0.698          -2.497         -23.208          313.169
   68 (vir)          293.194          -0.696          -2.504         -23.220          313.214
   69 (vir)          353.948          -0.616          -1.445         -14.903          366.789
