 
  kpoint:     0.2807    0.2807    0.0000
 
    n          ϵ_nk^DFT (eV)     Σ^c_nk (eV)     Σ^x_nk (eV)    v_nk^xc (eV)   ϵ_nk^G0W0 (eV)
 
    1 (occ)          -60.490          12.677         -39.204         -24.146          -62.871
    2 (occ)          -34.777           9.467         -32.583         -22.531          -35.362
    3 (occ)          -34.702           9.230         -32.599         -22.610          -35.461
    4 (occ)          -34.692           9.271         -32.581         -22.634          -35.367
    5 (occ)          -12.025           6.116         -20.159         -13.503          -12.565
    6 (occ)          -11.881           6.778         -20.177         -13.467          -11.813
    7 (occ)           -4.566           3.764         -16.621         -12.984           -4.439
    8 (occ)           -4.536           3.856         -16.024         -12.230           -4.474
    9 (occ)           -3.256           3.141         -16.109         -12.958           -3.266
   10 (occ)           -2.916           2.891         -15.282         -12.392           -2.915
   11 (occ)           -2.751           2.919         -15.587         -12.633           -2.786
   12 (occ)           -1.620           2.487         -15.960         -13.422           -1.670
   13 (occ)            0.077           0.798         -16.224         -15.766            0.416
   14 (vir)            1.986          -3.505         -12.670         -17.157            2.967
   15 (vir)            2.956          -3.872         -10.242         -15.136            3.978
   16 (vir)            3.021          -4.343         -11.696         -16.951            3.933
   17 (vir)            4.509          -4.858         -10.550         -16.363            5.464
   18 (vir)            7.096          -4.486          -6.559         -12.051            8.102
   19 (vir)            8.090          -4.349          -5.641         -11.124            9.225
   20 (vir)           10.539          -4.611          -4.896         -10.656           11.689
   21 (vir)           10.743          -4.222          -4.484          -9.955           11.992
   22 (vir)           12.128          -5.062          -5.189         -11.498           13.375
   23 (vir)           12.823          -5.192          -5.315         -11.955           14.270
   24 (vir)           13.806          -5.267          -5.268         -12.093           15.364
   25 (vir)           13.814          -4.656          -4.161         -10.139           15.137
   26 (vir)           14.356          -5.544          -4.460         -10.977           15.329
   27 (vir)           15.072          -5.401          -4.790         -11.356           16.237
   28 (vir)           17.901          -5.047          -3.077          -9.174           18.951
   29 (vir)           18.996          -5.787          -4.041         -11.272           20.441
   30 (vir)           20.655          -6.282          -4.505         -12.322           22.189
   31 (vir)           21.323          -5.809          -3.925         -11.376           22.965
   32 (vir)           21.403          -5.647          -3.909         -11.288           23.135
   33 (vir)           24.632          -5.980          -3.532         -11.378           26.498
   34 (vir)           25.341          -5.494          -4.007         -12.245           28.086
   35 (vir)           27.189          -5.876          -4.158         -12.978           30.133
   36 (vir)           27.600          -5.148          -3.512         -11.359           30.299
   37 (vir)           29.199          -6.184          -3.820         -12.793           31.988
   38 (vir)           29.561          -5.396          -4.347         -13.447           33.265
   39 (vir)           29.886          -6.335          -3.925         -12.541           32.167
   40 (vir)           29.988          -0.100          -3.679         -12.429           38.638
   41 (vir)           31.304          -6.146          -3.627         -12.485           34.016
   42 (vir)           32.173          -3.590          -3.835         -12.825           37.573
   43 (vir)           32.354          -5.359          -2.841         -10.998           35.153
   44 (vir)           32.647          -1.298          -3.513         -12.220           40.056
   45 (vir)           34.180          -4.330          -3.615         -12.525           38.759
   46 (vir)           35.216          -3.617          -3.910         -13.437           41.126
   47 (vir)           36.887          -4.348          -3.661         -12.996           41.874
   48 (vir)           38.184          -4.035          -4.020         -13.936           44.064
   49 (vir)           39.010          -4.058          -3.996         -13.846           44.803
   50 (vir)           40.397           0.426          -4.194         -14.504           51.133
   51 (vir)           43.162          -2.571          -3.906         -14.238           50.923
   52 (vir)           55.987          -0.874          -3.255         -14.383           66.241
   53 (vir)           61.360          -0.940          -2.489         -13.196           71.127
   54 (vir)           61.746          -0.385          -2.701         -13.593           72.253
   55 (vir)           66.117          -1.644          -1.964         -12.482           74.991
   56 (vir)           67.055          -0.060          -3.172         -14.906           78.729
   57 (vir)           69.547          -1.332          -2.253         -13.275           79.238
   58 (vir)           76.005          -2.139          -2.278         -13.935           85.523
   59 (vir)           78.926           1.538          -2.832         -14.765           92.396
   60 (vir)           83.667          -2.677          -3.230         -15.833           93.593
   61 (vir)           86.000          -2.461          -3.096         -15.546           95.990
   62 (vir)          113.368           0.421          -0.743          -8.373          121.420
   63 (vir)          115.231           3.437          -0.682          -8.307          126.293
   64 (vir)          292.681          -0.689          -2.456         -23.112          312.649
   65 (vir)          292.904          -0.699          -2.473         -23.150          312.882
   66 (vir)          293.113          -0.677          -2.466         -23.143          313.113
   67 (vir)          293.126          -0.635          -2.413         -23.090          313.167
   68 (vir)          293.259          -0.635          -2.409         -23.083          313.297
   69 (vir)          374.444          -1.696          -1.149         -14.620          386.220
