 
  kpoint:     0.0000    0.3158    0.0000
 
    n          ϵ_nk^DFT (eV)     Σ^c_nk (eV)     Σ^x_nk (eV)    v_nk^xc (eV)   ϵ_nk^G0W0 (eV)
 
    1 (occ)          -60.498          12.716         -39.205         -24.138          -62.849
    2 (occ)          -34.749           9.282         -32.589         -22.558          -35.499
    3 (occ)          -34.711           9.306         -32.577         -22.607          -35.375
    4 (occ)          -34.615           9.139         -32.575         -22.702          -35.349
    5 (occ)          -12.785           7.030         -20.152         -13.156          -12.750
    6 (occ)          -12.295           6.909         -20.090         -13.237          -12.239
    7 (occ)           -4.512           3.809         -16.527         -12.840           -4.391
    8 (occ)           -3.594           3.245         -16.044         -12.838           -3.554
    9 (occ)           -3.552           3.304         -15.673         -12.356           -3.566
   10 (occ)           -2.113           2.342         -17.035         -14.859           -1.947
   11 (occ)           -1.312           2.363         -14.945         -12.459           -1.436
   12 (occ)           -0.829           1.918         -16.148         -14.370           -0.689
   13 (occ)           -0.679           1.437         -16.163         -15.019           -0.386
   14 (vir)            2.201          -3.687         -11.097         -15.684            3.102
   15 (vir)            2.322          -3.567         -11.727         -16.224            3.252
   16 (vir)            3.180          -3.960         -10.186         -15.118            4.152
   17 (vir)            4.104          -4.288         -10.518         -15.780            5.078
   18 (vir)            7.729          -4.405          -5.370         -10.828            8.782
   19 (vir)            8.225          -4.547          -5.926         -11.485            9.238
   20 (vir)            9.029          -4.140          -5.269         -10.668           10.289
   21 (vir)           10.472          -4.294          -3.989          -9.112           11.301
   22 (vir)           11.107          -4.697          -6.115         -12.312           12.606
   23 (vir)           12.930          -5.494          -5.663         -12.416           14.189
   24 (vir)           13.361          -4.487          -4.411         -10.306           14.768
   25 (vir)           13.872          -5.031          -4.718         -11.164           15.288
   26 (vir)           15.666          -5.184          -4.043         -10.672           17.111
   27 (vir)           15.993          -5.791          -4.740         -12.037           17.498
   28 (vir)           16.199          -5.224          -4.558         -11.353           17.771
   29 (vir)           16.838          -5.584          -5.107         -12.354           18.501
   30 (vir)           19.558          -6.009          -5.442         -13.457           21.564
   31 (vir)           22.370          -6.293          -4.095         -11.898           23.881
   32 (vir)           24.157          -6.134          -3.615         -11.328           25.735
   33 (vir)           24.243          -5.650          -3.890         -11.994           26.699
   34 (vir)           24.493          -6.006          -3.871         -12.069           26.684
   35 (vir)           25.365          -3.877          -2.554          -9.622           28.556
   36 (vir)           27.588          -5.221          -3.553         -11.682           30.496
   37 (vir)           28.579          -2.858          -3.875         -12.600           34.446
   38 (vir)           29.724          -6.189          -4.280         -13.485           32.741
   39 (vir)           30.298          -5.195          -4.035         -13.115           34.183
   40 (vir)           30.393          -7.422          -3.861         -12.840           31.950
   41 (vir)           30.946          -3.665          -3.261         -11.661           35.681
   42 (vir)           31.311          -3.035          -3.650         -12.416           37.042
   43 (vir)           33.349          -2.836          -4.037         -13.424           39.899
   44 (vir)           34.006          -3.665          -3.819         -13.127           39.650
   45 (vir)           34.211          -4.042          -4.069         -13.462           39.563
   46 (vir)           37.746          -2.139          -2.777         -11.142           43.973
   47 (vir)           38.345          -3.323          -3.999         -13.787           44.810
   48 (vir)           39.962          -5.281          -3.826         -13.282           44.136
   49 (vir)           40.713          -2.773          -4.127         -14.368           48.181
   50 (vir)           44.004          -5.801          -3.052         -12.296           47.447
   51 (vir)           45.072          -2.992          -3.180         -12.781           51.682
   52 (vir)           50.910          -1.073          -3.774         -14.843           60.906
   53 (vir)           61.939          -0.233          -2.652         -13.549           72.604
   54 (vir)           62.535           0.123          -2.072         -12.651           73.237
   55 (vir)           64.816          -1.009          -2.096         -12.851           74.561
   56 (vir)           65.097          -0.741          -2.452         -13.388           75.292
   57 (vir)           67.474          -4.533          -2.181         -13.005           73.765
   58 (vir)           72.830           1.372          -2.087         -13.184           85.298
   59 (vir)           76.399          -5.020          -2.860         -14.597           83.116
   60 (vir)           77.811          -1.459          -3.033         -15.369           88.688
   61 (vir)           87.717          -2.361          -3.856         -17.269           98.770
   62 (vir)          111.207          -0.198          -0.790          -8.488          118.706
   63 (vir)          111.366          -1.543          -0.780          -8.458          117.501
   64 (vir)          292.728          -0.692          -2.474         -23.151          312.713
   65 (vir)          292.834          -0.697          -2.470         -23.145          312.813
   66 (vir)          292.912          -0.634          -2.419         -23.096          312.955
   67 (vir)          293.160          -0.640          -2.412         -23.087          313.196
   68 (vir)          293.382          -0.702          -2.497         -23.209          313.393
   69 (vir)          369.690          -1.610          -1.205         -14.686          381.562
