 
  kpoint:     0.0000    0.1053    0.0000
 
    n          ϵ_nk^DFT (eV)     Σ^c_nk (eV)     Σ^x_nk (eV)    v_nk^xc (eV)   ϵ_nk^G0W0 (eV)
 
    1 (occ)          -60.511          12.345         -39.206         -24.124          -63.249
    2 (occ)          -34.742           9.291         -32.571         -22.567          -35.455
    3 (occ)          -34.601           9.184         -32.565         -22.712          -35.270
    4 (occ)          -34.580           9.119         -32.563         -22.735          -35.290
    5 (occ)          -13.743           7.489         -20.246         -12.823          -13.677
    6 (occ)          -12.806           7.057         -20.041         -13.008          -12.782
    7 (occ)           -4.929           4.022         -16.117         -12.155           -4.868
    8 (occ)           -2.241           2.614         -17.020         -14.641           -2.005
    9 (occ)           -1.984           2.484         -15.533         -12.998           -2.035
   10 (occ)           -1.716           2.315         -17.260         -15.208           -1.453
   11 (occ)           -1.126           1.622         -16.917         -15.545           -0.877
   12 (occ)           -0.693           1.788         -15.232         -13.462           -0.676
   13 (occ)           -0.019           1.126         -16.195         -15.324            0.236
   14 (vir)            2.758          -3.516         -10.409         -14.889            3.722
   15 (vir)            2.789          -3.554         -10.007         -14.384            3.612
   16 (vir)            3.133          -3.648         -10.304         -14.743            3.924
   17 (vir)            3.342          -3.709         -10.335         -14.971            4.269
   18 (vir)            6.536          -4.081          -5.302         -10.408            7.561
   19 (vir)            8.901          -3.596          -2.946          -7.172            9.531
   20 (vir)            9.114          -3.705          -4.470          -9.372           10.310
   21 (vir)           10.053          -4.316          -5.090         -10.792           11.439
   22 (vir)           11.158          -4.899          -5.498         -11.644           12.406
   23 (vir)           12.228          -5.069          -5.627         -12.049           13.581
   24 (vir)           13.088          -5.266          -6.057         -12.855           14.621
   25 (vir)           13.343          -5.001          -5.447         -12.041           14.935
   26 (vir)           14.319          -5.091          -5.310         -12.052           15.970
   27 (vir)           16.661          -6.041          -5.049         -12.313           17.884
   28 (vir)           16.963          -5.460          -5.743         -13.383           19.142
   29 (vir)           17.136          -5.823          -5.502         -13.057           18.868
   30 (vir)           18.333          -5.619          -5.334         -13.010           20.391
   31 (vir)           19.519          -5.049          -3.131          -9.782           21.121
   32 (vir)           20.366          -3.992          -3.461         -10.376           23.289
   33 (vir)           22.682          -8.213          -4.184         -12.388           22.674
   34 (vir)           22.990          -6.491          -4.596         -13.098           25.001
   35 (vir)           25.325          -7.444          -4.357         -13.190           26.715
   36 (vir)           25.445          -7.078          -4.435         -13.319           27.251
   37 (vir)           29.230          -5.764          -4.097         -13.196           32.564
   38 (vir)           29.433          -5.536          -4.145         -13.257           33.008
   39 (vir)           29.655          -5.116          -3.586         -12.012           32.965
   40 (vir)           32.659          -3.673          -3.889         -13.247           38.343
   41 (vir)           33.107          -3.225          -3.988         -13.370           39.263
   42 (vir)           34.444          -3.472          -3.808         -13.159           40.324
   43 (vir)           36.995          -6.787          -4.672         -14.802           40.339
   44 (vir)           37.499          -6.950          -4.391         -14.517           40.675
   45 (vir)           38.707          -5.729          -4.685         -14.954           43.247
   46 (vir)           41.272          -1.979          -3.710         -13.695           49.277
   47 (vir)           42.152          -1.248          -3.906         -14.264           51.261
   48 (vir)           43.605          -6.197          -3.686         -13.977           47.699
   49 (vir)           47.966           1.374          -2.371         -10.917           57.886
   50 (vir)           48.652          -1.750          -1.736          -9.524           54.691
   51 (vir)           53.958          -1.848          -1.851         -10.089           60.348
   52 (vir)           54.751          -1.070          -1.428          -9.374           61.627
   53 (vir)           61.373          -2.469          -1.722         -11.568           68.750
   54 (vir)           61.526          -1.046          -1.931         -12.298           70.846
   55 (vir)           62.146          -3.510          -2.459         -13.066           69.242
   56 (vir)           62.847          -1.383          -1.877         -12.065           71.652
   57 (vir)           64.542          -1.063          -2.752         -14.004           74.731
   58 (vir)           66.054          -1.767          -2.623         -13.473           75.138
   59 (vir)           69.268           3.799          -2.193         -13.085           83.959
   60 (vir)           88.834          -2.238          -3.748         -17.184          100.031
   61 (vir)           90.940          -1.480          -3.718         -17.381          103.124
   62 (vir)          108.094          -0.570          -0.851          -8.544          115.217
   63 (vir)          108.926          -0.169          -0.835          -8.574          116.496
   64 (vir)          292.810          -0.640          -2.425         -23.107          312.852
   65 (vir)          292.836          -0.639          -2.424         -23.105          312.878
   66 (vir)          293.107          -0.699          -2.505         -23.221          313.123
   67 (vir)          293.132          -0.700          -2.494         -23.201          313.139
   68 (vir)          293.205          -0.697          -2.504         -23.221          313.225
   69 (vir)          352.605          -0.963          -1.465         -14.914          365.091
