 
  kpoint:     0.0000    0.2368    0.0000
 
    n          ϵ_nk^DFT (eV)     Σ^c_nk (eV)     Σ^x_nk (eV)    v_nk^xc (eV)   ϵ_nk^G0W0 (eV)
 
    1 (occ)          -60.504          12.640         -39.205         -24.132          -62.937
    2 (occ)          -34.724           9.286         -32.575         -22.591          -35.422
    3 (occ)          -34.689           9.218         -32.579         -22.619          -35.431
    4 (occ)          -34.601           9.156         -32.570         -22.715          -35.300
    5 (occ)          -13.207           7.221         -20.182         -12.998          -13.171
    6 (occ)          -12.518           6.926         -20.061         -13.129          -12.524
    7 (occ)           -4.411           3.682         -16.290         -12.636           -4.384
    8 (occ)           -3.272           3.178         -16.015         -12.926           -3.183
    9 (occ)           -2.953           2.888         -16.159         -13.302           -2.921
   10 (occ)           -1.763           2.082         -16.957         -15.064           -1.574
   11 (occ)           -1.196           2.052         -16.715         -14.867           -0.992
   12 (occ)           -0.994           2.215         -14.451         -12.092           -1.137
   13 (occ)           -0.441           1.325         -16.445         -15.419           -0.141
   14 (vir)            2.151          -3.485         -10.527         -14.879            3.018
   15 (vir)            2.577          -3.484         -11.009         -15.370            3.454
   16 (vir)            2.759          -3.763         -10.552         -15.301            3.745
   17 (vir)            3.871          -4.160         -10.492         -15.578            4.796
   18 (vir)            7.564          -4.257          -5.040         -10.222            8.489
   19 (vir)            9.424          -3.685          -3.599          -8.247           10.387
   20 (vir)            9.473          -4.940          -5.834         -11.800           10.499
   21 (vir)           10.428          -4.046          -5.645         -11.465           12.202
   22 (vir)           10.532          -4.820          -5.066         -10.806           11.452
   23 (vir)           13.364          -4.567          -4.584         -10.746           14.959
   24 (vir)           13.369          -5.195          -5.443         -12.089           14.820
   25 (vir)           13.469          -5.634          -5.636         -12.510           14.709
   26 (vir)           14.914          -5.682          -5.261         -12.402           16.372
   27 (vir)           15.275          -5.076          -4.747         -11.433           16.885
   28 (vir)           15.781          -5.413          -4.613         -11.456           17.210
   29 (vir)           15.792          -5.672          -5.417         -12.578           17.281
   30 (vir)           19.021          -5.952          -5.514         -13.441           20.997
   31 (vir)           21.281          -4.708          -3.660         -10.994           23.907
   32 (vir)           22.860          -5.136          -3.309         -10.525           24.939
   33 (vir)           24.034          -5.107          -3.974         -12.173           27.126
   34 (vir)           25.214          -6.800          -4.035         -12.506           26.886
   35 (vir)           25.627          -4.311          -3.358         -11.336           29.294
   36 (vir)           27.022          -5.282          -4.069         -12.777           30.449
   37 (vir)           27.403          -8.675          -3.640         -11.817           26.906
   38 (vir)           29.094          -6.536          -4.217         -13.328           31.669
   39 (vir)           29.101          -5.683          -4.238         -13.073           32.252
   40 (vir)           31.423          -6.971          -3.827         -12.903           33.528
   41 (vir)           32.665          -2.616          -3.018         -11.325           38.357
   42 (vir)           32.789          -2.451          -3.895         -13.030           39.473
   43 (vir)           34.344           0.873          -3.813         -13.203           44.607
   44 (vir)           34.722          -2.474          -3.210         -11.976           41.013
   45 (vir)           35.913          -6.296          -4.431         -14.325           39.511
   46 (vir)           39.215          -3.492          -3.816         -13.454           45.362
   47 (vir)           39.973          -1.879          -3.071         -12.138           47.160
   48 (vir)           39.993          -3.447          -4.311         -14.338           46.573
   49 (vir)           41.925          -4.060          -4.064         -14.337           48.137
   50 (vir)           45.815          -1.264          -2.094         -10.226           52.683
   51 (vir)           46.235          -2.216          -2.756         -11.748           53.011
   52 (vir)           47.997          -3.445          -3.830         -14.669           55.390
   53 (vir)           61.964          -1.214          -2.022         -12.525           71.254
   54 (vir)           62.074          -2.441          -2.637         -13.537           70.534
   55 (vir)           63.895          -1.040          -2.105         -12.795           73.545
   56 (vir)           64.321          -0.551          -2.071         -12.676           74.375
   57 (vir)           66.402          -2.772          -2.144         -12.900           74.386
   58 (vir)           71.220          -4.041          -2.067         -13.018           78.130
   59 (vir)           72.994          -1.780          -3.084         -14.750           82.880
   60 (vir)           81.447          -2.207          -3.637         -16.509           92.112
   61 (vir)           89.022          -2.518          -3.729         -17.320          100.096
   62 (vir)          109.909          -2.373          -0.807          -8.478          115.207
   63 (vir)          110.230          -1.123          -0.808          -8.520          116.819
   64 (vir)          292.870          -0.635          -2.422         -23.102          312.914
   65 (vir)          292.887          -0.695          -2.487         -23.181          312.886
   66 (vir)          292.956          -0.701          -2.480         -23.168          312.943
   67 (vir)          293.022          -0.639          -2.416         -23.094          313.061
   68 (vir)          293.308          -0.702          -2.500         -23.215          313.321
   69 (vir)          364.108          -1.859          -1.304         -14.786          375.729
