 
  kpoint:     0.3158    0.3158    0.0000
 
    n          ϵ_nk^DFT (eV)     Σ^c_nk (eV)     Σ^x_nk (eV)    v_nk^xc (eV)   ϵ_nk^G0W0 (eV)
 
    1 (occ)          -60.489          12.703         -39.203         -24.146          -62.842
    2 (occ)          -34.766           9.471         -32.566         -22.543          -35.318
    3 (occ)          -34.726           9.338         -32.617         -22.585          -35.420
    4 (occ)          -34.690           9.307         -32.582         -22.637          -35.328
    5 (occ)          -11.929           6.339         -20.167         -13.553          -12.204
    6 (occ)          -11.827           6.723         -20.192         -13.500          -11.796
    7 (occ)           -4.714           3.844         -16.715         -13.007           -4.579
    8 (occ)           -4.295           3.811         -16.066         -12.311           -4.239
    9 (occ)           -3.551           3.148         -15.072         -11.945           -3.531
   10 (occ)           -3.105           3.086         -16.321         -13.226           -3.113
   11 (occ)           -2.645           2.898         -15.040         -12.073           -2.714
   12 (occ)           -1.820           2.561         -16.437         -13.846           -1.850
   13 (occ)            0.267           0.580         -16.162         -15.938            0.623
   14 (vir)            1.783          -3.325         -12.908         -17.247            2.797
   15 (vir)            2.901          -3.841         -10.153         -15.015            3.922
   16 (vir)            3.311          -4.475         -11.591         -16.951            4.196
   17 (vir)            4.618          -4.994         -10.710         -16.642            5.556
   18 (vir)            7.036          -4.351          -6.577         -11.978            8.086
   19 (vir)            7.589          -4.340          -5.631         -11.055            8.673
   20 (vir)           10.751          -4.602          -5.072         -10.950           12.028
   21 (vir)           10.888          -4.195          -4.284          -9.710           12.119
   22 (vir)           12.840          -5.012          -5.015         -11.417           14.230
   23 (vir)           13.315          -5.182          -5.116         -11.779           14.796
   24 (vir)           13.864          -5.317          -5.004         -11.839           15.382
   25 (vir)           13.892          -5.253          -5.267         -11.991           15.362
   26 (vir)           14.186          -5.705          -5.075         -11.872           15.278
   27 (vir)           14.698          -4.440          -3.306          -8.917           15.869
   28 (vir)           18.127          -4.666          -3.128          -9.125           19.458
   29 (vir)           19.117          -6.332          -4.197         -11.785           20.373
   30 (vir)           20.204          -5.816          -4.311         -11.747           21.825
   31 (vir)           20.521          -5.899          -4.118         -11.544           22.049
   32 (vir)           20.601          -5.954          -3.989         -11.238           21.896
   33 (vir)           25.767          -6.055          -3.137         -10.624           27.199
   34 (vir)           26.069          -5.980          -3.834         -11.965           28.219
   35 (vir)           26.983          -5.961          -4.183         -12.978           29.818
   36 (vir)           27.659          -4.358          -3.565         -11.676           31.412
   37 (vir)           29.059          -6.216          -3.775         -12.604           31.672
   38 (vir)           29.702          -6.377          -4.046         -12.929           32.208
   39 (vir)           29.892          -4.827          -4.006         -13.012           34.071
   40 (vir)           30.244          -5.267          -4.303         -13.621           34.296
   41 (vir)           30.983          -3.583          -3.959         -13.191           36.632
   42 (vir)           31.885          -6.221          -3.946         -13.098           34.816
   43 (vir)           32.364          -5.121          -4.236         -13.261           36.268
   44 (vir)           33.301          -7.266          -2.880         -11.104           34.259
   45 (vir)           34.616          -8.868          -2.350         -10.211           33.609
   46 (vir)           34.933          -4.229          -4.112         -13.832           40.424
   47 (vir)           37.521          -4.315          -3.988         -13.701           42.918
   48 (vir)           38.293          -3.525          -3.873         -13.713           44.608
   49 (vir)           39.369           3.638          -3.610         -13.144           52.541
   50 (vir)           39.771          -1.167          -4.202         -14.384           48.786
   51 (vir)           43.099           0.205          -3.906         -14.249           53.647
   52 (vir)           55.671          -2.871          -3.360         -14.542           63.981
   53 (vir)           61.252          -0.899          -2.542         -13.266           71.079
   54 (vir)           61.827          -1.151          -2.664         -13.489           71.501
   55 (vir)           66.037          -8.231          -1.945         -12.436           68.297
   56 (vir)           67.832           3.096          -3.192         -15.026           82.762
   57 (vir)           69.645           0.979          -2.207         -13.229           81.646
   58 (vir)           76.039          -1.912          -2.249         -13.858           85.737
   59 (vir)           80.066           0.802          -3.216         -15.542           93.193
   60 (vir)           82.743          -0.887          -2.915         -15.078           94.019
   61 (vir)           86.869          -2.148          -3.098         -15.607           97.231
   62 (vir)          113.651           0.674          -0.733          -8.355          121.947
   63 (vir)          116.053           0.522          -0.656          -8.273          124.191
   64 (vir)          292.778          -0.695          -2.466         -23.134          312.751
   65 (vir)          292.870          -0.704          -2.460         -23.124          312.830
   66 (vir)          293.028          -0.673          -2.462         -23.133          313.026
   67 (vir)          293.183          -0.637          -2.417         -23.098          313.228
   68 (vir)          293.241          -0.635          -2.405         -23.074          313.276
   69 (vir)          373.380          -1.724          -1.170         -14.629          385.114
