 
  kpoint:     0.0000    0.2632    0.0000
 
    n          ϵ_nk^DFT (eV)     Σ^c_nk (eV)     Σ^x_nk (eV)    v_nk^xc (eV)   ϵ_nk^G0W0 (eV)
 
    1 (occ)          -60.502          12.671         -39.205         -24.134          -62.901
    2 (occ)          -34.720           9.301         -32.576         -22.597          -35.398
    3 (occ)          -34.710           9.236         -32.583         -22.598          -35.458
    4 (occ)          -34.606           9.149         -32.571         -22.710          -35.318
    5 (occ)          -13.069           7.157         -20.170         -13.047          -13.036
    6 (occ)          -12.445           6.916         -20.069         -13.163          -12.435
    7 (occ)           -4.368           3.680         -16.445         -12.829           -4.304
    8 (occ)           -3.433           3.250         -15.771         -12.558           -3.397
    9 (occ)           -3.168           3.003         -16.138         -13.169           -3.134
   10 (occ)           -1.888           2.175         -16.981         -14.987           -1.707
   11 (occ)           -1.108           2.272         -14.580         -12.167           -1.249
   12 (occ)           -1.071           2.001         -16.545         -14.730           -0.885
   13 (occ)           -0.546           1.373         -16.398         -15.329           -0.243
   14 (vir)            2.140          -3.533         -10.710         -15.122            3.019
   15 (vir)            2.479          -3.495         -11.224         -15.612            3.371
   16 (vir)            2.884          -3.828         -10.451         -15.257            3.863
   17 (vir)            3.960          -4.233         -10.507         -15.661            4.882
   18 (vir)            7.661          -4.248          -5.045         -10.261            8.629
   19 (vir)            9.054          -4.876          -5.985         -11.882           10.074
   20 (vir)            9.380          -3.837          -4.287          -9.277           10.533
   21 (vir)           10.428          -4.638          -4.504          -9.911           11.197
   22 (vir)           10.695          -4.480          -5.815         -11.790           12.190
   23 (vir)           13.399          -5.644          -5.674         -12.561           14.642
   24 (vir)           13.502          -4.491          -4.556         -10.632           15.087
   25 (vir)           13.527          -5.341          -5.217         -11.821           14.790
   26 (vir)           15.046          -5.693          -5.139         -12.358           16.572
   27 (vir)           15.565          -5.108          -4.659         -11.366           17.164
   28 (vir)           15.630          -5.275          -4.391         -11.106           17.070
   29 (vir)           15.988          -5.644          -5.291         -12.429           17.482
   30 (vir)           19.191          -5.944          -5.518         -13.485           21.214
   31 (vir)           21.699          -5.111          -3.824         -11.342           24.106
   32 (vir)           23.409          -5.725          -3.342         -10.666           25.009
   33 (vir)           24.138          -5.135          -3.903         -12.043           27.143
   34 (vir)           24.988          -6.643          -3.974         -12.347           26.719
   35 (vir)           25.579          -4.105          -2.951         -10.530           29.053
   36 (vir)           27.276          -5.070          -3.872         -12.368           30.701
   37 (vir)           27.616          -3.572          -3.886         -12.349           32.507
   38 (vir)           29.303          -6.325          -4.237         -13.385           32.126
   39 (vir)           29.366          -5.546          -4.223         -13.113           32.710
   40 (vir)           31.117          -5.247          -3.829         -12.866           34.906
   41 (vir)           31.995          -2.747          -2.918         -11.127           37.458
   42 (vir)           32.481          -2.417          -3.697         -12.631           38.998
   43 (vir)           33.825          -1.683          -4.024         -13.523           41.641
   44 (vir)           34.049          -2.402          -3.557         -12.600           40.690
   45 (vir)           35.416          -3.474          -4.306         -14.045           41.682
   46 (vir)           38.924          -3.321          -3.922         -13.663           45.343
   47 (vir)           39.200          -1.893          -2.904         -11.652           46.056
   48 (vir)           40.031          -2.893          -4.146         -13.981           46.973
   49 (vir)           41.506          -3.353          -4.106         -14.379           48.426
   50 (vir)           44.961          -3.324          -2.427         -10.925           50.136
   51 (vir)           45.642          -0.931          -2.967         -12.244           53.987
   52 (vir)           48.952          -2.697          -3.829         -14.757           57.184
   53 (vir)           62.048           2.023          -2.641         -13.540           74.970
   54 (vir)           62.179           0.128          -2.041         -12.576           72.842
   55 (vir)           64.211          -0.575          -2.105         -12.823           74.353
   56 (vir)           64.803          -0.590          -2.141         -12.813           74.885
   57 (vir)           66.760          -3.727          -2.162         -12.936           73.806
   58 (vir)           71.747          -3.080          -2.056         -13.033           79.643
   59 (vir)           74.299          -1.323          -3.024         -14.716           84.669
   60 (vir)           79.988          -2.058          -3.548         -16.253           90.635
   61 (vir)           88.563          -2.076          -3.766         -17.303          100.025
   62 (vir)          110.329          -2.333          -0.799          -8.472          115.669
   63 (vir)          110.501          -1.048          -0.803          -8.511          117.160
   64 (vir)          292.834          -0.694          -2.483         -23.171          312.828
   65 (vir)          292.884          -0.635          -2.421         -23.100          312.928
   66 (vir)          292.914          -0.700          -2.477         -23.160          312.898
   67 (vir)          293.069          -0.639          -2.415         -23.092          313.106
   68 (vir)          293.333          -0.702          -2.499         -23.213          313.345
   69 (vir)          366.227          -1.768          -1.274         -14.752          377.938
