 
  kpoint:     0.2105    0.2105    0.0000
 
    n          ϵ_nk^DFT (eV)     Σ^c_nk (eV)     Σ^x_nk (eV)    v_nk^xc (eV)   ϵ_nk^G0W0 (eV)
 
    1 (occ)          -60.495          12.781         -39.204         -24.141          -62.778
    2 (occ)          -34.759           9.375         -32.589         -22.549          -35.424
    3 (occ)          -34.704           9.288         -32.580         -22.618          -35.378
    4 (occ)          -34.650           9.206         -32.582         -22.664          -35.361
    5 (occ)          -12.511           6.842         -20.143         -13.268          -12.544
    6 (occ)          -12.145           6.864         -20.116         -13.314          -12.084
    7 (occ)           -4.470           3.802         -16.388         -12.724           -4.332
    8 (occ)           -3.791           3.328         -16.306         -13.062           -3.706
    9 (occ)           -3.357           3.278         -15.787         -12.518           -3.348
   10 (occ)           -2.854           2.906         -16.394         -13.534           -2.808
   11 (occ)           -1.924           2.381         -15.316         -13.028           -1.831
   12 (occ)           -1.025           2.241         -15.216         -12.886           -1.113
   13 (occ)           -0.324           1.303         -16.624         -15.625           -0.021
   14 (vir)            2.027          -3.338         -10.891         -15.141            2.939
   15 (vir)            2.490          -4.193         -12.500         -17.666            3.463
   16 (vir)            2.825          -3.879         -10.526         -15.416            3.836
   17 (vir)            4.294          -4.582         -10.341         -15.875            5.245
   18 (vir)            8.056          -4.903          -6.684         -12.613            9.082
   19 (vir)            8.922          -4.334          -4.520          -9.636            9.704
   20 (vir)           10.211          -3.988          -4.236          -9.413           11.399
   21 (vir)           10.491          -5.049          -5.781         -12.014           11.675
   22 (vir)           11.196          -4.784          -4.981         -10.894           12.325
   23 (vir)           12.210          -4.899          -5.333         -11.704           13.682
   24 (vir)           12.976          -4.908          -5.774         -12.469           14.763
   25 (vir)           13.321          -4.766          -4.178         -10.170           14.547
   26 (vir)           13.871          -5.102          -4.739         -11.108           15.138
   27 (vir)           16.181          -5.983          -5.191         -12.269           17.277
   28 (vir)           16.263          -5.237          -3.862         -10.274           17.438
   29 (vir)           18.501          -5.138          -4.122         -11.261           20.503
   30 (vir)           21.200          -7.450          -4.527         -12.496           21.720
   31 (vir)           21.920          -5.143          -4.368         -12.391           24.801
   32 (vir)           23.737          -6.543          -3.632         -11.366           24.928
   33 (vir)           24.325          -8.757          -3.351         -10.920           23.138
   34 (vir)           24.541          -4.680          -4.005         -12.029           27.884
   35 (vir)           26.266          -4.430          -3.965         -12.533           30.404
   36 (vir)           26.325           2.344          -3.136         -10.694           36.228
   37 (vir)           28.727          -1.152          -2.633         -10.154           35.097
   38 (vir)           28.863          -4.351          -4.083         -13.013           33.442
   39 (vir)           29.317          -2.872          -3.413         -11.742           34.773
   40 (vir)           30.487          -7.844          -3.707         -12.330           31.266
   41 (vir)           31.219          -5.139          -3.862         -12.752           34.970
   42 (vir)           31.523          -5.088          -3.971         -12.849           35.314
   43 (vir)           32.573          -4.940          -3.561         -12.466           36.538
   44 (vir)           33.015          -2.366          -3.595         -12.740           39.794
   45 (vir)           33.557          -3.048          -3.544         -12.404           39.369
   46 (vir)           35.200           0.395          -3.742         -13.032           44.885
   47 (vir)           36.589          -2.485          -4.242         -13.883           43.746
   48 (vir)           38.772          -1.780          -3.926         -13.741           46.807
   49 (vir)           39.942          -2.490          -4.157         -14.368           47.663
   50 (vir)           41.298          -2.272          -4.218         -14.572           49.379
   51 (vir)           43.337          -3.955          -3.868         -14.226           49.739
   52 (vir)           54.328          -2.001          -3.559         -14.772           63.540
   53 (vir)           61.402          -1.971          -2.414         -13.110           70.128
   54 (vir)           61.632           2.824          -2.472         -13.311           75.295
   55 (vir)           65.872          -0.325          -1.965         -12.573           76.156
   56 (vir)           66.292          -1.733          -2.535         -13.610           75.635
   57 (vir)           68.828          -0.524          -2.323         -13.387           79.369
   58 (vir)           74.180          -2.199          -2.075         -13.215           83.121
   59 (vir)           78.107          -2.758          -3.173         -15.554           87.730
   60 (vir)           81.627          -1.372          -3.108         -15.316           92.463
   61 (vir)           85.861          -2.166          -3.593         -16.768           96.870
   62 (vir)          111.901          -1.848          -0.774          -8.444          117.723
   63 (vir)          112.401           0.076          -0.746          -8.397          120.127
   64 (vir)          292.629          -0.694          -2.461         -23.122          312.596
   65 (vir)          292.994          -0.635          -2.415         -23.091          313.035
   66 (vir)          293.004          -0.712          -2.485         -23.178          312.985
   67 (vir)          293.193          -0.639          -2.412         -23.088          313.229
   68 (vir)          293.221          -0.707          -2.479         -23.171          313.207
   69 (vir)          374.651          -1.762          -1.142         -14.653          386.399
