 
  kpoint:     0.0000    0.0526    0.0000
 
    n          ϵ_nk^DFT (eV)     Σ^c_nk (eV)     Σ^x_nk (eV)    v_nk^xc (eV)   ϵ_nk^G0W0 (eV)
 
    1 (occ)          -60.513          12.024         -39.206         -24.122          -63.574
    2 (occ)          -34.746           9.318         -32.570         -22.562          -35.437
    3 (occ)          -34.581           9.205         -32.562         -22.733          -35.205
    4 (occ)          -34.576           9.119         -32.562         -22.739          -35.280
    5 (occ)          -13.852           7.580         -20.262         -12.790          -13.745
    6 (occ)          -12.865           7.128         -20.039         -12.985          -12.790
    7 (occ)           -5.063           4.084         -16.145         -12.107           -5.017
    8 (occ)           -1.964           2.441         -17.279         -15.090           -1.711
    9 (occ)           -1.826           2.102         -17.350         -15.248           -1.826
   10 (occ)           -1.683           2.463         -14.778         -12.166           -1.832
   11 (occ)           -0.952           1.499         -16.944         -15.713           -0.683
   12 (occ)           -0.799           1.593         -16.189         -14.757           -0.638
   13 (occ)            0.030           1.100         -16.062         -15.204            0.272
   14 (vir)            2.999          -3.498         -10.267         -14.703            3.938
   15 (vir)            3.170          -3.662         -10.054         -14.525            3.979
   16 (vir)            3.180          -3.571         -10.262         -14.752            4.099
   17 (vir)            3.290          -3.683         -10.184         -14.679            4.103
   18 (vir)            6.039          -4.119          -5.254         -10.281            6.947
   19 (vir)            8.628          -3.745          -3.392          -7.819            9.310
   20 (vir)            8.875          -3.562          -4.221          -8.925           10.017
   21 (vir)            9.559          -3.796          -4.554          -9.802           11.011
   22 (vir)           11.534          -4.745          -5.594         -11.820           13.015
   23 (vir)           11.818          -4.860          -5.666         -11.973           13.266
   24 (vir)           13.061          -5.474          -5.892         -12.649           14.345
   25 (vir)           13.889          -5.136          -5.519         -12.267           15.501
   26 (vir)           14.165          -5.197          -5.472         -12.259           15.755
   27 (vir)           17.474          -5.933          -5.769         -13.525           19.298
   28 (vir)           17.530          -5.974          -5.706         -13.441           19.291
   29 (vir)           17.610          -6.150          -5.098         -12.552           18.913
   30 (vir)           18.179          -5.595          -5.268         -12.876           20.191
   31 (vir)           19.182          -4.674          -3.063          -9.606           21.051
   32 (vir)           19.701          -4.937          -3.478         -10.291           21.576
   33 (vir)           21.494          -6.893          -4.193         -12.276           22.684
   34 (vir)           22.648          -6.040          -4.784         -13.351           25.176
   35 (vir)           25.074          -7.038          -4.411         -13.277           26.902
   36 (vir)           25.088          -6.850          -4.437         -13.311           27.112
   37 (vir)           29.586          -5.453          -4.075         -13.241           33.299
   38 (vir)           29.655          -5.775          -4.088         -13.263           33.055
   39 (vir)           30.366          -4.702          -3.713         -12.263           34.214
   40 (vir)           32.964          -3.632          -3.908         -13.352           38.775
   41 (vir)           33.098          -2.588          -3.942         -13.383           39.952
   42 (vir)           34.771          -2.492          -3.813         -13.243           41.710
   43 (vir)           37.215          -7.104          -4.671         -14.819           40.259
   44 (vir)           37.497          -6.186          -4.489         -14.669           41.491
   45 (vir)           38.059          -5.806          -4.747         -14.957           42.463
   46 (vir)           42.221          -2.271          -3.988         -14.422           50.385
   47 (vir)           42.402          -2.732          -3.995         -14.480           50.155
   48 (vir)           43.121          -4.290          -3.809         -14.227           49.249
   49 (vir)           54.510          -1.345          -2.131         -10.917           61.950
   50 (vir)           55.988          -1.335          -1.544          -9.849           62.957
   51 (vir)           57.160          -1.557          -2.055         -11.003           64.552
   52 (vir)           57.745          -0.600          -1.763         -11.025           66.406
   53 (vir)           61.552          -1.511          -1.610         -11.173           69.604
   54 (vir)           62.217          -3.594          -3.183         -14.423           69.863
   55 (vir)           62.539          -0.883          -1.185          -9.697           70.167
   56 (vir)           63.039          -9.129          -2.187         -12.207           63.930
   57 (vir)           63.307          -1.690          -1.492         -10.878           71.002
   58 (vir)           65.366          -1.388          -2.076         -12.631           74.534
   59 (vir)           68.716          -6.373          -2.211         -13.048           73.180
   60 (vir)           90.720          -2.054          -3.693         -17.337          102.310
   61 (vir)           91.293          -1.205          -3.637         -17.391          103.843
   62 (vir)          107.126          -0.147          -0.887          -8.616          114.707
   63 (vir)          108.040          -1.181          -0.861          -8.628          114.626
   64 (vir)          292.798          -0.642          -2.426         -23.107          312.838
   65 (vir)          292.803          -0.643          -2.425         -23.107          312.842
   66 (vir)          293.154          -0.700          -2.509         -23.229          313.174
   67 (vir)          293.167          -0.700          -2.504         -23.220          313.183
   68 (vir)          293.188          -0.695          -2.498         -23.211          313.205
   69 (vir)          349.367          -0.879          -1.511         -14.939          361.916
