 
  kpoint:     0.0000    0.5000    0.0000
 
    n          ϵ_nk^DFT (eV)     Σ^c_nk (eV)     Σ^x_nk (eV)    v_nk^xc (eV)   ϵ_nk^G0W0 (eV)
 
    1 (occ)          -60.492          12.494         -39.204         -24.144          -63.058
    2 (occ)          -34.822           9.401         -32.603         -22.483          -35.541
    3 (occ)          -34.696           9.271         -32.578         -22.628          -35.375
    4 (occ)          -34.632           9.297         -32.583         -22.685          -35.233
    5 (occ)          -12.165           6.903         -20.161         -13.446          -11.977
    6 (occ)          -11.981           6.884         -20.157         -13.419          -11.836
    7 (occ)           -5.331           4.234         -16.082         -11.922           -5.257
    8 (occ)           -4.432           3.703         -15.822         -12.139           -4.411
    9 (occ)           -3.537           3.338         -16.655         -13.405           -3.449
   10 (occ)           -2.487           2.613         -17.151         -14.672           -2.352
   11 (occ)           -1.603           2.492         -15.738         -13.164           -1.685
   12 (occ)           -0.394           1.766         -15.084         -13.357           -0.356
   13 (occ)           -0.393           1.465         -15.118         -13.803           -0.243
   14 (vir)            2.180          -3.969         -13.116         -18.073            3.168
   15 (vir)            2.587          -4.296         -12.249         -17.476            3.517
   16 (vir)            3.838          -4.241          -9.504         -14.715            4.807
   17 (vir)            4.293          -4.458         -10.502         -15.889            5.222
   18 (vir)            5.939          -4.219          -6.167         -11.385            6.938
   19 (vir)            8.152          -4.501          -5.259         -10.781            9.173
   20 (vir)            8.234          -4.162          -5.841         -11.240            9.471
   21 (vir)           10.526          -4.610          -5.607         -11.495           11.804
   22 (vir)           11.216          -4.658          -6.168         -12.277           12.668
   23 (vir)           11.682          -4.870          -5.444         -11.726           13.094
   24 (vir)           13.371          -3.894          -2.685          -7.660           14.452
   25 (vir)           14.975          -5.078          -3.730          -9.831           15.999
   26 (vir)           16.852          -5.760          -3.798         -10.667           17.961
   27 (vir)           17.609          -5.405          -4.906         -12.146           19.444
   28 (vir)           19.170          -5.794          -3.806         -11.362           20.932
   29 (vir)           19.783          -5.636          -4.839         -12.498           21.807
   30 (vir)           20.781          -6.077          -4.539         -12.370           22.536
   31 (vir)           22.312          -6.738          -4.025         -11.803           23.352
   32 (vir)           22.473          -5.970          -4.045         -11.697           24.155
   33 (vir)           23.438          -6.634          -3.576         -11.489           24.717
   34 (vir)           25.332          -5.991          -4.178         -12.670           27.834
   35 (vir)           26.636          -6.326          -4.418         -13.365           29.257
   36 (vir)           27.581          -4.732          -3.633         -12.161           31.377
   37 (vir)           27.882          -7.105          -4.196         -13.057           29.638
   38 (vir)           28.305          -6.223          -4.309         -13.160           30.932
   39 (vir)           29.523          -5.365          -3.814         -12.276           32.621
   40 (vir)           30.022          -4.612          -3.659         -12.085           33.837
   41 (vir)           31.220          -3.776          -3.287         -11.698           35.855
   42 (vir)           33.514          -5.239          -4.299         -13.809           37.785
   43 (vir)           33.637          -3.101          -3.963         -13.187           39.760
   44 (vir)           35.915          -6.818          -3.265         -12.188           38.020
   45 (vir)           35.936          -3.835          -2.918         -11.139           40.321
   46 (vir)           36.245          -2.779          -3.555         -12.958           42.869
   47 (vir)           36.426          -3.171          -3.747         -13.260           42.769
   48 (vir)           39.365          -3.765          -3.955         -13.862           45.509
   49 (vir)           39.460          -2.222          -2.932         -11.553           45.860
   50 (vir)           42.867          -1.225          -3.970         -14.270           51.942
   51 (vir)           44.922          -2.957          -3.194         -12.913           51.684
   52 (vir)           55.028          -2.524          -3.120         -14.034           63.418
   53 (vir)           58.978           1.082          -3.879         -15.671           71.853
   54 (vir)           61.451          -1.472          -2.814         -13.738           70.902
   55 (vir)           62.870          -0.377          -2.128         -12.749           73.113
   56 (vir)           65.903          -0.112          -2.063         -12.854           76.581
   57 (vir)           68.819          -0.899          -2.172         -13.096           78.844
   58 (vir)           76.674          -2.051          -2.146         -13.689           86.167
   59 (vir)           77.773          -1.987          -1.896         -13.083           86.972
   60 (vir)           78.821          -1.084          -2.638         -14.211           89.310
   61 (vir)           86.456          -3.344          -3.784         -17.211           96.538
   62 (vir)          114.215          -0.923          -0.723          -8.419          120.988
   63 (vir)          115.469           2.824          -0.700          -8.395          125.987
   64 (vir)          292.521          -0.697          -2.455         -23.109          312.478
   65 (vir)          292.686          -0.690          -2.458         -23.115          312.653
   66 (vir)          292.966          -0.632          -2.414         -23.088          313.009
   67 (vir)          293.329          -0.640          -2.408         -23.081          313.363
   68 (vir)          293.477          -0.697          -2.490         -23.198          313.487
   69 (vir)          372.499          -1.742          -1.147         -14.557          384.168
