 
  kpoint:     0.0000    0.1579    0.0000
 
    n          ϵ_nk^DFT (eV)     Σ^c_nk (eV)     Σ^x_nk (eV)    v_nk^xc (eV)   ϵ_nk^G0W0 (eV)
 
    1 (occ)          -60.509          12.519         -39.206         -24.127          -63.069
    2 (occ)          -34.736           9.281         -32.573         -22.576          -35.453
    3 (occ)          -34.631           9.175         -32.570         -22.680          -35.347
    4 (occ)          -34.587           9.138         -32.565         -22.728          -35.287
    5 (occ)          -13.568           7.392         -20.223         -12.878          -13.521
    6 (occ)          -12.711           6.994         -20.045         -13.045          -12.718
    7 (occ)           -4.727           3.916         -16.104         -12.257           -4.657
    8 (occ)           -2.635           2.842         -16.671         -14.026           -2.439
    9 (occ)           -2.344           2.603         -15.965         -13.364           -2.342
   10 (occ)           -1.541           2.220         -17.100         -15.125           -1.296
   11 (occ)           -1.367           1.795         -16.913         -15.341           -1.143
   12 (occ)           -0.716           1.984         -14.597         -12.526           -0.804
   13 (occ)           -0.134           1.185         -16.358         -15.447            0.140
   14 (vir)            2.423          -3.472         -10.110         -14.421            3.262
   15 (vir)            2.610          -3.593         -10.587         -15.170            3.601
   16 (vir)            2.917          -3.543         -10.513         -14.893            3.753
   17 (vir)            3.556          -3.892         -10.412         -15.236            4.488
   18 (vir)            7.051          -4.284          -5.195         -10.347            7.919
   19 (vir)            9.159          -3.535          -2.859          -7.077            9.842
   20 (vir)            9.528          -3.925          -4.858         -10.099           10.845
   21 (vir)           10.612          -4.809          -5.574         -11.649           11.878
   22 (vir)           10.644          -4.686          -5.395         -11.415           11.978
   23 (vir)           12.815          -5.385          -5.581         -12.175           14.024
   24 (vir)           12.869          -4.802          -5.167         -11.542           14.443
   25 (vir)           13.124          -5.234          -5.996         -12.769           14.662
   26 (vir)           14.597          -5.069          -5.086         -11.783           16.224
   27 (vir)           15.745          -5.744          -5.116         -12.231           17.117
   28 (vir)           16.312          -5.588          -5.688         -13.150           18.186
   29 (vir)           16.577          -5.696          -5.200         -12.494           18.176
   30 (vir)           18.568          -5.832          -5.419         -13.192           20.510
   31 (vir)           20.092          -5.106          -3.269         -10.126           21.844
   32 (vir)           21.269          -4.477          -3.386         -10.407           23.813
   33 (vir)           23.446          -6.473          -4.338         -12.743           25.378
   34 (vir)           24.031          -5.354          -4.075         -12.385           26.987
   35 (vir)           25.507          -7.117          -4.249         -12.992           27.133
   36 (vir)           26.013          -6.088          -4.376         -13.274           28.823
   37 (vir)           28.643          -4.141          -3.412         -11.603           32.692
   38 (vir)           28.922          -5.368          -4.140         -13.191           32.605
   39 (vir)           29.155          -4.613          -4.205         -13.205           33.543
   40 (vir)           32.220          -3.690          -3.861         -13.100           37.769
   41 (vir)           33.044          -6.425          -4.014         -13.339           35.943
   42 (vir)           33.952          -3.623          -3.718         -12.875           39.486
   43 (vir)           36.747          -7.833          -4.633         -14.736           39.017
   44 (vir)           36.962          -2.937          -3.975         -13.707           43.757
   45 (vir)           38.837          -1.901          -2.939         -11.768           45.765
   46 (vir)           39.379          -4.983          -4.606         -14.896           44.687
   47 (vir)           41.644          -1.560          -3.697         -13.750           50.137
   48 (vir)           41.690          -1.202          -2.592         -11.082           48.977
   49 (vir)           43.876          -2.354          -3.496         -13.220           51.246
   50 (vir)           45.766          -9.909          -3.578         -13.882           46.161
   51 (vir)           50.074          -0.769          -2.017         -10.201           57.489
   52 (vir)           50.493          -0.737          -1.479          -9.114           57.391
   53 (vir)           61.368          -1.160          -1.924         -12.235           70.518
   54 (vir)           62.056          -1.192          -2.599         -13.428           71.693
   55 (vir)           62.531          -0.224          -1.986         -12.475           72.796
   56 (vir)           63.058          -1.437          -2.047         -12.567           72.141
   57 (vir)           65.446          -0.872          -2.138         -12.935           75.371
   58 (vir)           68.527          -1.823          -3.150         -14.631           78.185
   59 (vir)           69.888          -3.704          -2.145         -13.068           77.107
   60 (vir)           86.116          -5.084          -3.602         -16.971           94.401
   61 (vir)           90.313          -1.467          -3.771         -17.364          102.440
   62 (vir)          108.857          -0.691          -0.830          -8.504          115.840
   63 (vir)          109.533          -0.185          -0.821          -8.546          117.073
   64 (vir)          292.830          -0.637          -2.424         -23.106          312.874
   65 (vir)          292.896          -0.639          -2.421         -23.102          312.938
   66 (vir)          293.033          -0.697          -2.499         -23.208          313.044
   67 (vir)          293.072          -0.701          -2.489         -23.189          313.071
   68 (vir)          293.239          -0.699          -2.503         -23.220          313.257
   69 (vir)          357.037          -1.382          -1.395         -14.873          369.133
