 
  kpoint:     0.1930    0.1930    0.0000
 
    n          ϵ_nk^DFT (eV)     Σ^c_nk (eV)     Σ^x_nk (eV)    v_nk^xc (eV)   ϵ_nk^G0W0 (eV)
 
    1 (occ)          -60.497          12.777         -39.205         -24.139          -62.786
    2 (occ)          -34.745           9.345         -32.588         -22.563          -35.425
    3 (occ)          -34.708           9.306         -32.579         -22.612          -35.369
    4 (occ)          -34.638           9.243         -32.579         -22.676          -35.298
    5 (occ)          -12.674           6.918         -20.146         -13.199          -12.703
    6 (occ)          -12.232           6.867         -20.100         -13.267          -12.198
    7 (occ)           -4.370           3.707         -16.489         -12.897           -4.255
    8 (occ)           -3.523           3.168         -16.214         -13.107           -3.461
    9 (occ)           -3.425           3.238         -15.664         -12.367           -3.485
   10 (occ)           -2.805           2.855         -16.516         -13.724           -2.743
   11 (occ)           -1.699           2.273         -15.485         -13.320           -1.591
   12 (occ)           -0.891           2.185         -15.073         -12.793           -0.986
   13 (occ)           -0.385           1.365         -16.749         -15.689           -0.081
   14 (vir)            1.947          -3.312         -10.804         -15.020            2.851
   15 (vir)            2.479          -4.066         -12.155         -17.174            3.432
   16 (vir)            2.730          -3.842         -10.583         -15.440            3.744
   17 (vir)            4.248          -4.514         -10.367         -15.839            5.207
   18 (vir)            8.272          -4.610          -6.439         -12.381            9.604
   19 (vir)            8.962          -4.164          -4.468          -9.541            9.870
   20 (vir)           10.075          -3.886          -3.989          -9.001           11.201
   21 (vir)           10.710          -5.167          -6.198         -12.662           12.007
   22 (vir)           11.121          -4.685          -4.960         -10.824           12.299
   23 (vir)           12.124          -4.904          -5.319         -11.663           13.564
   24 (vir)           12.888          -4.895          -5.651         -12.229           14.571
   25 (vir)           13.065          -5.015          -4.559         -10.769           14.260
   26 (vir)           13.854          -5.340          -4.681         -10.955           14.789
   27 (vir)           15.945          -4.054          -4.130         -10.646           18.406
   28 (vir)           16.401          -5.971          -5.126         -12.236           17.541
   29 (vir)           18.037          -4.851          -4.255         -11.371           20.302
   30 (vir)           20.421          -6.963          -4.754         -12.704           21.407
   31 (vir)           22.035          -6.065          -4.430         -12.533           24.072
   32 (vir)           24.132          -4.398          -3.544         -11.276           27.466
   33 (vir)           24.651          -4.905          -3.371         -10.958           27.333
   34 (vir)           24.779          -4.423          -3.943         -11.966           28.378
   35 (vir)           25.848          -4.678          -3.857         -12.280           29.593
   36 (vir)           25.868          -7.149          -2.901         -10.255           26.074
   37 (vir)           28.416          -3.565          -3.218         -11.320           32.953
   38 (vir)           28.902          -6.566          -3.894         -12.592           31.034
   39 (vir)           29.593          -2.758          -3.312         -11.595           35.117
   40 (vir)           30.697          -3.959          -4.172         -13.373           35.939
   41 (vir)           30.876          -2.107          -3.415         -11.787           37.141
   42 (vir)           31.570          -5.131          -3.910         -12.623           35.153
   43 (vir)           32.651          -3.327          -3.681         -12.870           38.514
   44 (vir)           33.219          -5.427          -3.721         -12.815           36.886
   45 (vir)           34.152          -1.445          -3.401         -12.239           41.544
   46 (vir)           35.297          -1.480          -3.492         -12.543           42.867
   47 (vir)           37.041          -2.029          -4.208         -13.818           44.622
   48 (vir)           39.050          -4.903          -3.901         -13.689           43.935
   49 (vir)           40.428           2.373          -4.143         -14.372           53.030
   50 (vir)           41.396          -2.369          -4.157         -14.445           49.315
   51 (vir)           43.415          -4.603          -3.866         -14.214           49.160
   52 (vir)           53.005          -1.981          -3.686         -14.873           62.211
   53 (vir)           61.398          -1.030          -2.411         -13.115           71.072
   54 (vir)           61.681           1.005          -2.353         -13.121           73.455
   55 (vir)           65.697          -0.355          -1.975         -12.593           75.960
   56 (vir)           66.156          -1.378          -2.343         -13.247           75.682
   57 (vir)           68.429           0.186          -2.342         -13.393           79.665
   58 (vir)           73.475          -2.339          -2.036         -13.086           82.187
   59 (vir)           78.746           1.382          -3.338         -15.945           92.735
   60 (vir)           80.017          -5.608          -3.147         -15.249           86.512
   61 (vir)           86.489          -1.546          -3.650         -16.928           98.220
   62 (vir)          111.498          -1.901          -0.781          -8.459          117.275
   63 (vir)          111.763           0.397          -0.761          -8.413          119.813
   64 (vir)          292.658          -0.695          -2.465         -23.131          312.630
   65 (vir)          292.962          -0.636          -2.416         -23.093          313.003
   66 (vir)          293.029          -0.713          -2.487         -23.183          313.012
   67 (vir)          293.158          -0.639          -2.413         -23.089          313.195
   68 (vir)          293.231          -0.704          -2.483         -23.179          313.223
   69 (vir)          373.241          -1.721          -1.165         -14.678          385.033
