 
  kpoint:     0.0000    0.3684    0.0000
 
    n          ϵ_nk^DFT (eV)     Σ^c_nk (eV)     Σ^x_nk (eV)    v_nk^xc (eV)   ϵ_nk^G0W0 (eV)
 
    1 (occ)          -60.495          12.705         -39.204         -24.141          -62.854
    2 (occ)          -34.783           9.355         -32.594         -22.523          -35.498
    3 (occ)          -34.704           9.270         -32.578         -22.617          -35.395
    4 (occ)          -34.623           9.181         -32.578         -22.694          -35.326
    5 (occ)          -12.516           6.930         -20.146         -13.272          -12.461
    6 (occ)          -12.157           6.900         -20.116         -13.312          -12.061
    7 (occ)           -4.840           3.983         -16.324         -12.442           -4.739
    8 (occ)           -3.974           3.458         -15.942         -12.519           -3.939
    9 (occ)           -3.531           3.277         -16.052         -12.762           -3.544
   10 (occ)           -2.292           2.472         -17.088         -14.766           -2.141
   11 (occ)           -1.461           2.429         -15.310         -12.778           -1.565
   12 (occ)           -0.659           1.442         -15.772         -14.587           -0.402
   13 (occ)           -0.622           1.869         -15.713         -13.928           -0.539
   14 (vir)            2.228          -3.696         -12.281         -16.944            3.194
   15 (vir)            2.328          -3.893         -11.494         -16.306            3.246
   16 (vir)            3.472          -4.022          -9.905         -14.961            4.507
   17 (vir)            4.202          -4.363         -10.515         -15.846            5.171
   18 (vir)            7.154          -4.574          -6.304         -11.920            8.196
   19 (vir)            8.022          -4.259          -5.166         -10.462            9.058
   20 (vir)            8.636          -4.059          -5.587         -11.023           10.012
   21 (vir)           10.578          -4.417          -4.484          -9.860           11.537
   22 (vir)           11.288          -4.561          -6.273         -12.543           12.996
   23 (vir)           12.382          -5.268          -5.593         -12.150           13.672
   24 (vir)           13.230          -4.359          -3.807          -9.331           14.395
   25 (vir)           14.209          -4.943          -4.184         -10.397           15.478
   26 (vir)           16.109          -5.314          -3.921         -10.675           17.549
   27 (vir)           16.824          -5.320          -4.594         -11.533           18.444
   28 (vir)           17.175          -5.977          -4.427         -11.833           18.604
   29 (vir)           17.925          -5.695          -4.974         -12.385           19.641
   30 (vir)           19.971          -6.259          -5.217         -13.215           21.710
   31 (vir)           22.558          -6.239          -4.120         -11.936           24.135
   32 (vir)           23.755          -6.538          -3.587         -11.241           24.871
   33 (vir)           24.041          -6.235          -3.777         -11.838           25.866
   34 (vir)           24.502          -5.891          -4.060         -12.331           26.882
   35 (vir)           26.319          -3.959          -2.822         -10.163           29.700
   36 (vir)           27.581          -5.277          -3.685         -11.987           30.607
   37 (vir)           29.297          -4.219          -3.703         -12.556           33.931
   38 (vir)           29.499          -6.502          -3.937         -12.866           31.926
   39 (vir)           29.733          -5.608          -4.297         -13.459           33.287
   40 (vir)           30.117          -5.778          -3.588         -12.169           32.920
   41 (vir)           30.449          -3.784          -3.870         -12.551           35.346
   42 (vir)           31.997          -2.793          -3.812         -12.818           38.211
   43 (vir)           33.315          -4.734          -4.011         -13.257           37.827
   44 (vir)           33.427          -1.374          -3.795         -12.907           41.165
   45 (vir)           34.777          -3.363          -3.697         -13.004           40.720
   46 (vir)           36.728          -2.426          -2.809         -11.035           42.528
   47 (vir)           37.672          -3.517          -4.029         -13.794           43.919
   48 (vir)           39.834          -2.740          -3.532         -12.690           46.251
   49 (vir)           39.955          -4.428          -4.141         -14.315           45.701
   50 (vir)           43.488          -0.325          -3.487         -13.246           52.923
   51 (vir)           44.910          -2.915          -3.227         -12.932           51.701
   52 (vir)           52.697           2.552          -3.676         -14.784           66.357
   53 (vir)           61.781          -0.343          -2.697         -13.587           72.328
   54 (vir)           62.752          -0.542          -2.096         -12.701           72.815
   55 (vir)           63.810          -0.969          -2.983         -14.298           74.156
   56 (vir)           65.325          -0.650          -2.082         -12.858           75.451
   57 (vir)           68.098          -1.241          -2.193         -13.056           77.720
   58 (vir)           74.052          -0.580          -2.164         -13.375           84.683
   59 (vir)           77.145          -1.480          -2.521         -14.216           87.359
   60 (vir)           77.762          -1.264          -2.773         -14.446           88.170
   61 (vir)           87.065          -3.066          -3.813         -17.241           97.428
   62 (vir)          112.176           0.268          -0.772          -8.461          120.134
   63 (vir)          112.701          -0.867          -0.755          -8.438          119.516
   64 (vir)          292.634          -0.691          -2.466         -23.132          312.609
   65 (vir)          292.766          -0.694          -2.465         -23.132          312.739
   66 (vir)          292.937          -0.633          -2.417         -23.093          312.980
   67 (vir)          293.239          -0.640          -2.410         -23.085          313.274
   68 (vir)          293.426          -0.704          -2.494         -23.204          313.432
   69 (vir)          371.803          -1.497          -1.183         -14.628          383.751
