 
  kpoint:     0.1754    0.1754    0.0000
 
    n          ϵ_nk^DFT (eV)     Σ^c_nk (eV)     Σ^x_nk (eV)    v_nk^xc (eV)   ϵ_nk^G0W0 (eV)
 
    1 (occ)          -60.499          12.748         -39.205         -24.137          -62.818
    2 (occ)          -34.728           9.332         -32.585         -22.580          -35.402
    3 (occ)          -34.713           9.323         -32.577         -22.606          -35.362
    4 (occ)          -34.627           9.269         -32.576         -22.688          -35.247
    5 (occ)          -12.842           7.001         -20.153         -13.132          -12.863
    6 (occ)          -12.322           6.847         -20.086         -13.221          -12.340
    7 (occ)           -4.291           3.656         -16.524         -12.982           -4.176
    8 (occ)           -3.459           3.257         -15.648         -12.354           -3.497
    9 (occ)           -3.250           3.023         -16.126         -13.149           -3.205
   10 (occ)           -2.708           2.767         -16.612         -13.925           -2.629
   11 (occ)           -1.512           2.191         -15.696         -13.623           -1.395
   12 (occ)           -0.776           2.134         -14.941         -12.708           -0.875
   13 (occ)           -0.430           1.385         -16.843         -15.770           -0.118
   14 (vir)            1.924          -3.283         -10.693         -14.868            2.816
   15 (vir)            2.476          -3.936         -11.790         -16.659            3.409
   16 (vir)            2.633          -3.798         -10.638         -15.455            3.652
   17 (vir)            4.187          -4.490         -10.402         -15.803            5.097
   18 (vir)            8.283          -4.582          -5.723         -11.372            9.350
   19 (vir)            9.143          -4.553          -4.988         -10.359            9.960
   20 (vir)            9.936          -3.766          -3.688          -8.508           10.990
   21 (vir)           10.823          -5.110          -6.372         -12.859           12.201
   22 (vir)           11.117          -4.583          -5.023         -10.893           12.404
   23 (vir)           12.048          -5.097          -5.499         -11.951           13.403
   24 (vir)           12.829          -5.293          -4.856         -11.228           13.908
   25 (vir)           13.033          -5.012          -5.426         -11.917           14.512
   26 (vir)           13.868          -4.869          -4.653         -10.885           15.232
   27 (vir)           15.648          -5.343          -4.430         -11.067           16.942
   28 (vir)           16.511          -5.061          -5.048         -12.173           18.575
   29 (vir)           17.557          -4.609          -4.401         -11.479           20.026
   30 (vir)           19.738          -6.286          -5.010         -12.942           21.385
   31 (vir)           21.990          -6.148          -4.382         -12.435           23.895
   32 (vir)           24.275          -4.335          -3.399         -11.067           27.607
   33 (vir)           24.308          -4.406          -3.278         -10.695           27.319
   34 (vir)           25.068          -8.253          -3.955         -12.159           25.019
   35 (vir)           25.637          -4.868          -3.952         -12.333           29.150
   36 (vir)           26.026          -5.277          -2.882         -10.302           28.170
   37 (vir)           27.904          -4.625          -3.651         -12.089           31.718
   38 (vir)           29.087          -5.903          -3.768         -12.339           31.756
   39 (vir)           29.798          -3.801          -4.334         -13.511           35.173
   40 (vir)           30.277          -2.424          -3.154         -11.444           36.143
   41 (vir)           31.552          -4.653          -3.857         -12.577           35.619
   42 (vir)           31.725          -1.849          -3.161         -11.392           38.108
   43 (vir)           32.662          -3.413          -3.837         -13.123           38.535
   44 (vir)           33.652          -6.399          -3.979         -13.365           36.639
   45 (vir)           34.968          -1.417          -3.422         -12.369           42.497
   46 (vir)           35.740          -2.001          -3.100         -11.792           42.430
   47 (vir)           37.470          -3.186          -4.091         -13.576           43.768
   48 (vir)           39.324          -2.524          -3.889         -13.656           46.568
   49 (vir)           40.922          -3.375          -4.129         -14.374           47.792
   50 (vir)           41.515          -2.700          -4.018         -14.157           48.954
   51 (vir)           43.532          -6.971          -3.853         -14.180           46.889
   52 (vir)           51.561          -3.775          -3.774         -14.886           58.898
   53 (vir)           61.407          -1.068          -2.409         -13.121           71.051
   54 (vir)           61.655          -0.593          -2.264         -12.976           71.774
   55 (vir)           65.482          -0.330          -1.988         -12.619           75.782
   56 (vir)           65.867          -0.472          -2.191         -12.956           76.160
   57 (vir)           67.937          -1.443          -2.353         -13.380           77.521
   58 (vir)           72.786          -2.467          -2.014         -13.012           81.317
   59 (vir)           78.234          -1.082          -3.175         -15.182           89.158
   60 (vir)           79.725          -1.995          -3.519         -16.270           90.482
   61 (vir)           87.142          -1.540          -3.698         -17.057           98.962
   62 (vir)          111.124          -1.990          -0.787          -8.472          116.820
   63 (vir)          111.188          -0.183          -0.773          -8.426          118.658
   64 (vir)          292.702          -0.694          -2.469         -23.141          312.679
   65 (vir)          292.931          -0.636          -2.418         -23.095          312.972
   66 (vir)          293.053          -0.711          -2.489         -23.188          313.041
   67 (vir)          293.118          -0.639          -2.414         -23.091          313.156
   68 (vir)          293.235          -0.701          -2.487         -23.187          313.234
   69 (vir)          371.205          -1.737          -1.205         -14.709          382.972
