 
  kpoint:     0.3333    0.3333    0.0000
 
    n          ϵ_nk^DFT (eV)     Σ^c_nk (eV)     Σ^x_nk (eV)    v_nk^xc (eV)   ϵ_nk^G0W0 (eV)
 
    1 (occ)          -60.489          12.730         -39.203         -24.146          -62.816
    2 (occ)          -34.762           9.388         -32.556         -22.547          -35.384
    3 (occ)          -34.731           9.391         -32.626         -22.579          -35.387
    4 (occ)          -34.689           9.291         -32.583         -22.637          -35.344
    5 (occ)          -11.918           6.500         -20.168         -13.558          -12.029
    6 (occ)          -11.821           6.713         -20.194         -13.504          -11.798
    7 (occ)           -4.731           3.848         -16.729         -13.014           -4.598
    8 (occ)           -4.216           3.812         -16.183         -12.421           -4.165
    9 (occ)           -3.647           3.137         -14.855         -11.726           -3.638
   10 (occ)           -3.119           3.112         -16.428         -13.322           -3.112
   11 (occ)           -2.629           2.894         -14.929         -11.959           -2.705
   12 (occ)           -1.848           2.571         -16.534         -13.937           -1.873
   13 (occ)            0.295           0.550         -16.163         -15.972            0.654
   14 (vir)            1.751          -3.296         -12.925         -17.234            2.764
   15 (vir)            2.888          -3.844         -10.142         -14.999            3.901
   16 (vir)            3.349          -4.497         -11.582         -16.958            4.228
   17 (vir)            4.635          -5.024         -10.736         -16.686            5.561
   18 (vir)            7.090          -4.397          -6.741         -12.151            8.103
   19 (vir)            7.464          -4.336          -5.465         -10.858            8.521
   20 (vir)           10.786          -4.532          -5.109         -11.012           12.157
   21 (vir)           10.906          -4.183          -4.236          -9.646           12.132
   22 (vir)           13.048          -4.785          -4.915         -11.296           14.644
   23 (vir)           13.507          -5.120          -4.977         -11.553           14.963
   24 (vir)           13.746          -5.395          -5.065         -11.990           15.277
   25 (vir)           13.919          -5.531          -5.282         -12.311           15.416
   26 (vir)           14.034          -5.546          -5.630         -12.440           15.298
   27 (vir)           14.635          -4.223          -2.865          -8.209           15.757
   28 (vir)           18.083          -4.782          -3.276          -9.371           19.396
   29 (vir)           19.223          -6.316          -4.083         -11.650           20.474
   30 (vir)           20.205          -5.252          -4.182         -11.318           22.089
   31 (vir)           20.328          -6.049          -4.245         -11.872           21.906
   32 (vir)           20.505          -5.901          -3.998         -11.230           21.836
   33 (vir)           25.939          -5.809          -3.037         -10.398           27.492
   34 (vir)           26.216          -3.504          -3.734         -11.750           30.728
   35 (vir)           26.878          -8.179          -4.273         -13.170           27.596
   36 (vir)           27.647          -4.755          -3.613         -11.862           31.141
   37 (vir)           29.051          -5.347          -3.771         -12.520           32.453
   38 (vir)           29.713          -6.901          -4.073         -13.130           31.870
   39 (vir)           29.819          -6.501          -4.028         -12.945           32.236
   40 (vir)           30.687          -6.234          -4.069         -13.285           33.668
   41 (vir)           30.735          -3.794          -4.278         -13.784           36.447
   42 (vir)           31.736          -5.846          -3.965         -13.097           35.021
   43 (vir)           32.265          -5.063          -4.181         -13.120           36.140
   44 (vir)           33.430           1.867          -2.884         -11.118           43.530
   45 (vir)           34.737          -4.911          -2.227         -10.007           37.606
   46 (vir)           34.877          -3.785          -4.163         -13.927           40.857
   47 (vir)           37.562          -5.515          -4.054         -13.852           41.844
   48 (vir)           38.364          -3.262          -3.847         -13.706           44.962
   49 (vir)           39.432           2.624          -3.558         -13.039           51.538
   50 (vir)           39.644          -1.892          -4.213         -14.347           47.886
   51 (vir)           43.088          -1.896          -3.903         -14.251           51.541
   52 (vir)           55.637          -2.880          -3.382         -14.568           63.943
   53 (vir)           61.230          -1.033          -2.549         -13.276           70.924
   54 (vir)           61.828          -2.083          -2.662         -13.481           70.564
   55 (vir)           66.021          -0.255          -1.942         -12.428           76.252
   56 (vir)           67.976           0.919          -3.186         -15.024           80.733
   57 (vir)           69.661          -0.048          -2.206         -13.223           80.630
   58 (vir)           76.027          -1.914          -2.260         -13.840           85.692
   59 (vir)           80.275          -1.872          -3.319         -15.810           90.894
   60 (vir)           82.548          -1.754          -2.801         -14.830           92.823
   61 (vir)           86.977          -2.109          -3.104         -15.616           97.380
   62 (vir)          113.675          -7.850          -0.728          -8.353          113.449
   63 (vir)          116.147          -0.226          -0.654          -8.269          123.535
   64 (vir)          292.797          -0.697          -2.472         -23.146          312.774
   65 (vir)          292.873          -0.710          -2.454         -23.112          312.821
   66 (vir)          293.004          -0.683          -2.461         -23.132          312.992
   67 (vir)          293.200          -0.638          -2.422         -23.110          313.249
   68 (vir)          293.230          -0.634          -2.399         -23.062          313.259
   69 (vir)          373.234          -1.751          -1.179         -14.630          384.935
