 &plot nbnd=  50, nks=   128 /
            0.000000  0.000000  0.000000
  -60.221  -60.221  -35.950  -35.950  -33.518  -33.518  -33.369  -33.369  -13.446  -13.446
  -12.146  -12.146   -4.965   -4.965   -2.008   -2.008   -1.944   -1.944   -1.137   -1.137
   -0.914   -0.914   -0.829   -0.829    0.631    0.631    3.344    3.344    3.423    3.423
    3.636    3.636    3.636    3.636    5.951    5.951    6.471    6.471    6.874    6.874
    7.996    7.996    9.629    9.629   10.122   10.122   11.343   11.343   11.419   11.419
            0.006796  0.011771  0.000000
  -60.221  -60.221  -35.950  -35.950  -33.518  -33.518  -33.369  -33.369  -13.444  -13.444
  -12.146  -12.146   -4.963   -4.963   -2.010   -2.010   -1.945   -1.945   -1.161   -1.161
   -0.905   -0.905   -0.821   -0.821    0.630    0.630    3.344    3.344    3.423    3.423
    3.628    3.631    3.632    3.635    5.955    5.955    6.474    6.474    6.883    6.883
    7.999    7.999    9.639    9.639   10.125   10.125   11.338   11.338   11.416   11.416
            0.013592  0.023542  0.000000
  -60.221  -60.221  -35.950  -35.950  -33.519  -33.519  -33.371  -33.370  -13.438  -13.438
  -12.143  -12.143   -4.956   -4.956   -2.017   -2.016   -1.947   -1.946   -1.217   -1.216
   -0.901   -0.898   -0.791   -0.789    0.627    0.627    3.341    3.344    3.424    3.426
    3.608    3.613    3.624    3.629    5.967    5.967    6.482    6.482    6.911    6.911
    8.009    8.009    9.669    9.669   10.132   10.132   11.315   11.316   11.421   11.421
            0.020388  0.035313  0.000000
  -60.220  -60.220  -35.951  -35.951  -33.519  -33.519  -33.372  -33.372  -13.428  -13.428
  -12.139  -12.139   -4.944   -4.944   -2.034   -2.031   -1.945   -1.942   -1.288   -1.287
   -0.911   -0.907   -0.743   -0.739    0.623    0.623    3.331    3.339    3.430    3.436
    3.577    3.584    3.611    3.618    5.987    5.987    6.496    6.496    6.956    6.957
    8.024    8.024    9.718    9.718   10.144   10.144   11.267   11.269   11.445   11.446
            0.027184  0.047084  0.000000
  -60.220  -60.220  -35.952  -35.952  -33.519  -33.519  -33.375  -33.375  -13.413  -13.413
  -12.133  -12.133   -4.927   -4.927   -2.063   -2.058   -1.936   -1.931   -1.365   -1.365
   -0.934   -0.928   -0.689   -0.683    0.616    0.616    3.313    3.326    3.445    3.453
    3.536    3.548    3.595    3.602    6.013    6.013    6.514    6.514    7.020    7.020
    8.046    8.046    9.784    9.784   10.162   10.162   11.206   11.209   11.486   11.487
            0.033980  0.058854  0.000000
  -60.220  -60.220  -35.953  -35.953  -33.520  -33.520  -33.378  -33.377  -13.395  -13.395
  -12.125  -12.125   -4.906   -4.906   -2.102   -2.096   -1.920   -1.914   -1.447   -1.447
   -0.965   -0.958   -0.635   -0.627    0.607    0.607    3.288    3.305    3.459    3.462
    3.495    3.519    3.577    3.583    6.046    6.046    6.538    6.538    7.099    7.100
    8.074    8.075    9.865    9.865   10.185   10.185   11.137   11.142   11.540   11.541
            0.040776  0.070625  0.000000
  -60.219  -60.219  -35.955  -35.955  -33.520  -33.520  -33.381  -33.381  -13.373  -13.372
  -12.116  -12.116   -4.881   -4.880   -2.150   -2.143   -1.900   -1.893   -1.531   -1.530
   -1.003   -0.996   -0.584   -0.573    0.595    0.595    3.259    3.280    3.422    3.424
    3.512    3.520    3.560    3.570    6.083    6.084    6.567    6.568    7.194    7.195
    8.109    8.110    9.959    9.959   10.214   10.214   11.064   11.070   11.603   11.604
            0.047571  0.082396  0.000000
  -60.218  -60.218  -35.956  -35.956  -33.521  -33.521  -33.386  -33.385  -13.347  -13.346
  -12.105  -12.105   -4.851   -4.851   -2.205   -2.197   -1.875   -1.867   -1.617   -1.614
   -1.050   -1.041   -0.536   -0.523    0.580    0.580    3.228    3.250    3.365    3.365
    3.503    3.524    3.560    3.600    6.126    6.127    6.602    6.602    7.301    7.303
    8.151    8.151   10.059   10.060   10.252   10.252   10.988   10.996   11.673   11.675
            0.054367  0.094167  0.000000
  -60.218  -60.218  -35.959  -35.958  -33.522  -33.522  -33.390  -33.390  -13.317  -13.316
  -12.093  -12.093   -4.818   -4.817   -2.267   -2.258   -1.846   -1.839   -1.702   -1.696
   -1.104   -1.095   -0.493   -0.478    0.561    0.562    3.196    3.218    3.301    3.305
    3.472    3.495    3.607    3.649    6.173    6.174    6.641    6.641    7.420    7.422
    8.200    8.201   10.157   10.157   10.307   10.307   10.912   10.921   11.748   11.753
            0.061163  0.105938  0.000000
  -60.217  -60.217  -35.961  -35.960  -33.523  -33.523  -33.396  -33.395  -13.283  -13.282
  -12.079  -12.079   -4.781   -4.780   -2.335   -2.324   -1.824   -1.814   -1.787   -1.761
   -1.165   -1.157   -0.454   -0.436    0.538    0.540    3.165    3.181    3.236    3.249
    3.436    3.460    3.662    3.706    6.225    6.225    6.686    6.686    7.548    7.550
    8.258    8.259   10.235   10.235   10.389   10.390   10.837   10.847   11.824   11.832
            0.067959  0.117709  0.000000
  -60.216  -60.216  -35.963  -35.963  -33.525  -33.524  -33.401  -33.400  -13.246  -13.245
  -12.064  -12.064   -4.741   -4.740   -2.406   -2.395   -1.880   -1.872   -1.777   -1.751
   -1.233   -1.226   -0.419   -0.400    0.511    0.513    3.135    3.135    3.171    3.204
    3.397    3.422    3.723    3.768    6.280    6.281    6.735    6.735    7.680    7.683
    8.326    8.327   10.293   10.293   10.496   10.498   10.763   10.774   11.897   11.910
            0.074755  0.129480  0.000000
  -60.215  -60.215  -35.966  -35.965  -33.526  -33.526  -33.408  -33.406  -13.205  -13.204
  -12.047  -12.047   -4.698   -4.696   -2.481   -2.470   -1.958   -1.956   -1.738   -1.714
   -1.309   -1.302   -0.390   -0.368    0.479    0.482    3.081    3.097    3.119    3.171
    3.357    3.383    3.789    3.836    6.340    6.341    6.789    6.789    7.815    7.819
    8.406    8.407   10.342   10.342   10.604   10.611   10.698   10.706   11.965   11.982
            0.081551  0.141251  0.000000
  -60.214  -60.214  -35.969  -35.968  -33.528  -33.527  -33.414  -33.412  -13.161  -13.159
  -12.029  -12.029   -4.653   -4.651   -2.558   -2.546   -2.038   -2.037   -1.697   -1.672
   -1.391   -1.385   -0.365   -0.342    0.442    0.447    3.025    3.038    3.094    3.148
    3.315    3.342    3.859    3.907    6.403    6.405    6.848    6.848    7.948    7.952
    8.500    8.502   10.388   10.388   10.604   10.626   10.733   10.736   11.989   11.997
            0.088347  0.153021  0.000000
  -60.213  -60.213  -35.972  -35.971  -33.530  -33.529  -33.421  -33.418  -13.114  -13.112
  -12.009  -12.009   -4.607   -4.603   -2.636   -2.624   -2.118   -2.115   -1.655   -1.628
   -1.478   -1.475   -0.345   -0.320    0.400    0.407    2.970    2.979    3.077    3.130
    3.275    3.301    3.932    3.981    6.471    6.473    6.911    6.911    8.074    8.078
    8.612    8.614   10.431   10.432   10.538   10.560   10.825   10.826   11.900   11.910
            0.095143  0.164792  0.000000
  -60.212  -60.212  -35.976  -35.974  -33.533  -33.531  -33.428  -33.424  -13.064  -13.061
  -11.988  -11.988   -4.559   -4.555   -2.714   -2.702   -2.196   -2.192   -1.615   -1.585
   -1.567   -1.566   -0.330   -0.303    0.353    0.362    2.919    2.921    3.066    3.118
    3.235    3.262    4.007    4.058    6.543    6.544    6.979    6.979    8.192    8.196
    8.741    8.744   10.470   10.471   10.473   10.494   10.890   10.893   11.848   11.861
            0.101939  0.176563  0.000000
  -60.211  -60.211  -35.979  -35.977  -33.535  -33.534  -33.434  -33.430  -13.011  -13.007
  -11.967  -11.966   -4.512   -4.506   -2.790   -2.779   -2.273   -2.266   -1.674   -1.671
   -1.562   -1.533   -0.319   -0.291    0.301    0.313    2.867    2.870    3.060    3.109
    3.200    3.227    4.084    4.135    6.618    6.620    7.052    7.052    8.301    8.305
    8.886    8.889   10.403   10.428   10.506   10.506   10.921   10.925   11.842   11.857
            0.108735  0.188334  0.000000
  -60.209  -60.209  -35.983  -35.981  -33.538  -33.537  -33.441  -33.437  -12.955  -12.951
  -11.943  -11.943   -4.465   -4.459   -2.864   -2.854   -2.347   -2.339   -1.775   -1.774
   -1.519   -1.485   -0.313   -0.283    0.245    0.261    2.815    2.826    3.060    3.103
    3.168    3.199    4.163    4.214    6.698    6.700    7.128    7.128    8.403    8.407
    9.044    9.047   10.338   10.365   10.529   10.529   10.925   10.929   11.880   11.896
            0.115531  0.200105  0.000000
  -60.208  -60.208  -35.987  -35.984  -33.541  -33.540  -33.448  -33.443  -12.897  -12.892
  -11.919  -11.919   -4.421   -4.413   -2.933   -2.925   -2.421   -2.409   -1.882   -1.877
   -1.477   -1.439   -0.311   -0.280    0.187    0.207    2.766    2.785    3.064    3.096
    3.143    3.180    4.241    4.292    6.782    6.785    7.209    7.209    8.500    8.505
    9.209    9.211   10.274   10.304   10.532   10.533   10.919   10.922   11.950   11.965
            0.122327  0.211876  0.000000
  -60.207  -60.207  -35.991  -35.988  -33.545  -33.544  -33.455  -33.449  -12.837  -12.830
  -11.894  -11.894   -4.380   -4.370   -2.997   -2.990   -2.493   -2.479   -1.991   -1.982
   -1.437   -1.396   -0.314   -0.282    0.126    0.151    2.719    2.747    3.070    3.087
    3.127    3.176    4.319    4.370    6.869    6.873    7.293    7.294    8.595    8.600
    9.376    9.376   10.213   10.247   10.511   10.513   10.921   10.923   12.036   12.051
            0.129122  0.223647  0.000000
  -60.205  -60.205  -35.995  -35.992  -33.549  -33.548  -33.461  -33.454  -12.774  -12.767
  -11.868  -11.868   -4.344   -4.332   -3.053   -3.049   -2.566   -2.548   -2.098   -2.085
   -1.402   -1.356   -0.321   -0.288    0.065    0.097    2.676    2.711    3.075    3.076
    3.124    3.183    4.396    4.446    6.961    6.965    7.382    7.382    8.690    8.695
    9.532    9.536   10.161   10.200   10.468   10.471   10.938   10.939   12.057   12.059
            0.135918  0.235418  0.000000
  -60.204  -60.204  -36.000  -35.995  -33.553  -33.553  -33.467  -33.460  -12.710  -12.701
  -11.842  -11.841   -4.314   -4.300   -3.101   -3.099   -2.640   -2.619   -2.203   -2.185
   -1.374   -1.322   -0.332   -0.298    0.006    0.044    2.636    2.680    3.068    3.076
    3.136    3.199    4.471    4.520    7.056    7.060    7.474    7.474    8.784    8.789
    9.660    9.670   10.131   10.177   10.413   10.415   10.966   10.966   12.024   12.029
            0.142714  0.247188  0.000000
  -60.202  -60.202  -36.004  -35.999  -33.558  -33.558  -33.472  -33.465  -12.644  -12.634
  -11.814  -11.813   -4.293   -4.276   -3.139   -3.138   -2.718   -2.693   -2.301   -2.279
   -1.353   -1.296   -0.347   -0.312   -0.049   -0.005    2.601    2.652    3.064    3.077
    3.159    3.222    4.544    4.591    7.155    7.160    7.569    7.569    8.880    8.885
    9.729    9.742   10.157   10.205   10.352   10.355   11.000   11.001   11.996   12.003
            0.149510  0.258959  0.000000
  -60.201  -60.201  -36.008  -36.003  -33.564  -33.563  -33.477  -33.470  -12.577  -12.566
  -11.786  -11.785   -4.280   -4.262   -3.167   -3.163   -2.801   -2.773   -2.390   -2.364
   -1.343   -1.280   -0.366   -0.331   -0.099   -0.047    2.571    2.629    3.066    3.081
    3.187    3.249    4.613    4.659    7.257    7.263    7.667    7.668    8.977    8.982
    9.725    9.733   10.253   10.288   10.294   10.305   11.038   11.040   11.977   11.985
            0.156306  0.270730  0.000000
  -60.200  -60.200  -36.013  -36.007  -33.570  -33.568  -33.482  -33.475  -12.509  -12.496
  -11.758  -11.757   -4.277   -4.257   -3.183   -3.177   -2.891   -2.861   -2.466   -2.438
   -1.344   -1.277   -0.389   -0.354   -0.141   -0.081    2.547    2.611    3.071    3.089
    3.220    3.280    4.679    4.723    7.363    7.369    7.768    7.769    9.075    9.080
    9.673    9.675   10.237   10.239   10.390   10.426   11.078   11.080   11.970   11.979
            0.163102  0.282501  0.000000
  -60.198  -60.198  -36.017  -36.010  -33.576  -33.573  -33.487  -33.479  -12.440  -12.426
  -11.729  -11.728   -4.283   -4.261   -3.188   -3.180   -2.988   -2.958   -2.529   -2.500
   -1.358   -1.286   -0.416   -0.381   -0.173   -0.106    2.531    2.601    3.080    3.099
    3.256    3.314    4.741    4.782    7.471    7.478    7.872    7.873    9.175    9.179
    9.596    9.597   10.190   10.192   10.531   10.559   11.119   11.121   11.979   11.985
            0.169898  0.294272  0.000000
  -60.197  -60.197  -36.022  -36.014  -33.582  -33.578  -33.491  -33.484  -12.371  -12.354
  -11.700  -11.699   -4.297   -4.274   -3.183   -3.173   -3.090   -3.061   -2.579   -2.550
   -1.386   -1.311   -0.446   -0.413   -0.196   -0.122    2.524    2.598    3.092    3.112
    3.296    3.350    4.799    4.837    7.582    7.590    7.979    7.980    9.275    9.276
    9.506    9.510   10.151   10.153   10.665   10.684   11.161   11.163   12.001   12.005
            0.176694  0.306043  0.000000
  -60.196  -60.196  -36.026  -36.018  -33.589  -33.583  -33.494  -33.488  -12.302  -12.283
  -11.671  -11.669   -4.316   -4.294   -3.198   -3.179   -3.168   -3.149   -2.618   -2.590
   -1.426   -1.349   -0.479   -0.447   -0.208   -0.129    2.526    2.604    3.106    3.125
    3.337    3.388    4.852    4.887    7.694    7.704    8.087    8.088    9.349    9.372
    9.415    9.441   10.122   10.123   10.782   10.787   11.204   11.206   12.000   12.024
            0.183490  0.317814  0.000000
  -60.194  -60.194  -36.031  -36.021  -33.596  -33.588  -33.498  -33.492  -12.232  -12.212
  -11.642  -11.640   -4.340   -4.318   -3.307   -3.284   -3.149   -3.135   -2.647   -2.621
   -1.477   -1.400   -0.515   -0.486   -0.212   -0.127    2.538    2.618    3.121    3.139
    3.380    3.428    4.901    4.932    7.808    7.819    8.198    8.199    9.290    9.308
    9.480    9.499   10.103   10.105   10.858   10.872   11.251   11.252   11.895   11.906
            0.190286  0.329585  0.000000
  -60.193  -60.193  -36.035  -36.025  -33.602  -33.593  -33.501  -33.496  -12.164  -12.141
  -11.613  -11.611   -4.365   -4.345   -3.417   -3.395   -3.125   -3.111   -2.669   -2.643
   -1.539   -1.463   -0.555   -0.527   -0.207   -0.118    2.559    2.640    3.137    3.153
    3.423    3.468    4.946    4.972    7.920    7.934    8.310    8.311    9.190    9.209
    9.579    9.593   10.096   10.097   10.885   10.925   11.300   11.301   11.799   11.799
            0.197082  0.341355  0.000000
  -60.192  -60.192  -36.039  -36.028  -33.609  -33.598  -33.504  -33.499  -12.096  -12.071
  -11.584  -11.582   -4.391   -4.372   -3.526   -3.506   -3.099   -3.085   -2.683   -2.658
   -1.609   -1.534   -0.597   -0.572   -0.195   -0.104    2.589    2.670    3.154    3.165
    3.467    3.507    4.987    5.007    8.030    8.047    8.423    8.424    9.089    9.112
    9.674    9.685   10.100   10.101   10.867   10.932   11.352   11.354   11.729   11.749
            0.203878  0.353126  0.000000
  -60.190  -60.190  -36.043  -36.031  -33.615  -33.602  -33.507  -33.503  -12.030  -12.002
  -11.556  -11.553   -4.415   -4.399   -3.635   -3.616   -3.073   -3.059   -2.690   -2.666
   -1.686   -1.612   -0.643   -0.619   -0.178   -0.084    2.628    2.705    3.172    3.177
    3.511    3.546    5.024    5.038    8.133    8.153    8.538    8.539    8.992    9.022
    9.762    9.768   10.116   10.117   10.816   10.897   11.409   11.411   11.705   11.742
            0.210673  0.364897  0.000000
  -60.189  -60.189  -36.047  -36.034  -33.622  -33.607  -33.510  -33.507  -11.965  -11.935
  -11.528  -11.525   -4.437   -4.423   -3.740   -3.723   -3.048   -3.035   -2.692   -2.669
   -1.768   -1.697   -0.691   -0.670   -0.156   -0.059    2.671    2.742    3.188    3.193
    3.552    3.582    5.058    5.066    8.223    8.248    8.653    8.654    8.907    8.946
    9.834    9.836   10.144   10.144   10.760   10.841   11.470   11.472   11.719   11.764
            0.217469  0.376668  0.000000
  -60.188  -60.188  -36.051  -36.037  -33.628  -33.611  -33.513  -33.510  -11.902  -11.870
  -11.501  -11.498   -4.454   -4.443   -3.843   -3.827   -3.025   -3.013   -2.688   -2.665
   -1.854   -1.785   -0.741   -0.722   -0.129   -0.030    2.717    2.776    3.200    3.219
    3.592    3.616    5.090    5.091    8.287    8.316    8.768    8.769    8.846    8.894
    9.873    9.887   10.184   10.185   10.724   10.794   11.536   11.537   11.755   11.803
            0.224265  0.388439  0.000000
  -60.187  -60.187  -36.054  -36.040  -33.633  -33.614  -33.515  -33.514  -11.841  -11.806
  -11.474  -11.471   -4.467   -4.459   -3.942   -3.928   -3.006   -2.995   -2.678   -2.657
   -1.944   -1.877   -0.794   -0.777   -0.097    0.004    2.761    2.803    3.215    3.255
    3.629    3.647    5.114    5.120    8.313    8.341    8.822    8.875    8.886    8.887
    9.881    9.910   10.236   10.237   10.727   10.779   11.607   11.607   11.803   11.852
            0.231061  0.400210  0.000000
  -60.186  -60.186  -36.058  -36.042  -33.638  -33.617  -33.518  -33.517  -11.783  -11.746
  -11.449  -11.446   -4.475   -4.470   -4.037   -4.024   -2.990   -2.980   -2.664   -2.643
   -2.035   -1.971   -0.848   -0.833   -0.062    0.041    2.796    2.819    3.240    3.303
    3.663    3.674    5.135    5.149    8.298    8.316    8.841    8.896    9.000    9.001
    9.866    9.906   10.300   10.301   10.772   10.804   11.680   11.681   11.858   11.906
            0.237857  0.411981  0.000000
  -60.185  -60.185  -36.061  -36.045  -33.643  -33.620  -33.521  -33.521  -11.728  -11.688
  -11.424  -11.421   -4.476   -4.474   -4.127   -4.115   -2.979   -2.970   -2.646   -2.625
   -2.128   -2.067   -0.904   -0.891   -0.022    0.083    2.815    2.819    3.278    3.364
    3.692    3.697    5.156    5.178    8.252    8.257    8.876    8.931    9.114    9.115
    9.848    9.891   10.375   10.377   10.851   10.866   11.756   11.758   11.917   11.963
            0.244653  0.423752  0.000000
  -60.184  -60.184  -36.064  -36.047  -33.648  -33.622  -33.525  -33.523  -11.675  -11.633
  -11.401  -11.398   -4.472   -4.471   -4.212   -4.201   -2.972   -2.964   -2.623   -2.603
   -2.222   -2.164   -0.960   -0.950    0.021    0.129    2.806    2.816    3.330    3.436
    3.714    3.717    5.178    5.207    8.185    8.190    8.901    8.960    9.226    9.228
    9.847    9.885   10.462   10.464   10.952   10.956   11.832   11.835   11.979   12.022
            0.251449  0.435522  0.000000
  -60.183  -60.183  -36.067  -36.049  -33.652  -33.624  -33.528  -33.525  -11.627  -11.582
  -11.379  -11.376   -4.464   -4.458   -4.292   -4.281   -2.970   -2.963   -2.597   -2.579
   -2.314   -2.261   -1.018   -1.009    0.068    0.178    2.779    2.799    3.396    3.517
    3.727    3.737    5.200    5.237    8.108    8.124    8.902    8.966    9.337    9.340
    9.879    9.907   10.559   10.562   11.063   11.067   11.905   11.910   12.042   12.083
            0.258245  0.447293  0.000000
  -60.183  -60.183  -36.069  -36.051  -33.655  -33.625  -33.532  -33.528  -11.582  -11.535
  -11.359  -11.355   -4.448   -4.439   -4.366   -4.356   -2.974   -2.967   -2.568   -2.555
   -2.401   -2.357   -1.075   -1.069    0.118    0.231    2.743    2.768    3.471    3.603
    3.735    3.753    5.223    5.268    8.033    8.057    8.874    8.943    9.446    9.449
    9.945    9.963   10.666   10.670   11.182   11.192   11.973   11.980   12.107   12.145
            0.265041  0.459064  0.000000
  -60.182  -60.182  -36.071  -36.052  -33.659  -33.626  -33.535  -33.530  -11.541  -11.491
  -11.340  -11.336   -4.435   -4.426   -4.424   -4.410   -2.984   -2.977   -2.551   -2.538
   -2.462   -2.449   -1.132   -1.129    0.170    0.286    2.698    2.724    3.549    3.692
    3.738    3.765    5.247    5.299    7.963    7.995    8.824    8.895    9.551    9.556
   10.040   10.049   10.783   10.787   11.308   11.322   12.031   12.040   12.174   12.209
            0.271837  0.470835  0.000000
  -60.181  -60.181  -36.073  -36.053  -33.661  -33.627  -33.538  -33.532  -11.504  -11.452
  -11.322  -11.318   -4.496   -4.487   -4.393   -4.377   -3.002   -2.992   -2.606   -2.551
   -2.492   -2.456   -1.189   -1.188    0.224    0.342    2.647    2.673    3.625    3.737
    3.777    3.780    5.273    5.331    7.899    7.940    8.760    8.831    9.654    9.659
   10.155   10.157   10.906   10.911   11.438   11.455   12.076   12.086   12.240   12.272
            0.278633  0.482606  0.000000
  -60.181  -60.181  -36.075  -36.055  -33.664  -33.627  -33.542  -33.534  -11.471  -11.417
  -11.307  -11.303   -4.552   -4.543   -4.355   -4.335   -3.029   -3.015   -2.677   -2.632
   -2.461   -2.425   -1.245   -1.243    0.277    0.399    2.593    2.617    3.688    3.733
    3.796    3.866    5.299    5.363    7.845    7.893    8.689    8.756    9.752    9.758
   10.277   10.282   11.036   11.041   11.570   11.588   12.105   12.117   12.304   12.334
            0.285429  0.494377  0.000000
  -60.180  -60.180  -36.077  -36.056  -33.666  -33.627  -33.545  -33.536  -11.442  -11.387
  -11.293  -11.289   -4.601   -4.593   -4.310   -4.287   -3.068   -3.047   -2.740   -2.707
   -2.425   -2.389   -1.301   -1.296    0.329    0.456    2.537    2.558    3.721    3.725
    3.837    3.946    5.325    5.394    7.800    7.856    8.614    8.677    9.845    9.851
   10.405   10.415   11.170   11.175   11.701   11.720   12.120   12.132   12.362   12.391
            0.292224  0.506148  0.000000
  -60.180  -60.180  -36.078  -36.057  -33.667  -33.627  -33.548  -33.538  -11.418  -11.361
  -11.281  -11.277   -4.643   -4.636   -4.258   -4.232   -3.121   -3.090   -2.791   -2.771
   -2.389   -2.351   -1.353   -1.345    0.379    0.509    2.482    2.499    3.716    3.729
    3.894    4.019    5.351    5.424    7.767    7.830    8.539    8.596    9.931    9.938
   10.533   10.547   11.304   11.310   11.830   11.847   12.123   12.135   12.408   12.437
            0.299020  0.517919  0.000000
  -60.180  -60.180  -36.079  -36.057  -33.669  -33.626  -33.551  -33.539  -11.397  -11.339
  -11.271  -11.267   -4.679   -4.672   -4.201   -4.172   -3.185   -3.146   -2.830   -2.822
   -2.355   -2.315   -1.401   -1.390    0.424    0.559    2.431    2.443    3.706    3.726
    3.951    4.084    5.375    5.451    7.747    7.818    8.466    8.516   10.008   10.015
   10.656   10.674   11.435   11.440   11.952   11.966   12.121   12.132   12.440   12.468
            0.305816  0.529689  0.000000
  -60.179  -60.179  -36.080  -36.058  -33.670  -33.625  -33.553  -33.541  -11.381  -11.321
  -11.262  -11.258   -4.708   -4.701   -4.140   -4.108   -3.255   -3.209   -2.860   -2.858
   -2.324   -2.281   -1.444   -1.429    0.464    0.603    2.385    2.392    3.696    3.721
    4.002    4.138    5.396    5.475    7.738    7.818    8.395    8.437   10.075   10.082
   10.768   10.791   11.555   11.558   12.060   12.070   12.123   12.133   12.461   12.485
            0.312612  0.541460  0.000000
  -60.179  -60.179  -36.081  -36.058  -33.670  -33.625  -33.555  -33.542  -11.369  -11.308
  -11.256  -11.252   -4.731   -4.724   -4.078   -4.044   -3.325   -3.275   -2.887   -2.879
   -2.297   -2.252   -1.480   -1.462    0.497    0.639    2.347    2.350    3.686    3.714
    4.042    4.181    5.415    5.495    7.742    7.831    8.329    8.362   10.128   10.136
   10.865   10.890   11.656   11.657   12.129   12.135   12.154   12.158   12.485   12.499
            0.319408  0.553231  0.000000
  -60.179  -60.179  -36.081  -36.058  -33.671  -33.624  -33.557  -33.543  -11.360  -11.299
  -11.251  -11.248   -4.747   -4.740   -4.021   -3.986   -3.389   -3.335   -2.907   -2.894
   -2.277   -2.229   -1.507   -1.486    0.521    0.666    2.318    2.318    3.678    3.708
    4.072    4.212    5.429    5.511    7.754    7.855    8.272    8.294   10.168   10.176
   10.939   10.966   11.726   11.729   12.155   12.169   12.194   12.207   12.466   12.468
            0.326204  0.565002  0.000000
  -60.179  -60.179  -36.082  -36.059  -33.671  -33.623  -33.558  -33.543  -11.355  -11.293
  -11.249  -11.245   -4.756   -4.750   -3.977   -3.941   -3.435   -3.379   -2.920   -2.904
   -2.264   -2.214   -1.524   -1.502    0.535    0.683    2.298    2.300    3.673    3.704
    4.089    4.230    5.438    5.520    7.769    7.882    8.230    8.240   10.191   10.199
   10.986   11.014   11.765   11.772   12.185   12.202   12.212   12.229   12.446   12.446
            0.333000  0.576773  0.000000
  -60.179  -60.179  -36.082  -36.059  -33.671  -33.623  -33.559  -33.543  -11.353  -11.292
  -11.248  -11.244   -4.760   -4.753   -3.959   -3.923   -3.454   -3.397   -2.925   -2.908
   -2.259   -2.209   -1.531   -1.507    0.540    0.689    2.291    2.294    3.671    3.702
    4.095    4.237    5.441    5.524    7.778    7.896    8.213    8.216   10.199   10.207
   11.002   11.030   11.777   11.785   12.201   12.217   12.218   12.235   12.437   12.438
            0.338759  0.566839  0.000000
  -60.179  -60.179  -36.082  -36.059  -33.671  -33.623  -33.558  -33.543  -11.354  -11.293
  -11.248  -11.245   -4.757   -4.751   -3.972   -3.936   -3.442   -3.385   -2.920   -2.904
   -2.262   -2.212   -1.527   -1.503    0.537    0.685    2.295    2.298    3.672    3.703
    4.091    4.233    5.439    5.521    7.770    7.883    8.227    8.235   10.194   10.202
   10.991   11.020   11.770   11.777   12.184   12.201   12.214   12.231   12.446   12.446
            0.344517  0.556904  0.000000
  -60.179  -60.179  -36.082  -36.059  -33.671  -33.624  -33.557  -33.543  -11.358  -11.296
  -11.250  -11.246   -4.751   -4.744   -4.006   -3.970   -3.410   -3.357   -2.906   -2.893
   -2.270   -2.222   -1.516   -1.494    0.528    0.674    2.309    2.310    3.677    3.708
    4.080    4.221    5.431    5.514    7.747    7.849    8.267    8.287   10.180   10.188
   10.962   10.990   11.749   11.754   12.130   12.145   12.204   12.217   12.475   12.476
            0.350276  0.546970  0.000000
  -60.179  -60.179  -36.081  -36.058  -33.671  -33.625  -33.556  -33.542  -11.362  -11.302
  -11.253  -11.249   -4.741   -4.734   -4.054   -4.018   -3.369   -3.323   -2.878   -2.871
   -2.284   -2.237   -1.499   -1.479    0.514    0.658    2.329    2.330    3.686    3.715
    4.062    4.202    5.419    5.501    7.713    7.803    8.330    8.362   10.159   10.167
   10.916   10.945   11.716   11.718   12.043   12.055   12.182   12.189   12.518   12.520
            0.356034  0.537035  0.000000
  -60.179  -60.179  -36.081  -36.058  -33.671  -33.626  -33.554  -33.541  -11.369  -11.309
  -11.257  -11.253   -4.727   -4.720   -4.111   -4.075   -3.329   -3.292   -2.835   -2.832
   -2.300   -2.255   -1.478   -1.461    0.495    0.637    2.354    2.358    3.698    3.726
    4.038    4.177    5.403    5.483    7.670    7.749    8.411    8.454   10.132   10.140
   10.858   10.887   11.668   11.670   11.937   11.945   12.145   12.147   12.488   12.497
            0.361793  0.527101  0.000000
  -60.179  -60.179  -36.080  -36.058  -33.671  -33.627  -33.552  -33.540  -11.377  -11.318
  -11.261  -11.258   -4.710   -4.702   -4.172   -4.137   -3.296   -3.269   -2.783   -2.768
   -2.320   -2.277   -1.455   -1.440    0.474    0.613    2.383    2.392    3.715    3.741
    4.010    4.147    5.381    5.459    7.622    7.693    8.507    8.558   10.102   10.109
   10.790   10.820   11.597   11.604   11.828   11.830   12.091   12.093   12.456   12.469
            0.367552  0.517166  0.000000
  -60.179  -60.179  -36.080  -36.058  -33.670  -33.629  -33.549  -33.538  -11.386  -11.328
  -11.267  -11.263   -4.689   -4.682   -4.236   -4.201   -3.272   -3.256   -2.713   -2.686
   -2.341   -2.299   -1.429   -1.417    0.450    0.586    2.417    2.429    3.737    3.759
    3.978    4.113    5.354    5.431    7.572    7.636    8.613    8.671   10.068   10.075
   10.715   10.745   11.496   11.508   11.730   11.733   12.023   12.030   12.414   12.430
            0.373310  0.507232  0.000000
  -60.180  -60.180  -36.079  -36.058  -33.670  -33.631  -33.546  -33.537  -11.397  -11.339
  -11.273  -11.269   -4.666   -4.658   -4.300   -4.266   -3.258   -3.251   -2.629   -2.591
   -2.363   -2.322   -1.403   -1.393    0.425    0.558    2.453    2.470    3.763    3.778
    3.945    4.075    5.323    5.398    7.520    7.579    8.729    8.793   10.033   10.040
   10.633   10.665   11.363   11.377   11.655   11.659   11.947   11.956   12.350   12.368
            0.379069  0.497298  0.000000
  -60.180  -60.180  -36.078  -36.057  -33.671  -33.633  -33.543  -33.535  -11.408  -11.352
  -11.280  -11.276   -4.640   -4.632   -4.364   -4.331   -3.253   -3.251   -2.535   -2.486
   -2.385   -2.343   -1.377   -1.369    0.400    0.530    2.492    2.513    3.793    3.795
    3.916    4.034    5.288    5.360    7.468    7.522    8.851    8.920    9.997   10.004
   10.547   10.581   11.210   11.224   11.595   11.599   11.862   11.872   12.259   12.277
            0.384828  0.487363  0.000000
  -60.180  -60.180  -36.078  -36.057  -33.671  -33.635  -33.539  -33.532  -11.420  -11.366
  -11.287  -11.284   -4.612   -4.604   -4.427   -4.396   -3.256   -3.253   -2.444   -2.408
   -2.373   -2.350   -1.351   -1.346    0.375    0.502    2.531    2.556    3.797    3.828
    3.906    3.991    5.249    5.318    7.417    7.466    8.979    9.053    9.960    9.967
   10.457   10.493   11.045   11.059   11.544   11.546   11.769   11.779   12.155   12.173
            0.390586  0.477429  0.000000
  -60.180  -60.180  -36.077  -36.057  -33.671  -33.637  -33.535  -33.530  -11.432  -11.380
  -11.295  -11.291   -4.583   -4.574   -4.488   -4.459   -3.263   -3.257   -2.429   -2.416
   -2.288   -2.254   -1.328   -1.325    0.350    0.475    2.570    2.600    3.773    3.866
    3.924    3.949    5.206    5.272    7.365    7.411    9.110    9.188    9.925    9.931
   10.365   10.404   10.875   10.889   11.496   11.498   11.667   11.677   12.052   12.069
            0.396345  0.467494  0.000000
  -60.181  -60.181  -36.076  -36.057  -33.671  -33.640  -33.531  -33.527  -11.445  -11.394
  -11.303  -11.299   -4.563   -4.543   -4.537   -4.519   -3.273   -3.264   -2.448   -2.429
   -2.178   -2.132   -1.306   -1.305    0.327    0.449    2.609    2.643    3.735    3.881
    3.933    3.960    5.161    5.224    7.315    7.357    9.243    9.326    9.890    9.896
   10.271   10.312   10.702   10.715   11.451   11.452   11.558   11.567   11.958   11.973
            0.402103  0.457560  0.000000
  -60.181  -60.181  -36.075  -36.057  -33.671  -33.642  -33.527  -33.524  -11.458  -11.409
  -11.311  -11.308   -4.610   -4.580   -4.515   -4.509   -3.283   -3.273   -2.467   -2.446
   -2.059   -2.006   -1.286   -1.286    0.305    0.425    2.646    2.685    3.692    3.844
    3.974    4.004    5.113    5.172    7.266    7.305    9.375    9.462    9.856    9.861
   10.178   10.222   10.529   10.542   11.407   11.408   11.445   11.453   11.873   11.886
            0.407862  0.447626  0.000000
  -60.181  -60.181  -36.074  -36.056  -33.672  -33.644  -33.523  -33.521  -11.471  -11.424
  -11.320  -11.316   -4.665   -4.637   -4.482   -4.476   -3.295   -3.283   -2.483   -2.463
   -1.936   -1.879   -1.270   -1.268    0.284    0.402    2.681    2.725    3.648    3.800
    4.027    4.055    5.064    5.119    7.218    7.254    9.500    9.590    9.823    9.828
   10.090   10.136   10.357   10.370   11.327   11.336   11.368   11.370   11.799   11.810
            0.413621  0.437691  0.000000
  -60.181  -60.181  -36.073  -36.056  -33.672  -33.647  -33.520  -33.518  -11.484  -11.440
  -11.328  -11.325   -4.718   -4.692   -4.449   -4.442   -3.307   -3.295   -2.498   -2.479
   -1.811   -1.751   -1.257   -1.253    0.264    0.380    2.714    2.762    3.604    3.754
    4.086    4.111    5.014    5.065    7.172    7.205    9.606    9.691    9.790    9.794
   10.024   10.065   10.191   10.203   11.219   11.226   11.329   11.330   11.732   11.742
            0.419379  0.427757  0.000000
  -60.182  -60.182  -36.072  -36.056  -33.672  -33.649  -33.516  -33.515  -11.497  -11.455
  -11.336  -11.333   -4.768   -4.743   -4.415   -4.409   -3.319   -3.307   -2.511   -2.492
   -1.686   -1.623   -1.245   -1.240    0.245    0.359    2.744    2.795    3.561    3.710
    4.148    4.171    4.964    5.010    7.127    7.158    9.663    9.715    9.756    9.758
    9.998   10.002   10.068   10.075   11.117   11.124   11.292   11.293   11.672   11.681
            0.425138  0.417822  0.000000
  -60.182  -60.182  -36.071  -36.056  -33.673  -33.651  -33.512  -33.512  -11.509  -11.469
  -11.344  -11.342   -4.816   -4.793   -4.383   -4.376   -3.332   -3.319   -2.521   -2.504
   -1.561   -1.496   -1.235   -1.229    0.227    0.340    2.771    2.826    3.521    3.668
    4.214    4.233    4.914    4.955    7.084    7.113    9.644    9.656    9.709    9.714
    9.871    9.876   10.100   10.134   11.028   11.035   11.258   11.258   11.618   11.627
            0.430897  0.407888  0.000000
  -60.182  -60.182  -36.070  -36.056  -33.673  -33.653  -33.509  -33.509  -11.520  -11.484
  -11.352  -11.350   -4.860   -4.839   -4.351   -4.344   -3.344   -3.332   -2.529   -2.513
   -1.440   -1.372   -1.226   -1.219    0.210    0.320    2.794    2.851    3.484    3.628
    4.283    4.298    4.866    4.901    7.042    7.069    9.562    9.572    9.622    9.637
    9.774    9.776   10.187   10.239   10.956   10.963   11.225   11.226   11.569   11.578
            0.436655  0.397954  0.000000
  -60.182  -60.182  -36.069  -36.056  -33.673  -33.655  -33.506  -33.505  -11.532  -11.497
  -11.360  -11.357   -4.901   -4.882   -4.320   -4.313   -3.355   -3.344   -2.535   -2.521
   -1.325   -1.264   -1.206   -1.206    0.193    0.301    2.814    2.872    3.450    3.590
    4.353    4.363    4.821    4.848    7.003    7.028    9.453    9.466    9.508    9.518
    9.725    9.729   10.279   10.336   10.907   10.918   11.195   11.196   11.526   11.535
            0.442414  0.388019  0.000000
  -60.182  -60.182  -36.069  -36.056  -33.673  -33.657  -33.503  -33.502  -11.542  -11.511
  -11.367  -11.365   -4.939   -4.921   -4.291   -4.284   -3.367   -3.356   -2.539   -2.526
   -1.247   -1.232   -1.161   -1.113    0.175    0.282    2.829    2.888    3.422    3.556
    4.424    4.426    4.781    4.799    6.966    6.989    9.329    9.332    9.402    9.405
    9.696    9.699   10.351   10.405   10.893   10.912   11.167   11.168   11.488   11.497
            0.448172  0.378085  0.000000
  -60.183  -60.183  -36.068  -36.057  -33.674  -33.659  -33.500  -33.499  -11.551  -11.523
  -11.373  -11.371   -4.974   -4.958   -4.263   -4.258   -3.377   -3.367   -2.541   -2.530
   -1.228   -1.228   -1.063   -0.999    0.157    0.262    2.841    2.898    3.399    3.525
    4.484    4.494    4.749    4.753    6.931    6.952    9.194    9.197    9.299    9.310
    9.673    9.677   10.389   10.433   10.920   10.952   11.142   11.143   11.457   11.466
            0.453931  0.368150  0.000000
  -60.183  -60.183  -36.067  -36.057  -33.674  -33.661  -33.498  -33.496  -11.560  -11.535
  -11.380  -11.378   -5.005   -4.991   -4.238   -4.233   -3.387   -3.377   -2.542   -2.531
   -1.227   -1.224   -0.955   -0.887    0.138    0.240    2.849    2.903    3.382    3.498
    4.530    4.558    4.714    4.731    6.899    6.918    9.063    9.068    9.207    9.220
    9.655    9.658   10.395   10.428   10.983   11.026   11.119   11.120   11.432   11.441
            0.459690  0.358216  0.000000
  -60.183  -60.183  -36.066  -36.057  -33.674  -33.663  -33.495  -33.494  -11.567  -11.545
  -11.385  -11.383   -5.033   -5.020   -4.216   -4.211   -3.395   -3.387   -2.541   -2.532
   -1.228   -1.224   -0.850   -0.780    0.117    0.217    2.854    2.903    3.370    3.474
    4.552    4.603    4.696    4.737    6.870    6.886    8.940    8.946    9.123    9.137
    9.639    9.641   10.383   10.407   11.062   11.099   11.099   11.112   11.420   11.427
            0.465448  0.348282  0.000000
  -60.183  -60.183  -36.065  -36.057  -33.674  -33.664  -33.493  -33.492  -11.574  -11.555
  -11.390  -11.389   -5.057   -5.046   -4.196   -4.192   -3.403   -3.396   -2.539   -2.531
   -1.230   -1.226   -0.750   -0.679    0.095    0.191    2.856    2.899    3.363    3.454
    4.551    4.601    4.726    4.768    6.843    6.858    8.829    8.835    9.048    9.062
    9.626    9.627   10.362   10.380   11.081   11.082   11.138   11.185   11.427   11.428
            0.471207  0.338347  0.000000
  -60.183  -60.183  -36.064  -36.058  -33.673  -33.666  -33.491  -33.490  -11.579  -11.563
  -11.394  -11.393   -5.077   -5.068   -4.179   -4.175   -3.410   -3.404   -2.537   -2.530
   -1.232   -1.228   -0.656   -0.586    0.071    0.162    2.857    2.893    3.359    3.437
    4.538    4.576    4.776    4.809    6.821    6.833    8.730    8.736    8.984    8.997
    9.614    9.616   10.340   10.354   11.066   11.067   11.193   11.228   11.452   11.464
            0.476966  0.328413  0.000000
  -60.183  -60.183  -36.063  -36.058  -33.673  -33.667  -33.490  -33.489  -11.583  -11.570
  -11.398  -11.397   -5.093   -5.086   -4.165   -4.162   -3.415   -3.410   -2.534   -2.529
   -1.235   -1.231   -0.570   -0.502    0.046    0.131    2.857    2.885    3.360    3.422
    4.523    4.551    4.825    4.849    6.802    6.811    8.647    8.652    8.931    8.941
    9.605    9.606   10.320   10.331   11.054   11.055   11.222   11.244   11.499   11.524
            0.482724  0.318478  0.000000
  -60.183  -60.183  -36.062  -36.059  -33.673  -33.668  -33.489  -33.488  -11.586  -11.576
  -11.400  -11.400   -5.106   -5.101   -4.153   -4.151   -3.419   -3.415   -2.531   -2.527
   -1.237   -1.234   -0.493   -0.431    0.023    0.098    2.856    2.878    3.362    3.409
    4.510    4.530    4.866    4.884    6.787    6.794    8.580    8.584    8.889    8.897
    9.598    9.599   10.304   10.312   11.045   11.045   11.233   11.246   11.557   11.588
            0.488483  0.308544  0.000000
  -60.184  -60.184  -36.062  -36.059  -33.672  -33.669  -33.488  -33.487  -11.588  -11.581
  -11.402  -11.402   -5.115   -5.111   -4.145   -4.144   -3.422   -3.419   -2.529   -2.526
   -1.238   -1.236   -0.428   -0.378    0.004    0.063    2.856    2.870    3.367    3.398
    4.500    4.514    4.898    4.910    6.776    6.781    8.531    8.534    8.860    8.865
    9.593    9.594   10.293   10.298   11.038   11.038   11.236   11.243   11.611   11.641
            0.494241  0.298610  0.000000
  -60.184  -60.184  -36.061  -36.060  -33.672  -33.670  -33.487  -33.487  -11.588  -11.585
  -11.403  -11.403   -5.120   -5.118   -4.140   -4.139   -3.423   -3.422   -2.527   -2.526
   -1.239   -1.238   -0.378   -0.349   -0.002    0.031    2.857    2.864    3.373    3.388
    4.496    4.502    4.919    4.925    6.770    6.773    8.502    8.503    8.842    8.845
    9.590    9.591   10.286   10.289   11.034   11.034   11.237   11.240   11.654   11.673
            0.500000  0.288675  0.000000
  -60.184  -60.184  -36.060  -36.060  -33.671  -33.671  -33.487  -33.487  -11.587  -11.587
  -11.404  -11.404   -5.121   -5.121   -4.138   -4.138   -3.423   -3.423   -2.526   -2.526
   -1.239   -1.239   -0.350   -0.350    0.007    0.007    2.860    2.860    3.380    3.380
    4.496    4.496    4.928    4.928    6.769    6.769    8.492    8.492    8.837    8.837
    9.589    9.589   10.285   10.285   11.033   11.033   11.238   11.238   11.677   11.677
            0.489796  0.282784  0.000000
  -60.184  -60.184  -36.060  -36.060  -33.671  -33.671  -33.487  -33.487  -11.590  -11.590
  -11.404  -11.404   -5.118   -5.118   -4.136   -4.136   -3.422   -3.422   -2.525   -2.525
   -1.238   -1.238   -0.351   -0.351    0.004    0.004    2.859    2.859    3.377    3.377
    4.495    4.495    4.927    4.927    6.778    6.778    8.491    8.491    8.832    8.832
    9.588    9.588   10.283   10.283   11.031   11.031   11.203   11.203   11.722   11.722
            0.479592  0.276892  0.000000
  -60.184  -60.184  -36.060  -36.060  -33.670  -33.670  -33.487  -33.487  -11.597  -11.597
  -11.407  -11.407   -5.111   -5.111   -4.128   -4.128   -3.418   -3.418   -2.521   -2.521
   -1.236   -1.236   -0.356   -0.356   -0.005   -0.005    2.858    2.858    3.370    3.370
    4.490    4.490    4.925    4.925    6.803    6.803    8.485    8.485    8.816    8.816
    9.582    9.582   10.275   10.275   11.025   11.025   11.126   11.126   11.809   11.809
            0.469388  0.271001  0.000000
  -60.184  -60.184  -36.059  -36.059  -33.669  -33.669  -33.487  -33.487  -11.610  -11.610
  -11.412  -11.412   -5.098   -5.098   -4.116   -4.116   -3.412   -3.412   -2.515   -2.515
   -1.231   -1.231   -0.363   -0.363   -0.019   -0.019    2.855    2.855    3.357    3.357
    4.481    4.481    4.921    4.921    6.844    6.844    8.477    8.477    8.789    8.789
    9.571    9.571   10.257   10.257   11.019   11.019   11.046   11.046   11.841   11.841
            0.459184  0.265110  0.000000
  -60.184  -60.184  -36.058  -36.058  -33.667  -33.667  -33.486  -33.486  -11.627  -11.627
  -11.418  -11.418   -5.081   -5.081   -4.098   -4.098   -3.404   -3.404   -2.506   -2.506
   -1.225   -1.225   -0.374   -0.374   -0.038   -0.038    2.851    2.851    3.340    3.340
    4.469    4.469    4.916    4.916    6.900    6.900    8.466    8.466    8.754    8.754
    9.556    9.556   10.224   10.224   10.980   10.980   11.014   11.014   11.876   11.876
            0.448980  0.259218  0.000000
  -60.185  -60.185  -36.057  -36.057  -33.665  -33.665  -33.486  -33.486  -11.649  -11.649
  -11.427  -11.427   -5.059   -5.059   -4.076   -4.076   -3.393   -3.393   -2.495   -2.495
   -1.217   -1.217   -0.387   -0.387   -0.062   -0.062    2.847    2.847    3.319    3.319
    4.453    4.453    4.909    4.909    6.971    6.971    8.454    8.454    8.711    8.711
    9.534    9.534   10.173   10.173   10.935   10.935   11.011   11.011   11.920   11.920
            0.438776  0.253327  0.000000
  -60.185  -60.185  -36.056  -36.056  -33.663  -33.663  -33.486  -33.486  -11.675  -11.675
  -11.436  -11.436   -5.033   -5.033   -4.049   -4.049   -3.381   -3.381   -2.482   -2.482
   -1.207   -1.207   -0.404   -0.404   -0.090   -0.090    2.842    2.842    3.294    3.294
    4.434    4.434    4.901    4.901    7.054    7.054    8.440    8.440    8.662    8.662
    9.506    9.506   10.105   10.105   10.910   10.910   11.015   11.015   11.972   11.972
            0.428571  0.247436  0.000000
  -60.185  -60.185  -36.054  -36.054  -33.660  -33.660  -33.486  -33.486  -11.706  -11.706
  -11.448  -11.448   -5.002   -5.002   -4.017   -4.017   -3.367   -3.367   -2.466   -2.466
   -1.195   -1.195   -0.423   -0.423   -0.120   -0.120    2.837    2.837    3.267    3.267
    4.411    4.411    4.890    4.890    7.149    7.149    8.426    8.426    8.608    8.608
    9.471    9.471   10.024   10.024   10.900   10.900   11.025   11.025   12.032   12.032
            0.418367  0.241545  0.000000
  -60.186  -60.186  -36.053  -36.053  -33.656  -33.656  -33.486  -33.486  -11.741  -11.741
  -11.461  -11.461   -4.968   -4.968   -3.981   -3.981   -3.353   -3.353   -2.448   -2.448
   -1.182   -1.182   -0.446   -0.446   -0.151   -0.151    2.831    2.831    3.238    3.238
    4.384    4.384    4.879    4.879    7.253    7.253    8.411    8.411    8.550    8.550
    9.431    9.431    9.935    9.935   10.897   10.897   11.042   11.042   12.100   12.100
            0.408163  0.235653  0.000000
  -60.187  -60.187  -36.051  -36.051  -33.652  -33.652  -33.485  -33.485  -11.779  -11.779
  -11.476  -11.476   -4.930   -4.930   -3.941   -3.941   -3.338   -3.338   -2.428   -2.428
   -1.166   -1.166   -0.471   -0.471   -0.184   -0.184    2.827    2.827    3.207    3.207
    4.353    4.353    4.865    4.865    7.365    7.365    8.395    8.395    8.489    8.489
    9.388    9.388    9.843    9.843   10.893   10.893   11.066   11.066   12.173   12.173
            0.397959  0.229762  0.000000
  -60.187  -60.187  -36.048  -36.048  -33.648  -33.648  -33.485  -33.485  -11.821  -11.821
  -11.492  -11.492   -4.889   -4.889   -3.897   -3.897   -3.323   -3.323   -2.405   -2.405
   -1.148   -1.148   -0.499   -0.499   -0.215   -0.215    2.823    2.823    3.175    3.175
    4.319    4.319    4.850    4.850    7.482    7.482    8.378    8.378    8.428    8.428
    9.342    9.342    9.751    9.751   10.883   10.883   11.096   11.096   12.240   12.240
            0.387755  0.223871  0.000000
  -60.188  -60.188  -36.046  -36.046  -33.644  -33.644  -33.484  -33.484  -11.866  -11.866
  -11.509  -11.509   -4.846   -4.846   -3.848   -3.848   -3.309   -3.309   -2.380   -2.380
   -1.129   -1.129   -0.530   -0.530   -0.245   -0.245    2.819    2.819    3.142    3.142
    4.280    4.280    4.833    4.833    7.600    7.600    8.351    8.351    8.376    8.376
    9.299    9.299    9.662    9.662   10.865   10.865   11.130   11.130   12.274   12.274
            0.377551  0.217979  0.000000
  -60.189  -60.189  -36.044  -36.044  -33.639  -33.639  -33.484  -33.484  -11.914  -11.914
  -11.527  -11.527   -4.800   -4.800   -3.796   -3.796   -3.296   -3.296   -2.353   -2.353
   -1.108   -1.108   -0.563   -0.563   -0.272   -0.272    2.817    2.817    3.109    3.109
    4.238    4.238    4.814    4.814    7.712    7.712    8.307    8.307    8.345    8.345
    9.260    9.260    9.577    9.577   10.837   10.837   11.167   11.167   12.296   12.296
            0.367347  0.212088  0.000000
  -60.190  -60.190  -36.041  -36.041  -33.633  -33.633  -33.483  -33.483  -11.964  -11.964
  -11.547  -11.547   -4.752   -4.752   -3.741   -3.741   -3.284   -3.284   -2.323   -2.323
   -1.084   -1.084   -0.599   -0.599   -0.294   -0.294    2.817    2.817    3.076    3.076
    4.192    4.192    4.793    4.793    7.807    7.807    8.272    8.272    8.317    8.317
    9.228    9.228    9.498    9.498   10.800   10.800   11.204   11.204   12.327   12.327
            0.357143  0.206197  0.000000
  -60.191  -60.191  -36.038  -36.038  -33.628  -33.628  -33.482  -33.482  -12.016  -12.016
  -11.567  -11.567   -4.703   -4.703   -3.682   -3.682   -3.274   -3.274   -2.292   -2.292
   -1.059   -1.059   -0.637   -0.637   -0.312   -0.312    2.818    2.818    3.044    3.044
    4.143    4.143    4.770    4.770    7.860    7.860    8.275    8.275    8.286    8.286
    9.207    9.207    9.425    9.425   10.754   10.754   11.240   11.240   12.368   12.368
            0.346939  0.200305  0.000000
  -60.192  -60.192  -36.035  -36.035  -33.622  -33.622  -33.481  -33.481  -12.071  -12.071
  -11.588  -11.588   -4.654   -4.654   -3.620   -3.620   -3.266   -3.266   -2.258   -2.258
   -1.032   -1.032   -0.677   -0.677   -0.323   -0.323    2.820    2.820    3.013    3.013
    4.091    4.091    4.745    4.745    7.857    7.857    8.242    8.242    8.336    8.336
    9.200    9.200    9.359    9.359   10.702   10.702   11.272   11.272   12.415   12.415
            0.336735  0.194414  0.000000
  -60.193  -60.193  -36.032  -36.032  -33.616  -33.616  -33.480  -33.480  -12.127  -12.127
  -11.610  -11.610   -4.605   -4.605   -3.556   -3.556   -3.260   -3.260   -2.222   -2.222
   -1.004   -1.004   -0.720   -0.720   -0.328   -0.328    2.825    2.825    2.983    2.983
    4.036    4.036    4.717    4.717    7.812    7.812    8.192    8.192    8.429    8.429
    9.205    9.205    9.302    9.302   10.646   10.646   11.299   11.299   12.466   12.466
            0.326531  0.188523  0.000000
  -60.194  -60.194  -36.029  -36.029  -33.610  -33.610  -33.479  -33.479  -12.184  -12.184
  -11.633  -11.633   -4.557   -4.557   -3.489   -3.489   -3.255   -3.255   -2.185   -2.185
   -0.974   -0.974   -0.763   -0.763   -0.325   -0.325    2.830    2.830    2.956    2.956
    3.979    3.979    4.688    4.688    7.747    7.747    8.134    8.134    8.534    8.534
    9.217    9.217    9.263    9.263   10.588   10.588   11.318   11.318   12.518   12.518
            0.316327  0.182631  0.000000
  -60.195  -60.195  -36.025  -36.025  -33.604  -33.604  -33.478  -33.478  -12.242  -12.242
  -11.656  -11.656   -4.511   -4.511   -3.421   -3.421   -3.251   -3.251   -2.145   -2.145
   -0.945   -0.945   -0.806   -0.806   -0.315   -0.315    2.836    2.836    2.933    2.933
    3.921    3.921    4.657    4.657    7.672    7.672    8.070    8.070    8.633    8.633
    9.206    9.206    9.275    9.275   10.528   10.528   11.327   11.327   12.565   12.565
            0.306122  0.176740  0.000000
  -60.196  -60.196  -36.022  -36.022  -33.598  -33.598  -33.477  -33.477  -12.301  -12.301
  -11.679  -11.679   -4.469   -4.469   -3.351   -3.351   -3.246   -3.246   -2.104   -2.104
   -0.924   -0.924   -0.842   -0.842   -0.297   -0.297    2.839    2.839    2.917    2.917
    3.860    3.860    4.623    4.623    7.592    7.592    7.999    7.999    8.712    8.712
    9.196    9.196    9.320    9.320   10.467   10.467   11.327   11.327   12.602   12.602
            0.295918  0.170849  0.000000
  -60.197  -60.197  -36.018  -36.018  -33.591  -33.591  -33.475  -33.475  -12.360  -12.360
  -11.703  -11.703   -4.430   -4.430   -3.284   -3.284   -3.236   -3.236   -2.061   -2.061
   -0.935   -0.935   -0.845   -0.845   -0.272   -0.272    2.836    2.836    2.911    2.911
    3.799    3.799    4.587    4.587    7.510    7.510    7.925    7.925    8.759    8.759
    9.213    9.213    9.379    9.379   10.407   10.407   11.315   11.315   12.621   12.621
            0.285714  0.164957  0.000000
  -60.198  -60.198  -36.015  -36.015  -33.585  -33.585  -33.473  -33.473  -12.420  -12.420
  -11.727  -11.727   -4.398   -4.398   -3.246   -3.246   -3.191   -3.191   -2.016   -2.016
   -0.976   -0.976   -0.818   -0.818   -0.240   -0.240    2.827    2.827    2.918    2.918
    3.738    3.738    4.549    4.549    7.427    7.427    7.848    7.848    8.771    8.771
    9.258    9.258    9.448    9.448   10.347   10.347   11.293   11.293   12.615   12.615
            0.275510  0.159066  0.000000
  -60.199  -60.199  -36.011  -36.011  -33.579  -33.579  -33.471  -33.471  -12.479  -12.479
  -11.751  -11.751   -4.372   -4.372   -3.230   -3.230   -3.120   -3.120   -1.970   -1.970
   -1.025   -1.025   -0.783   -0.783   -0.201   -0.201    2.815    2.815    2.932    2.932
    3.677    3.677    4.509    4.509    7.344    7.344    7.769    7.769    8.755    8.755
    9.318    9.318    9.526    9.526   10.289   10.289   11.262   11.262   12.580   12.580
            0.265306  0.153175  0.000000
  -60.200  -60.200  -36.008  -36.008  -33.573  -33.573  -33.468  -33.468  -12.538  -12.538
  -11.775  -11.775   -4.354   -4.354   -3.212   -3.212   -3.044   -3.044   -1.922   -1.922
   -1.077   -1.077   -0.746   -0.746   -0.158   -0.158    2.804    2.804    2.951    2.951
    3.617    3.617    4.467    4.467    7.261    7.261    7.690    7.690    8.723    8.723
    9.377    9.377    9.612    9.612   10.234   10.234   11.225   11.225   12.524   12.524
            0.255102  0.147283  0.000000
  -60.202  -60.202  -36.004  -36.004  -33.567  -33.567  -33.465  -33.465  -12.597  -12.597
  -11.798  -11.798   -4.345   -4.345   -3.188   -3.188   -2.966   -2.966   -1.873   -1.873
   -1.129   -1.129   -0.708   -0.708   -0.110   -0.110    2.795    2.795    2.974    2.974
    3.558    3.558    4.423    4.423    7.179    7.179    7.610    7.610    8.683    8.683
    9.423    9.423    9.703    9.703   10.186   10.186   11.181   11.181   12.465   12.465
            0.244898  0.141392  0.000000
  -60.203  -60.203  -36.001  -36.001  -33.562  -33.562  -33.462  -33.462  -12.655  -12.655
  -11.822  -11.822   -4.345   -4.345   -3.157   -3.157   -2.888   -2.888   -1.823   -1.823
   -1.182   -1.182   -0.670   -0.670   -0.058   -0.058    2.790    2.790    3.000    3.000
    3.502    3.502    4.376    4.376    7.098    7.098    7.531    7.531    8.636    8.636
    9.443    9.443    9.799    9.799   10.153   10.153   11.135   11.135   12.415   12.415
            0.234694  0.135501  0.000000
  -60.204  -60.204  -35.997  -35.997  -33.557  -33.557  -33.458  -33.458  -12.712  -12.712
  -11.845  -11.845   -4.354   -4.354   -3.119   -3.119   -2.808   -2.808   -1.772   -1.772
   -1.235   -1.235   -0.633   -0.633   -0.005   -0.005    2.790    2.790    3.027    3.027
    3.448    3.448    4.329    4.329    7.019    7.019    7.453    7.453    8.585    8.585
    9.430    9.430    9.898    9.898   10.139   10.139   11.086   11.086   12.377   12.377
            0.224490  0.129609  0.000000
  -60.205  -60.205  -35.994  -35.994  -33.552  -33.552  -33.454  -33.454  -12.767  -12.767
  -11.868  -11.868   -4.370   -4.370   -3.073   -3.073   -2.729   -2.729   -1.720   -1.720
   -1.288   -1.288   -0.597   -0.597    0.051    0.051    2.794    2.794    3.057    3.057
    3.398    3.398    4.279    4.279    6.942    6.942    7.377    7.377    8.531    8.531
    9.381    9.381    9.996    9.996   10.148   10.148   11.038   11.038   12.353   12.353
            0.214286  0.123718  0.000000
  -60.206  -60.206  -35.990  -35.990  -33.548  -33.548  -33.450  -33.450  -12.822  -12.822
  -11.890  -11.890   -4.393   -4.393   -3.022   -3.022   -2.649   -2.649   -1.668   -1.668
   -1.340   -1.340   -0.563   -0.563    0.106    0.106    2.803    2.803    3.088    3.088
    3.352    3.352    4.228    4.228    6.866    6.866    7.303    7.303    8.473    8.473
    9.302    9.302   10.091   10.091   10.176   10.176   10.991   10.991   12.340   12.340
            0.204082  0.117827  0.000000
  -60.208  -60.208  -35.987  -35.987  -33.544  -33.544  -33.445  -33.445  -12.875  -12.875
  -11.912  -11.912   -4.421   -4.421   -2.965   -2.965   -2.568   -2.568   -1.615   -1.615
   -1.391   -1.391   -0.531   -0.531    0.161    0.161    2.818    2.818    3.120    3.120
    3.311    3.311    4.176    4.176    6.793    6.793    7.231    7.231    8.413    8.413
    9.202    9.202   10.178   10.178   10.219   10.220   10.949   10.949   12.303   12.303
            0.193878  0.111935  0.000000
  -60.209  -60.209  -35.984  -35.984  -33.541  -33.541  -33.440  -33.440  -12.926  -12.926
  -11.933  -11.933   -4.454   -4.454   -2.904   -2.904   -2.488   -2.488   -1.563   -1.563
   -1.440   -1.440   -0.503   -0.503    0.214    0.214    2.838    2.838    3.153    3.153
    3.276    3.276    4.122    4.122    6.723    6.723    7.161    7.161    8.348    8.348
    9.088    9.088   10.250   10.250   10.274   10.274   10.911   10.911   12.209   12.209
            0.183673  0.106044  0.000000
  -60.210  -60.210  -35.981  -35.981  -33.537  -33.537  -33.435  -33.435  -12.976  -12.976
  -11.953  -11.953   -4.490   -4.490   -2.839   -2.839   -2.407   -2.407   -1.521   -1.521
   -1.477   -1.477   -0.478   -0.478    0.265    0.265    2.865    2.865    3.184    3.184
    3.249    3.249    4.068    4.068    6.655    6.655    7.094    7.094    8.280    8.280
    8.968    8.968   10.309   10.309   10.331   10.331   10.880   10.880   12.122   12.122
            0.173469  0.100153  0.000000
  -60.211  -60.211  -35.978  -35.978  -33.535  -33.535  -33.430  -33.430  -13.024  -13.024
  -11.973  -11.973   -4.529   -4.529   -2.773   -2.773   -2.327   -2.327   -1.544   -1.544
   -1.448   -1.448   -0.459   -0.459    0.313    0.313    2.896    2.896    3.202    3.202
    3.243    3.243    4.014    4.014    6.589    6.589    7.029    7.029    8.205    8.205
    8.846    8.846   10.355   10.355   10.381   10.381   10.852   10.852   12.053   12.053
            0.163265  0.094261  0.000000
  -60.212  -60.212  -35.975  -35.975  -33.532  -33.532  -33.424  -33.424  -13.069  -13.069
  -11.991  -11.991   -4.568   -4.568   -2.704   -2.704   -2.247   -2.247   -1.587   -1.587
   -1.398   -1.398   -0.444   -0.444    0.358    0.358    2.933    2.933    3.194    3.194
    3.268    3.268    3.959    3.959    6.526    6.526    6.968    6.968    8.124    8.124
    8.729    8.729   10.374   10.374   10.440   10.440   10.820   10.820   12.013   12.013
            0.153061  0.088370  0.000000
  -60.213  -60.213  -35.972  -35.972  -33.530  -33.530  -33.419  -33.419  -13.113  -13.113
  -12.009  -12.009   -4.608   -4.608   -2.635   -2.635   -2.167   -2.167   -1.630   -1.630
   -1.346   -1.346   -0.435   -0.435    0.399    0.399    2.975    2.975    3.186    3.186
    3.301    3.301    3.905    3.905    6.466    6.466    6.910    6.910    8.035    8.035
    8.620    8.620   10.371   10.371   10.503   10.503   10.776   10.776   12.008   12.008
            0.142857  0.082479  0.000000
  -60.214  -60.214  -35.969  -35.969  -33.528  -33.528  -33.413  -33.413  -13.154  -13.154
  -12.026  -12.026   -4.648   -4.648   -2.567   -2.567   -2.087   -2.087   -1.672   -1.672
   -1.295   -1.295   -0.432   -0.432    0.436    0.436    3.022    3.022    3.182    3.182
    3.335    3.335    3.851    3.851    6.409    6.409    6.855    6.855    7.938    7.938
    8.522    8.522   10.354   10.354   10.567   10.567   10.716   10.716   12.041   12.041
            0.132653  0.076587  0.000000
  -60.215  -60.215  -35.966  -35.966  -33.527  -33.527  -33.408  -33.408  -13.193  -13.193
  -12.042  -12.042   -4.687   -4.687   -2.499   -2.499   -2.008   -2.008   -1.710   -1.710
   -1.245   -1.245   -0.435   -0.435    0.470    0.470    3.071    3.071    3.186    3.186
    3.369    3.369    3.799    3.799    6.354    6.354    6.804    6.804    7.833    7.833
    8.435    8.435   10.328   10.328   10.609   10.609   10.662   10.662   12.107   12.107
            0.122449  0.070696  0.000000
  -60.216  -60.216  -35.964  -35.964  -33.525  -33.525  -33.403  -33.403  -13.229  -13.229
  -12.057  -12.057   -4.724   -4.724   -2.433   -2.433   -1.930   -1.930   -1.746   -1.746
   -1.197   -1.197   -0.444   -0.444    0.499    0.499    3.121    3.121    3.198    3.198
    3.402    3.402    3.748    3.748    6.302    6.302    6.756    6.756    7.723    7.723
    8.360    8.360   10.295   10.295   10.537   10.537   10.712   10.712   12.050   12.050
            0.112245  0.064805  0.000000
  -60.216  -60.216  -35.962  -35.962  -33.524  -33.524  -33.398  -33.398  -13.263  -13.263
  -12.071  -12.071   -4.760   -4.760   -2.369   -2.369   -1.855   -1.855   -1.777   -1.777
   -1.151   -1.151   -0.460   -0.460    0.524    0.524    3.165    3.165    3.222    3.222
    3.434    3.434    3.699    3.699    6.253    6.253    6.711    6.711    7.612    7.612
    8.296    8.296   10.254   10.254   10.445   10.445   10.780   10.780   11.950   11.950
            0.102041  0.058913  0.000000
  -60.217  -60.217  -35.960  -35.960  -33.523  -33.523  -33.393  -33.393  -13.294  -13.294
  -12.084  -12.084   -4.793   -4.793   -2.308   -2.308   -1.824   -1.824   -1.762   -1.762
   -1.107   -1.107   -0.482   -0.482    0.546    0.546    3.198    3.198    3.263    3.263
    3.464    3.464    3.653    3.653    6.207    6.207    6.670    6.670    7.501    7.501
    8.239    8.239   10.202   10.202   10.361   10.361   10.850   10.850   11.856   11.856
            0.091837  0.053022  0.000000
  -60.218  -60.218  -35.958  -35.958  -33.522  -33.522  -33.389  -33.389  -13.323  -13.323
  -12.096  -12.096   -4.825   -4.825   -2.251   -2.251   -1.847   -1.847   -1.690   -1.690
   -1.066   -1.066   -0.510   -0.510    0.565    0.565    3.223    3.223    3.314    3.314
    3.492    3.492    3.611    3.611    6.163    6.163    6.633    6.633    7.394    7.394
    8.191    8.191   10.133   10.133   10.296   10.296   10.919   10.919   11.769   11.769
            0.081633  0.047131  0.000000
  -60.218  -60.218  -35.956  -35.956  -33.521  -33.521  -33.385  -33.385  -13.348  -13.348
  -12.106  -12.106   -4.853   -4.853   -2.198   -2.198   -1.872   -1.872   -1.614   -1.614
   -1.028   -1.028   -0.543   -0.543    0.581    0.581    3.247    3.247    3.367    3.367
    3.514    3.514    3.576    3.576    6.123    6.123    6.599    6.599    7.293    7.293
    8.149    8.149   10.050   10.050   10.250   10.250   10.988   10.988   11.690   11.690
            0.071429  0.041239  0.000000
  -60.219  -60.219  -35.955  -35.955  -33.520  -33.520  -33.381  -33.381  -13.371  -13.371
  -12.115  -12.115   -4.879   -4.879   -2.150   -2.150   -1.894   -1.894   -1.539   -1.539
   -0.994   -0.994   -0.581   -0.581    0.594    0.594    3.271    3.271    3.418    3.418
    3.517    3.517    3.564    3.564    6.086    6.086    6.570    6.570    7.201    7.201
    8.112    8.112    9.964    9.964   10.216   10.216   11.056   11.056   11.620   11.620
            0.061224  0.035348  0.000000
  -60.219  -60.219  -35.953  -35.953  -33.520  -33.520  -33.378  -33.378  -13.391  -13.391
  -12.124  -12.124   -4.901   -4.901   -2.108   -2.108   -1.913   -1.913   -1.465   -1.465
   -0.964   -0.964   -0.624   -0.624    0.604    0.604    3.293    3.293    3.456    3.456
    3.506    3.506    3.577    3.577    6.053    6.053    6.544    6.544    7.117    7.117
    8.081    8.081    9.883    9.883   10.190   10.190   11.122   11.122   11.558   11.558
            0.051020  0.029457  0.000000
  -60.220  -60.220  -35.952  -35.952  -33.519  -33.519  -33.376  -33.376  -13.408  -13.408
  -12.131  -12.131   -4.921   -4.921   -2.072   -2.072   -1.929   -1.929   -1.393   -1.393
   -0.938   -0.938   -0.669   -0.669    0.613    0.613    3.313    3.313    3.455    3.455
    3.528    3.528    3.593    3.593    6.023    6.023    6.522    6.522    7.045    7.045
    8.055    8.055    9.809    9.809   10.169   10.169   11.184   11.184   11.506   11.506
            0.040816  0.023565  0.000000
  -60.220  -60.220  -35.951  -35.951  -33.519  -33.519  -33.373  -33.373  -13.421  -13.421
  -12.136  -12.136   -4.936   -4.936   -2.044   -2.044   -1.940   -1.940   -1.324   -1.324
   -0.917   -0.917   -0.716   -0.716    0.620    0.620    3.329    3.329    3.440    3.440
    3.563    3.563    3.608    3.608    5.998    5.998    6.504    6.504    6.984    6.984
    8.034    8.034    9.746    9.746   10.152   10.152   11.240   11.240   11.464   11.464
            0.030612  0.017674  0.000000
  -60.220  -60.220  -35.951  -35.951  -33.519  -33.519  -33.371  -33.371  -13.432  -13.432
  -12.141  -12.141   -4.949   -4.949   -2.025   -2.025   -1.945   -1.945   -1.258   -1.258
   -0.903   -0.903   -0.762   -0.762    0.625    0.625    3.339    3.339    3.429    3.429
    3.593    3.593    3.620    3.620    5.978    5.978    6.490    6.490    6.936    6.936
    8.017    8.017    9.696    9.696   10.139   10.139   11.289   11.289   11.434   11.434
            0.020408  0.011783  0.000000
  -60.221  -60.221  -35.950  -35.950  -33.518  -33.518  -33.370  -33.370  -13.440  -13.440
  -12.144  -12.144   -4.958   -4.958   -2.014   -2.014   -1.946   -1.946   -1.200   -1.200
   -0.899   -0.899   -0.801   -0.801    0.628    0.628    3.343    3.343    3.424    3.424
    3.616    3.616    3.629    3.629    5.963    5.963    6.479    6.479    6.901    6.901
    8.006    8.006    9.659    9.659   10.130   10.130   11.324   11.324   11.418   11.418
            0.010204  0.005891  0.000000
  -60.221  -60.221  -35.950  -35.950  -33.518  -33.518  -33.369  -33.369  -13.445  -13.445
  -12.146  -12.146   -4.963   -4.963   -2.009   -2.009   -1.945   -1.945   -1.155   -1.155
   -0.907   -0.907   -0.823   -0.823    0.630    0.630    3.344    3.344    3.423    3.423
    3.631    3.631    3.634    3.634    5.954    5.954    6.473    6.473    6.881    6.881
    7.999    7.999    9.637    9.637   10.124   10.124   11.340   11.340   11.416   11.416
            0.000000  0.000000  0.000000
  -60.221  -60.221  -35.950  -35.950  -33.518  -33.518  -33.369  -33.369  -13.446  -13.446
  -12.146  -12.146   -4.965   -4.965   -2.008   -2.008   -1.944   -1.944   -1.137   -1.137
   -0.914   -0.914   -0.829   -0.829    0.631    0.631    3.344    3.344    3.423    3.423
    3.636    3.636    3.636    3.636    5.951    5.951    6.471    6.471    6.874    6.874
    7.996    7.996    9.629    9.629   10.122   10.122   11.343   11.343   11.419   11.419
