 
  kpoint:     0.1579    0.1579    0.0000
 
    n          ϵ_nk^DFT (eV)     Σ^c_nk (eV)     Σ^x_nk (eV)    v_nk^xc (eV)   ϵ_nk^G0W0 (eV)
 
    1 (occ)          -75.365           8.357         -39.696         -24.418          -82.286
    2 (occ)          -39.985           8.595         -31.995         -22.438          -40.947
    3 (occ)          -39.919           8.716         -31.949         -22.459          -40.693
    4 (occ)          -39.864           8.045         -31.965         -22.548          -41.236
    5 (occ)          -15.191           7.775         -21.695         -13.939          -15.171
    6 (occ)          -14.248           7.632         -21.640         -14.133          -14.122
    7 (occ)           -6.826           3.932         -17.382         -13.339           -6.937
    8 (occ)           -6.107           3.679         -17.134         -13.292           -6.269
    9 (occ)           -5.341           3.142         -17.062         -13.725           -5.537
   10 (occ)           -4.871           2.890         -17.271         -14.249           -5.002
   11 (occ)           -3.761           2.490         -16.796         -14.182           -3.884
   12 (occ)           -2.861           2.483         -16.336         -13.491           -3.224
   13 (occ)           -2.338           1.336         -16.292         -15.140           -2.153
   14 (vir)            0.535          -3.346         -10.135         -14.433            1.487
   15 (vir)            1.232          -3.960         -10.758         -15.743            2.257
   16 (vir)            1.417          -4.067          -9.919         -15.149            2.581
   17 (vir)            2.943          -4.627         -10.109         -15.771            3.978
   18 (vir)            6.227          -4.519          -5.600         -11.114            7.222
   19 (vir)            6.920          -4.179          -4.854          -9.957            7.844
   20 (vir)            8.387          -4.427          -5.175         -10.970            9.754
   21 (vir)            8.523          -4.999          -6.388         -12.751            9.887
   22 (vir)            8.907          -4.104          -3.711          -8.760            9.852
   23 (vir)           10.248          -5.220          -5.454         -12.165           11.740
   24 (vir)           10.278          -5.621          -6.388         -13.517           11.786
   25 (vir)           11.758          -5.148          -5.072         -11.823           13.361
   26 (vir)           11.890          -5.671          -5.819         -12.973           13.373
   27 (vir)           12.257          -5.889          -5.289         -12.134           13.213
   28 (vir)           14.133          -6.496          -5.776         -13.789           15.650
   29 (vir)           14.622          -6.105          -5.409         -13.149           16.258
   30 (vir)           16.858          -7.424          -5.926         -14.614           18.122
   31 (vir)           19.734          -5.399          -3.883         -11.201           21.653
   32 (vir)           20.886          -6.523          -3.800         -11.688           22.252
   33 (vir)           21.338          -5.211          -3.541         -10.986           23.572
   34 (vir)           22.480          -4.757          -3.054         -10.662           25.331
   35 (vir)           22.656          -6.812          -3.951         -12.432           24.325
   36 (vir)           23.552          -6.976          -4.136         -13.030           25.470
   37 (vir)           25.838           2.510          -3.852         -12.337           36.833
   38 (vir)           25.867          -3.657          -3.508         -12.149           30.851
   39 (vir)           26.292          -7.079          -3.993         -13.006           28.225
   40 (vir)           26.522          -5.124          -3.386         -12.090           30.101
   41 (vir)           29.655          -6.359          -3.865         -13.320           32.752
   42 (vir)           30.082          -3.931          -3.884         -13.325           35.592
   43 (vir)           30.785          -0.310          -3.365         -12.094           39.204
   44 (vir)           31.117          -1.632          -4.112         -14.054           39.426
   45 (vir)           31.491          -1.561          -4.110         -14.067           39.887
   46 (vir)           33.818           1.131          -3.191         -12.090           43.848
   47 (vir)           34.865           1.352          -3.475         -13.072           45.814
   48 (vir)           37.200          -4.008          -3.752         -13.801           43.241
   49 (vir)           37.789           1.876          -3.080         -12.362           48.947
   50 (vir)           40.208          -9.096          -3.760         -14.141           41.493
   51 (vir)           40.988           1.977          -3.310         -12.924           52.579
   52 (vir)           42.260           0.888          -3.701         -14.234           53.681
   53 (vir)           43.031          -6.189          -4.214         -15.079           47.707
   54 (vir)           48.508           3.489          -3.045         -12.697           61.649
   55 (vir)           49.116          -0.412          -2.896         -13.082           58.890
   56 (vir)           55.341           0.594          -3.891         -13.821           65.865
   57 (vir)           74.651           1.704          -3.539         -15.225           88.042
   58 (vir)           91.646           0.242          -7.053         -16.972          101.807
   59 (vir)           96.696           4.086          -5.325         -16.951          112.408
   60 (vir)          117.686          -1.236          -0.978          -9.861          125.333
   61 (vir)          119.884          -2.410         -20.694         -13.327          110.108
   62 (vir)          122.922          10.034         -14.990         -12.099          130.064
   63 (vir)          138.330          -1.004          -0.850         -11.166          147.642
   64 (vir)          138.416          -0.722          -0.706         -11.140          148.127
   65 (vir)          138.744          -0.526          -0.702         -11.101          148.617
   66 (vir)          139.142          -1.006          -0.752         -11.074          148.458
   67 (vir)          139.598          -0.890          -1.023         -11.101          148.787
   68 (vir)          139.924           0.705          -0.667         -11.034          150.996
   69 (vir)          270.170           1.398          -2.659         -13.729          282.639
