 
  kpoint:     0.0000    0.4211    0.0000
 
    n          ϵ_nk^DFT (eV)     Σ^c_nk (eV)     Σ^x_nk (eV)    v_nk^xc (eV)   ϵ_nk^G0W0 (eV)
 
    1 (occ)          -75.359          10.417         -39.693         -24.423          -80.212
    2 (occ)          -40.115           8.212         -32.038         -22.326          -41.615
    3 (occ)          -39.897           9.239         -31.945         -22.481          -40.122
    4 (occ)          -39.879           8.051         -31.973         -22.536          -41.265
    5 (occ)          -14.334           7.413         -21.754         -14.332          -14.343
    6 (occ)          -13.960           7.340         -21.746         -14.350          -14.015
    7 (occ)           -7.792           4.475         -17.425         -12.814           -7.928
    8 (occ)           -6.489           3.835         -17.030         -12.977           -6.708
    9 (occ)           -5.917           3.622         -17.363         -13.581           -6.077
   10 (occ)           -4.836           2.862         -17.697         -14.761           -4.910
   11 (occ)           -3.606           2.776         -16.651         -13.512           -3.969
   12 (occ)           -2.887           2.276         -16.598         -14.110           -3.098
   13 (occ)           -2.585           1.615         -15.512         -13.952           -2.530
   14 (vir)            1.249          -4.295         -11.726         -17.168            2.396
   15 (vir)            1.532          -4.236         -10.736         -16.055            2.615
   16 (vir)            2.484          -4.293          -8.966         -14.348            3.574
   17 (vir)            3.136          -4.780         -10.159         -15.924            4.121
   18 (vir)            4.260          -4.937          -6.715         -12.352            4.960
   19 (vir)            6.390          -4.342          -5.797         -11.347            7.598
   20 (vir)            6.401          -4.320          -5.249         -10.608            7.440
   21 (vir)            8.956          -3.907          -4.913         -10.580           10.716
   22 (vir)            9.761          -5.208          -6.206         -12.768           11.115
   23 (vir)            9.800          -5.301          -6.054         -12.841           11.287
   24 (vir)           11.454          -5.235          -4.843         -10.926           12.303
   25 (vir)           11.841          -4.612          -3.579          -9.423           13.073
   26 (vir)           14.327          -6.085          -4.380         -11.450           15.312
   27 (vir)           14.329          -6.316          -5.121         -12.753           15.644
   28 (vir)           15.409          -6.620          -4.498         -12.076           16.367
   29 (vir)           15.513          -6.673          -5.480         -13.811           17.171
   30 (vir)           16.913          -7.122          -5.476         -14.201           18.516
   31 (vir)           18.520          -3.260          -3.142          -9.536           21.653
   32 (vir)           19.115          -7.059          -3.960         -11.754           19.850
   33 (vir)           19.833          -6.589          -4.331         -12.676           21.590
   34 (vir)           21.299          -7.433          -4.037         -12.516           22.345
   35 (vir)           23.786          -7.417          -4.340         -13.391           25.419
   36 (vir)           23.786          -5.012          -2.907         -10.388           26.255
   37 (vir)           25.849          -4.236          -3.411         -11.726           29.928
   38 (vir)           26.071          -7.033          -3.867         -12.863           28.035
   39 (vir)           26.202         -10.768          -4.013         -13.106           24.527
   40 (vir)           27.669          -7.454          -3.943         -13.560           29.832
   41 (vir)           28.105          -1.338          -3.383         -12.195           35.579
   42 (vir)           29.588          -3.551          -3.415         -12.739           35.362
   43 (vir)           30.408          -2.991          -3.484         -12.433           36.366
   44 (vir)           31.068          -4.128          -3.684         -13.059           36.316
   45 (vir)           31.176          -5.412          -4.016         -13.692           35.440
   46 (vir)           32.216          -5.147          -3.729         -13.443           36.783
   47 (vir)           33.377          -1.006          -3.492         -13.616           42.495
   48 (vir)           36.332          -0.983          -3.556         -13.626           45.419
   49 (vir)           37.020          -5.627          -3.834         -13.911           41.470
   50 (vir)           37.057          -5.420          -3.856         -14.358           42.139
   51 (vir)           43.143          -3.479          -3.506         -14.313           50.470
   52 (vir)           43.488           4.331          -2.933         -12.563           57.449
   53 (vir)           44.807          -1.944          -4.265         -15.483           54.080
   54 (vir)           46.607          -0.568          -2.348         -12.080           55.771
   55 (vir)           61.963          -0.783          -3.677         -15.365           72.868
   56 (vir)           64.068           1.171          -2.814         -13.308           75.733
   57 (vir)           69.365          -0.825          -1.117         -11.712           79.134
   58 (vir)           82.018          -1.575          -3.843         -16.421           93.021
   59 (vir)           96.106          -2.189          -3.618         -17.495          107.794
   60 (vir)          122.393           2.056          -0.859          -9.673          133.262
   61 (vir)          124.625          -1.121          -0.803          -9.637          132.338
   62 (vir)          137.966          -0.119          -0.705         -11.078          148.220
   63 (vir)          138.053           0.233          -0.706         -11.095          148.675
   64 (vir)          138.620          -0.389          -0.709         -11.164          148.686
   65 (vir)          138.621          -0.065          -0.712         -11.169          149.013
   66 (vir)          138.786          -1.311          -0.922         -11.178          147.731
   67 (vir)          141.136           0.318          -0.611         -11.024          151.868
   68 (vir)          198.103          -0.505         -45.582         -19.600          171.615
   69 (vir)          266.537          -1.398          -0.651         -13.518          278.006
