 
  kpoint:     0.0351    0.0351    0.0000
 
    n          ϵ_nk^DFT (eV)     Σ^c_nk (eV)     Σ^x_nk (eV)    v_nk^xc (eV)   ϵ_nk^G0W0 (eV)
 
    1 (occ)          -75.374          12.139         -39.700         -24.411          -78.524
    2 (occ)          -39.951           8.672         -31.950         -22.424          -40.805
    3 (occ)          -39.818           8.276         -31.948         -22.585          -40.905
    4 (occ)          -39.809           7.833         -31.945         -22.594          -41.327
    5 (occ)          -16.201           4.970         -21.744         -13.592          -19.384
    6 (occ)          -14.617           7.648         -21.546         -13.905          -14.610
    7 (occ)           -7.779           4.523         -17.390         -12.725           -7.921
    8 (occ)           -4.519           2.680         -17.473         -14.854           -4.458
    9 (occ)           -4.296           2.584         -17.500         -14.998           -4.214
   10 (occ)           -3.885           2.683         -16.241         -13.250           -4.193
   11 (occ)           -3.249           1.872         -17.168         -15.322           -3.223
   12 (occ)           -3.000           2.061         -16.604         -14.405           -3.139
   13 (occ)           -1.572           0.950         -15.437         -14.604           -1.455
   14 (vir)            1.305          -3.757         -10.293         -15.125            2.380
   15 (vir)            1.354          -3.622         -10.397         -14.867            2.202
   16 (vir)            1.449          -3.649         -10.607         -15.111            2.304
   17 (vir)            1.486          -3.821         -10.355         -15.231            2.539
   18 (vir)            3.990          -4.237          -6.381         -11.597            4.969
   19 (vir)            6.229          -3.588          -3.251          -7.187            6.577
   20 (vir)            7.197          -4.046          -4.205          -9.006            7.954
   21 (vir)            8.632          -4.346          -4.798         -10.558           10.047
   22 (vir)            9.052          -5.442          -6.014         -12.567           10.163
   23 (vir)            9.584          -5.231          -6.161         -12.932           11.123
   24 (vir)           11.426          -6.435          -6.731         -13.963           12.223
   25 (vir)           11.519          -5.510          -5.909         -13.035           13.134
   26 (vir)           11.896          -5.129          -5.926         -13.231           14.073
   27 (vir)           15.192          -7.524          -5.804         -14.089           15.953
   28 (vir)           15.224          -4.652          -6.083         -14.384           18.873
   29 (vir)           15.265          -6.975          -6.088         -14.394           16.595
   30 (vir)           15.686          -6.673          -5.981         -14.505           17.536
   31 (vir)           19.069          -9.067          -4.640         -12.932           18.293
   32 (vir)           19.791          -5.864          -4.289         -11.662           21.299
   33 (vir)           20.655          -4.727          -3.121          -9.867           22.674
   34 (vir)           21.915           1.515          -4.294         -12.006           31.141
   35 (vir)           25.454          -5.289          -4.648         -13.951           29.467
   36 (vir)           25.711          -7.014          -4.620         -14.054           28.131
   37 (vir)           26.831           5.113          -3.971         -12.521           40.494
   38 (vir)           28.296          -2.188          -2.623         -10.416           33.901
   39 (vir)           29.275          -6.082          -3.125         -11.597           31.665
   40 (vir)           29.922          -5.856          -4.465         -13.940           33.542
   41 (vir)           30.088          -5.357          -4.362         -13.800           34.168
   42 (vir)           30.958          -3.956          -2.837         -10.944           35.109
   43 (vir)           34.407          -0.124          -3.533         -13.627           44.378
   44 (vir)           34.714         -10.944          -3.428         -13.152           33.493
   45 (vir)           35.181          -6.593          -3.653         -13.576           38.510
   46 (vir)           36.483           2.257          -3.696         -12.415           47.460
   47 (vir)           37.309          -5.726          -3.857         -13.932           41.658
   48 (vir)           38.316          -0.989          -3.521         -12.667           46.472
   49 (vir)           38.926          -1.117          -2.893         -12.819           47.735
   50 (vir)           39.247         -12.383          -3.296         -13.524           37.092
   51 (vir)           39.324           0.433          -3.332         -13.138           49.563
   52 (vir)           43.321          -3.711          -3.930         -12.609           48.289
   53 (vir)           45.004          -2.123          -3.638         -14.873           54.115
   54 (vir)           48.437          -4.412          -4.558         -12.016           51.482
   55 (vir)           50.329          -8.434          -4.741         -12.598           49.752
   56 (vir)           57.406          -7.355          -2.983         -13.856           60.923
   57 (vir)           61.704           3.513          -4.231         -14.341           75.326
   58 (vir)           70.289           7.007         -15.309         -12.354           74.341
   59 (vir)          102.667          -1.617          -4.577         -17.257          113.730
   60 (vir)          106.948          -1.967          -5.680         -17.367          116.668
   61 (vir)          112.140          -1.264          -1.069          -9.840          119.646
   62 (vir)          115.026           1.799          -1.319         -10.269          125.775
   63 (vir)          138.265          -0.646          -0.715         -11.164          148.068
   64 (vir)          138.325           0.647          -0.712         -11.154          149.414
   65 (vir)          139.995          -1.437          -0.667         -11.056          148.948
   66 (vir)          140.208           0.390          -0.703         -11.102          150.996
   67 (vir)          140.283          -2.124          -0.673         -11.046          148.531
   68 (vir)          140.322           5.857          -0.719         -11.135          156.596
   69 (vir)          257.320          -1.439          -0.827         -13.574          268.628
