 
  kpoint:     0.0175    0.0175    0.0000
 
    n          ϵ_nk^DFT (eV)     Σ^c_nk (eV)     Σ^x_nk (eV)    v_nk^xc (eV)   ϵ_nk^G0W0 (eV)
 
    1 (occ)          -75.374          12.034         -39.700         -24.410          -78.630
    2 (occ)          -39.953           8.607         -31.950         -22.422          -40.874
    3 (occ)          -39.809           8.200         -31.945         -22.593          -40.960
    4 (occ)          -39.806           7.969         -31.945         -22.596          -41.186
    5 (occ)          -16.247           5.139         -21.747         -13.578          -19.277
    6 (occ)          -14.634           7.656         -21.545         -13.895          -14.628
    7 (occ)           -7.833           4.557         -17.406         -12.713           -7.968
    8 (occ)           -4.397           2.619         -17.508         -14.967           -4.319
    9 (occ)           -4.340           2.601         -17.516         -15.005           -4.250
   10 (occ)           -3.716           2.743         -15.915         -12.774           -4.114
   11 (occ)           -3.171           1.827         -17.168         -15.370           -3.142
   12 (occ)           -3.096           1.920         -16.926         -14.966           -3.136
   13 (occ)           -1.549           0.935         -15.368         -14.548           -1.434
   14 (vir)            1.349          -3.781         -10.329         -15.142            2.381
   15 (vir)            1.396          -3.781         -10.348         -15.172            2.438
   16 (vir)            1.465          -3.673         -10.532         -15.037            2.297
   17 (vir)            1.492          -3.662         -10.594         -15.107            2.343
   18 (vir)            3.791          -4.158          -6.338         -11.518            4.813
   19 (vir)            6.205          -3.166          -3.137          -7.013            6.915
   20 (vir)            7.107          -4.145          -4.407          -9.315            7.870
   21 (vir)            8.581          -4.280          -4.609         -10.247            9.938
   22 (vir)            9.305          -4.698          -6.138         -12.794           11.263
   23 (vir)            9.449          -4.975          -6.165         -12.898           11.207
   24 (vir)           11.388          -5.816          -6.762         -13.985           12.795
   25 (vir)           11.793          -5.784          -5.973         -13.254           13.291
   26 (vir)           11.895          -5.039          -5.986         -13.316           14.186
   27 (vir)           15.385          -5.781          -6.093         -14.499           18.010
   28 (vir)           15.391          -6.386          -6.114         -14.517           17.408
   29 (vir)           15.479          -6.716          -5.910         -14.342           17.195
   30 (vir)           15.615          -6.352          -5.962         -14.466           17.768
   31 (vir)           18.962          -7.491          -4.778         -13.241           19.934
   32 (vir)           19.920          -5.651          -4.435         -11.970           21.804
   33 (vir)           20.639          -4.233          -2.886          -9.435           22.957
   34 (vir)           23.724          -9.246          -4.365         -12.423           22.535
   35 (vir)           25.708          -3.603          -4.458         -14.031           31.678
   36 (vir)           25.784          -6.512          -4.546         -14.069           28.795
   37 (vir)           27.754           3.276          -4.197         -13.244           40.078
   38 (vir)           29.151          -8.314          -2.860         -11.063           29.040
   39 (vir)           29.457          -6.767          -3.161         -11.675           31.205
   40 (vir)           30.175          -5.708          -4.482         -14.018           34.003
   41 (vir)           30.221          -5.403          -4.444         -13.988           34.361
   42 (vir)           30.907          -5.720          -2.523         -10.236           32.900
   43 (vir)           34.747          -7.242          -3.544         -13.519           37.480
   44 (vir)           34.880          -8.702          -3.488         -13.208           35.898
   45 (vir)           35.155          -3.365          -3.560         -13.602           41.831
   46 (vir)           37.391          -5.265          -4.129         -14.337           42.334
   47 (vir)           38.364           0.530          -3.586         -12.159           47.468
   48 (vir)           38.847          -2.901          -2.820         -12.567           45.692
   49 (vir)           38.926         -10.187          -2.850         -12.800           38.689
   50 (vir)           38.933          -0.598          -3.349         -12.975           47.961
   51 (vir)           39.931          -1.011          -3.451         -12.311           47.780
   52 (vir)           43.052          -1.846          -4.183         -11.374           48.397
   53 (vir)           45.377          -0.988          -3.591         -14.860           55.659
   54 (vir)           47.387           0.154          -4.357         -12.734           55.918
   55 (vir)           55.702           3.952          -3.386         -13.538           69.806
   56 (vir)           57.418          -6.593          -3.870         -13.560           60.515
   57 (vir)           60.667          -0.536          -3.163         -12.547           69.515
   58 (vir)           67.336           3.757          -9.464         -12.182           73.811
   59 (vir)          104.823           2.737          -1.774         -17.253          123.039
   60 (vir)          106.985          -1.156          -2.819         -17.408          120.418
   61 (vir)          111.547           7.573          -1.092          -9.881          127.909
   62 (vir)          114.043          -1.375          -1.041         -10.302          121.930
   63 (vir)          138.245          -0.095          -0.714         -11.163          148.598
   64 (vir)          138.300           1.993          -0.708         -11.152          150.738
   65 (vir)          140.145           2.895          -0.665         -11.052          153.427
   66 (vir)          140.246          -4.209          -0.670         -11.047          146.414
   67 (vir)          140.325          -3.352          -0.665         -11.121          147.429
   68 (vir)          140.375          -6.846          -0.679         -11.136          143.986
   69 (vir)          256.533          -1.545          -0.843         -13.584          267.730
