 
  kpoint:     0.0702    0.0702    0.0000
 
    n          ϵ_nk^DFT (eV)     Σ^c_nk (eV)     Σ^x_nk (eV)    v_nk^xc (eV)   ϵ_nk^G0W0 (eV)
 
    1 (occ)          -75.372          11.971         -39.699         -24.412          -78.688
    2 (occ)          -39.945           9.184         -31.950         -22.431          -40.280
    3 (occ)          -39.852           8.188         -31.958         -22.555          -41.066
    4 (occ)          -39.817           8.586         -31.949         -22.587          -40.594
    5 (occ)          -16.024           8.125         -21.730         -13.648          -15.982
    6 (occ)          -14.552           7.601         -21.557         -13.942          -14.565
    7 (occ)           -7.570           4.405         -17.333         -12.779           -7.719
    8 (occ)           -4.943           2.912         -17.383         -14.494           -4.921
    9 (occ)           -4.303           2.728         -16.650         -13.689           -4.537
   10 (occ)           -4.132           2.528         -17.422         -14.954           -4.072
   11 (occ)           -3.568           2.058         -17.164         -15.102           -3.572
   12 (occ)           -2.844           2.235         -16.263         -13.746           -3.126
   13 (occ)           -1.690           1.021         -15.677         -14.788           -1.559
   14 (vir)            1.050          -3.498         -10.096         -14.467            1.923
   15 (vir)            1.208          -3.816         -10.182         -15.112            2.322
   16 (vir)            1.299          -3.627         -10.633         -15.128            2.166
   17 (vir)            1.815          -4.009         -10.354         -15.418            2.871
   18 (vir)            4.664          -4.357          -6.267         -11.581            5.620
   19 (vir)            6.463          -3.305          -3.672          -7.931            7.418
   20 (vir)            7.593          -4.762          -3.568          -8.169            7.433
   21 (vir)            8.417          -4.423          -5.825         -12.089           10.258
   22 (vir)            8.908          -4.609          -5.414         -11.614           10.498
   23 (vir)           10.084          -5.086          -6.095         -13.062           11.965
   24 (vir)           10.691          -4.977          -5.617         -12.472           12.568
   25 (vir)           11.521          -5.791          -6.689         -13.982           13.022
   26 (vir)           11.877          -5.756          -5.604         -12.822           13.339
   27 (vir)           14.480          -6.760          -5.671         -13.755           15.806
   28 (vir)           14.555          -6.726          -6.004         -14.050           15.876
   29 (vir)           14.868          -7.325          -5.917         -13.920           15.545
   30 (vir)           15.920          -7.805          -6.019         -14.617           16.714
   31 (vir)           19.489          -5.254          -3.936         -11.085           21.384
   32 (vir)           19.706          -5.576          -4.228         -12.572           22.474
   33 (vir)           20.872          -5.627          -3.478         -10.752           22.519
   34 (vir)           21.545           0.399          -3.777         -12.197           30.364
   35 (vir)           24.709          -7.406          -4.525         -13.788           26.566
   36 (vir)           25.136         -11.150          -4.051         -12.694           22.628
   37 (vir)           25.609          -4.852          -3.934         -12.725           29.549
   38 (vir)           26.435          -5.563          -2.593         -10.213           28.492
   39 (vir)           28.481          -0.925          -2.936         -11.274           35.895
   40 (vir)           29.097          -6.282          -4.351         -13.682           32.146
   41 (vir)           29.744          -3.584          -4.212         -13.432           35.381
   42 (vir)           30.722          -3.925          -3.050         -11.659           35.405
   43 (vir)           33.400          -1.813          -3.532         -13.600           41.654
   44 (vir)           33.960           0.842          -3.498         -13.367           44.671
   45 (vir)           34.473           0.893          -3.054         -12.730           45.043
   46 (vir)           34.762          -0.806          -3.533         -13.303           43.726
   47 (vir)           37.144          -3.499          -3.765         -13.833           43.713
   48 (vir)           37.222           0.478          -3.086         -12.497           47.111
   49 (vir)           38.575           1.142          -3.065         -13.198           49.849
   50 (vir)           39.336          -1.976          -3.286         -13.444           47.518
   51 (vir)           40.515          -1.431          -3.849         -14.449           49.683
   52 (vir)           43.314          -0.001          -3.146         -13.641           53.807
   53 (vir)           44.125          -1.981          -3.727         -14.912           53.329
   54 (vir)           45.341          -0.529          -3.072         -13.368           55.108
   55 (vir)           50.594           0.481          -1.537         -11.651           61.188
   56 (vir)           56.339          -0.908          -3.136         -13.799           66.095
   57 (vir)           66.167           2.040          -3.177         -14.854           79.884
   58 (vir)           80.581          -0.503          -7.122         -13.220           86.176
   59 (vir)          100.077          -0.221          -4.513         -17.193          112.537
   60 (vir)          107.330           2.760          -4.810         -17.043          122.322
   61 (vir)          113.501          -1.137          -1.009          -9.822          121.177
   62 (vir)          117.301          -1.414          -1.375         -10.201          124.713
   63 (vir)          138.295          -0.473          -0.713         -11.165          148.274
   64 (vir)          138.342          -2.005          -0.713         -11.157          146.782
   65 (vir)          139.666          -0.453          -0.671         -11.063          149.605
   66 (vir)          139.960          -1.286          -0.712         -11.079          149.040
   67 (vir)          140.059          -1.712          -0.694         -11.129          148.782
   68 (vir)          140.344          -1.424          -0.647         -11.041          149.315
   69 (vir)          259.105          -1.851          -0.770         -13.571          270.056
