 
  kpoint:     0.1930    0.1930    0.0000
 
    n          ϵ_nk^DFT (eV)     Σ^c_nk (eV)     Σ^x_nk (eV)    v_nk^xc (eV)   ϵ_nk^G0W0 (eV)
 
    1 (occ)          -75.362          10.788         -39.695         -24.421          -79.848
    2 (occ)          -40.032           8.653         -32.009         -22.397          -40.991
    3 (occ)          -39.908           8.700         -31.948         -22.471          -40.685
    4 (occ)          -39.892           8.108         -31.974         -22.524          -41.235
    5 (occ)          -14.782           7.624         -21.703         -14.107          -14.754
    6 (occ)          -14.100           7.637         -21.689         -14.236          -13.916
    7 (occ)           -6.954           4.011         -17.449         -13.380           -7.011
    8 (occ)           -5.998           3.713         -17.100         -13.159           -6.226
    9 (occ)           -5.910           3.366         -17.255         -13.701           -6.097
   10 (occ)           -5.090           3.107         -17.199         -13.900           -5.282
   11 (occ)           -4.035           2.664         -16.434         -13.657           -4.148
   12 (occ)           -3.027           2.563         -16.491         -13.567           -3.388
   13 (occ)           -2.374           1.378         -16.361         -15.158           -2.199
   14 (vir)            0.600          -3.408         -10.167         -14.547            1.572
   15 (vir)            1.445          -4.299         -11.220         -16.620            2.545
   16 (vir)            1.649          -4.157          -9.798         -15.112            2.806
   17 (vir)            3.255          -4.782          -9.936         -15.776            4.313
   18 (vir)            6.197          -5.007          -6.816         -12.941            7.315
   19 (vir)            6.766          -3.737          -3.932          -8.512            7.610
   20 (vir)            8.174          -4.344          -5.471         -11.385            9.744
   21 (vir)            8.852          -5.562          -6.666         -13.377           10.001
   22 (vir)            9.277          -4.422          -4.142          -9.599           10.311
   23 (vir)            9.935          -5.278          -5.865         -12.584           11.375
   24 (vir)           10.570          -4.841          -4.747         -11.006           11.988
   25 (vir)           11.363          -5.301          -5.981         -12.999           13.079
   26 (vir)           11.903          -5.245          -5.160         -12.012           13.511
   27 (vir)           12.594          -5.167          -4.735         -11.256           13.947
   28 (vir)           14.225          -6.317          -5.789         -13.684           15.803
   29 (vir)           15.454          -6.514          -5.155         -13.114           16.899
   30 (vir)           17.549          -7.484          -5.510         -14.265           18.821
   31 (vir)           19.766          -5.000          -3.762         -10.924           21.929
   32 (vir)           20.346          -5.608          -3.665         -11.372           22.445
   33 (vir)           20.808          -5.753          -3.797         -11.588           22.846
   34 (vir)           21.628          -6.567          -3.950         -12.292           23.404
   35 (vir)           22.327          -1.711          -2.852         -10.260           28.024
   36 (vir)           23.287          -7.183          -4.074         -12.730           24.760
   37 (vir)           25.550          -6.105          -4.057         -13.126           28.514
   38 (vir)           26.088          -4.928          -3.656         -12.616           30.120
   39 (vir)           26.982          -4.217          -3.866         -12.522           31.420
   40 (vir)           27.662          -3.704          -3.428         -12.451           32.980
   41 (vir)           29.203          -4.620          -3.848         -12.843           33.579
   42 (vir)           29.389          -6.391          -3.819         -13.412           32.591
   43 (vir)           30.419          -6.693          -3.708         -12.972           32.991
   44 (vir)           30.616          -6.764          -4.141         -14.029           33.740
   45 (vir)           31.426          -3.978          -4.025         -13.768           37.190
   46 (vir)           32.670          -3.268          -3.189         -12.084           38.297
   47 (vir)           35.524          -0.441          -3.929         -13.543           44.697
   48 (vir)           37.225          -2.741          -3.540         -13.420           44.364
   49 (vir)           37.432           0.464          -2.541         -11.173           46.529
   50 (vir)           39.197          -0.625          -3.245         -12.849           48.176
   51 (vir)           39.667           2.844          -3.879         -13.881           52.513
   52 (vir)           42.589          -2.607          -3.323         -13.533           50.192
   53 (vir)           43.282          -5.448          -4.154         -15.144           48.823
   54 (vir)           46.476          -0.270          -3.097         -13.639           56.747
   55 (vir)           49.162          -0.411          -2.761         -12.575           58.565
   56 (vir)           58.448          -3.183          -3.293         -14.289           66.260
   57 (vir)           75.190           2.924          -3.633         -15.072           89.553
   58 (vir)           89.183          -1.216          -4.125         -17.050          100.891
   59 (vir)           95.178           1.331          -5.837         -17.154          107.826
   60 (vir)          117.708          -1.263         -27.885         -14.844          103.403
   61 (vir)          119.071          -6.100          -0.948          -9.798          121.821
   62 (vir)          122.890          -1.201          -1.552         -10.019          130.156
   63 (vir)          138.305          -3.503          -0.698         -11.071          145.174
   64 (vir)          138.555          -1.811          -0.944         -11.199          146.998
   65 (vir)          138.660          -0.347          -0.710         -11.169          148.772
   66 (vir)          139.046          -1.463          -0.952         -11.075          147.706
   67 (vir)          139.459          -1.010          -1.056         -11.120          148.514
   68 (vir)          139.606          -2.363          -0.669         -11.042          147.617
   69 (vir)          272.918           0.467          -2.219         -13.726          284.891
