 
  kpoint:     0.0000    0.0526    0.0000
 
    n          ϵ_nk^DFT (eV)     Σ^c_nk (eV)     Σ^x_nk (eV)    v_nk^xc (eV)   ϵ_nk^G0W0 (eV)
 
    1 (occ)          -75.374          12.118         -39.700         -24.410          -78.545
    2 (occ)          -39.952           8.628         -31.950         -22.423          -40.850
    3 (occ)          -39.815           7.991         -31.947         -22.588          -41.183
    4 (occ)          -39.808           8.442         -31.945         -22.594          -40.717
    5 (occ)          -16.216           8.526         -21.745         -13.587          -15.849
    6 (occ)          -14.623           7.644         -21.545         -13.901          -14.622
    7 (occ)           -7.797           4.532         -17.395         -12.721           -7.939
    8 (occ)           -4.479           2.663         -17.484         -14.890           -4.411
    9 (occ)           -4.310           2.587         -17.506         -15.001           -4.227
   10 (occ)           -3.835           2.695         -16.164         -13.145           -4.160
   11 (occ)           -3.220           1.854         -17.172         -15.345           -3.193
   12 (occ)           -3.029           2.029         -16.675         -14.530           -3.146
   13 (occ)           -1.564           0.945         -15.414         -14.586           -1.448
   14 (vir)            1.320          -3.762         -10.304         -15.129            2.383
   15 (vir)            1.389          -3.634         -10.436         -14.917            2.237
   16 (vir)            1.455          -3.813         -10.353         -15.212            2.500
   17 (vir)            1.464          -3.655         -10.604         -15.111            2.317
   18 (vir)            3.925          -4.224          -6.371         -11.576            4.906
   19 (vir)            6.218          -3.317          -3.209          -7.129            6.821
   20 (vir)            7.163          -4.084          -4.269          -9.099            7.908
   21 (vir)            8.614          -4.315          -4.737         -10.457           10.019
   22 (vir)            9.132          -5.190          -6.048         -12.633           10.528
   23 (vir)            9.536          -5.143          -6.146         -12.923           11.171
   24 (vir)           11.413          -5.855          -6.737         -13.965           12.786
   25 (vir)           11.604          -4.977          -5.925         -13.096           13.799
   26 (vir)           11.898          -5.164          -5.949         -13.267           14.053
   27 (vir)           15.279          -7.315          -5.831         -14.160           16.294
   28 (vir)           15.288          -6.627          -6.051         -14.349           16.960
   29 (vir)           15.296          -6.241          -6.120         -14.506           17.441
   30 (vir)           15.663          -6.712          -5.975         -14.491           17.466
   31 (vir)           19.031          -8.194          -4.686         -13.027           19.179
   32 (vir)           19.831          -5.739          -4.330         -11.754           21.516
   33 (vir)           20.647          -4.721          -3.040          -9.736           22.622
   34 (vir)           22.234           2.216          -4.278         -12.001           32.172
   35 (vir)           25.528          -1.021          -4.603         -13.961           33.865
   36 (vir)           25.748          -7.008          -4.535         -14.087           28.292
   37 (vir)           27.087          -7.382          -4.037         -12.709           28.377
   38 (vir)           28.582          -3.758          -2.710         -10.594           32.708
   39 (vir)           29.294          -7.218          -3.113         -11.535           30.498
   40 (vir)           30.010          -7.302          -4.398         -13.916           32.226
   41 (vir)           30.123          -5.186          -4.419         -13.904           34.422
   42 (vir)           30.964          -4.263          -2.755         -10.822           34.768
   43 (vir)           34.516          -2.573          -3.542         -13.641           42.043
   44 (vir)           34.757          -9.212          -3.452         -13.123           35.216
   45 (vir)           35.202           0.058          -3.621         -13.599           45.238
   46 (vir)           36.934           1.132          -3.677         -12.233           46.622
   47 (vir)           37.338          -6.732          -3.921         -14.014           40.698
   48 (vir)           38.265          -0.764          -3.407         -12.775           46.870
   49 (vir)           38.899          -1.813          -2.850         -12.758           46.993
   50 (vir)           39.133          -3.420          -3.194         -13.315           45.834
   51 (vir)           39.549          -0.379          -3.342         -13.114           48.942
   52 (vir)           43.302          -7.305          -4.036         -12.372           44.333
   53 (vir)           45.094          -1.327          -3.627         -14.868           55.008
   54 (vir)           48.210          -2.002          -4.394         -12.116           53.930
   55 (vir)           51.893          -5.788          -4.515         -12.576           54.165
   56 (vir)           57.710          -6.913          -2.829         -13.757           61.724
   57 (vir)           60.790           0.714          -4.124         -14.183           71.563
   58 (vir)           69.400           5.542          -5.992         -12.296           81.245
   59 (vir)          103.134          -1.875          -4.119         -17.258          114.398
   60 (vir)          106.962          -0.409          -2.650         -17.383          121.287
   61 (vir)          111.973          -2.039          -1.080          -9.847          118.701
   62 (vir)          114.753          -1.328          -1.218         -10.282          122.489
   63 (vir)          138.260          -0.615          -0.715         -11.164          148.094
   64 (vir)          138.320           2.433          -0.711         -11.153          151.195
   65 (vir)          140.025          -1.759          -0.667         -11.055          148.654
   66 (vir)          140.225          -0.587          -0.688         -11.107          150.057
   67 (vir)          140.287          -0.655          -0.671         -11.047          150.007
   68 (vir)          140.359          -0.835          -0.682         -11.135          149.978
   69 (vir)          257.105          -1.048          -0.834         -13.576          268.798
