 
  kpoint:     0.0000    0.3158    0.0000
 
    n          ϵ_nk^DFT (eV)     Σ^c_nk (eV)     Σ^x_nk (eV)    v_nk^xc (eV)   ϵ_nk^G0W0 (eV)
 
    1 (occ)          -75.363          10.465         -39.695         -24.420          -80.173
    2 (occ)          -40.038           8.213         -32.012         -22.392          -41.446
    3 (occ)          -39.911           9.009         -31.947         -22.466          -40.383
    4 (occ)          -39.861           8.264         -31.965         -22.551          -41.011
    5 (occ)          -14.919           7.609         -21.700         -14.050          -14.960
    6 (occ)          -14.156           7.519         -21.672         -14.200          -14.110
    7 (occ)           -7.166           4.112         -17.502         -13.310           -7.245
    8 (occ)           -6.048           3.643         -17.064         -13.131           -6.338
    9 (occ)           -5.886           3.407         -17.057         -13.369           -6.166
   10 (occ)           -4.510           2.650         -17.551         -14.850           -4.561
   11 (occ)           -3.394           2.683         -16.308         -13.241           -3.778
   12 (occ)           -3.218           2.287         -16.907         -14.505           -3.333
   13 (occ)           -2.666           1.505         -15.838         -14.481           -2.519
   14 (vir)            1.018          -3.753         -10.214         -14.955            2.005
   15 (vir)            1.030          -3.879         -11.238         -16.169            2.082
   16 (vir)            2.028          -4.179          -9.487         -14.741            3.103
   17 (vir)            2.876          -4.554         -10.257         -15.913            3.978
   18 (vir)            5.418          -4.408          -5.839         -11.414            6.585
   19 (vir)            6.589          -4.409          -5.426         -10.692            7.446
   20 (vir)            7.140          -4.488          -5.735         -11.527            8.443
   21 (vir)            9.226          -4.376          -3.933          -9.149           10.067
   22 (vir)            9.333          -5.060          -5.653         -11.788           10.408
   23 (vir)           10.820          -4.773          -5.680         -12.229           12.597
   24 (vir)           10.905          -5.618          -6.167         -13.387           12.507
   25 (vir)           11.456          -5.069          -5.076         -11.667           12.978
   26 (vir)           13.160          -5.475          -5.085         -12.468           15.069
   27 (vir)           13.306          -5.370          -4.758         -11.788           14.966
   28 (vir)           13.495          -6.325          -5.224         -12.742           14.688
   29 (vir)           14.000          -6.301          -5.718         -13.635           15.616
   30 (vir)           16.910          -7.301          -5.953         -14.740           18.396
   31 (vir)           19.589          -4.871          -3.125          -9.448           21.040
   32 (vir)           20.312          -5.839          -3.809         -11.632           22.296
   33 (vir)           20.713          -5.728          -3.987         -11.959           22.958
   34 (vir)           22.507          -7.691          -4.211         -13.039           23.644
   35 (vir)           23.050          -7.072          -3.962         -12.656           24.672
   36 (vir)           24.455          -5.037          -2.991         -10.858           27.284
   37 (vir)           26.293           1.091          -3.816         -12.659           36.226
   38 (vir)           26.301          -3.192          -2.850         -10.814           31.073
   39 (vir)           26.609          -7.641          -4.006         -13.394           28.356
   40 (vir)           27.754          -5.503          -3.768         -12.946           31.429
   41 (vir)           27.917          -1.821          -4.529         -13.617           35.184
   42 (vir)           28.389          -8.049          -3.532         -12.594           29.402
   43 (vir)           30.303          -4.769          -4.105         -13.594           35.023
   44 (vir)           31.175          -6.772          -3.427         -12.335           33.311
   45 (vir)           31.495          -4.896          -3.679         -13.193           36.113
   46 (vir)           31.924          -2.477          -3.709         -13.084           38.822
   47 (vir)           34.013          -0.497          -3.721         -13.681           43.476
   48 (vir)           37.142          -5.030          -3.848         -13.979           42.243
   49 (vir)           38.010          -4.723          -3.434         -13.490           43.342
   50 (vir)           38.509          -2.377          -3.783         -13.796           46.145
   51 (vir)           41.506          -2.312          -3.550         -13.876           49.520
   52 (vir)           43.245          -4.524          -3.610         -14.426           49.537
   53 (vir)           44.618          -2.021          -4.263         -15.448           53.783
   54 (vir)           47.597          -2.296          -2.877         -12.753           55.177
   55 (vir)           57.130          -1.943          -3.600         -14.683           66.270
   56 (vir)           67.076          -1.797          -3.166         -11.709           73.822
   57 (vir)           68.494          -1.109          -3.393         -14.542           78.533
   58 (vir)           89.702          -2.944          -3.732         -16.774           99.800
   59 (vir)           97.728          -0.960          -3.610         -17.546          110.704
   60 (vir)          118.873           3.061          -0.949          -9.815          130.800
   61 (vir)          123.660          -0.266          -0.961          -9.848          132.281
   62 (vir)          138.216          -0.333          -0.703         -11.103          148.283
   63 (vir)          138.235          -0.700          -0.714         -11.148          147.969
   64 (vir)          138.691           0.232          -0.708         -11.138          149.354
   65 (vir)          138.921          -1.428          -0.684         -11.183          147.991
   66 (vir)          138.949           0.908          -0.701         -11.085          150.242
   67 (vir)          141.279          -1.783          -0.686         -11.037          149.847
   68 (vir)          177.781          -0.473           5.707         -17.631          200.645
   69 (vir)          264.502          -0.992          -0.695         -13.541          276.355
