 
  kpoint:     0.0000    0.0263    0.0000
 
    n          ϵ_nk^DFT (eV)     Σ^c_nk (eV)     Σ^x_nk (eV)    v_nk^xc (eV)   ϵ_nk^G0W0 (eV)
 
    1 (occ)          -75.374          12.015         -39.700         -24.410          -78.649
    2 (occ)          -39.953           8.603         -31.949         -22.421          -40.878
    3 (occ)          -39.808           7.893         -31.945         -22.594          -41.266
    4 (occ)          -39.806           8.391         -31.944         -22.596          -40.764
    5 (occ)          -16.250           5.377         -21.748         -13.577          -19.044
    6 (occ)          -14.635           7.659         -21.545         -13.894          -14.628
    7 (occ)           -7.838           4.560         -17.407         -12.712           -7.972
    8 (occ)           -4.386           2.615         -17.511         -14.977           -4.305
    9 (occ)           -4.343           2.600         -17.517         -15.006           -4.255
   10 (occ)           -3.698           2.758         -15.867         -12.699           -4.108
   11 (occ)           -3.165           1.823         -17.169         -15.375           -3.136
   12 (occ)           -3.107           1.898         -16.973         -15.048           -3.134
   13 (occ)           -1.547           0.934         -15.362         -14.543           -1.432
   14 (vir)            1.353          -3.778         -10.333         -15.144            2.386
   15 (vir)            1.388          -3.783         -10.347         -15.167            2.425
   16 (vir)            1.475          -3.675         -10.545         -15.054            2.309
   17 (vir)            1.495          -3.664         -10.593         -15.107            2.346
   18 (vir)            3.773          -4.150          -6.332         -11.509            4.800
   19 (vir)            6.204          -3.143          -3.125          -6.999            6.934
   20 (vir)            7.102          -4.171          -4.426          -9.348            7.853
   21 (vir)            8.577          -4.273          -4.592         -10.219            9.930
   22 (vir)            9.329          -4.500          -6.144         -12.816           11.500
   23 (vir)            9.438          -4.823          -6.161         -12.895           11.349
   24 (vir)           11.385          -5.752          -6.770         -13.990           12.853
   25 (vir)           11.818          -5.577          -5.975         -13.275           13.541
   26 (vir)           11.895          -5.215          -5.985         -13.323           14.019
   27 (vir)           15.399          -6.293          -6.090         -14.498           17.515
   28 (vir)           15.401          -6.195          -6.114         -14.538           17.631
   29 (vir)           15.506          -6.641          -5.917         -14.368           17.316
   30 (vir)           15.609          -6.503          -5.959         -14.463           17.611
   31 (vir)           18.953          -7.318          -4.788         -13.267           20.115
   32 (vir)           19.933          -5.694          -4.449         -11.999           21.789
   33 (vir)           20.640          -3.843          -2.858          -9.394           23.332
   34 (vir)           24.072          -8.007          -4.366         -12.588           24.287
   35 (vir)           25.731          -2.056          -4.458         -14.037           33.254
   36 (vir)           25.789          -8.181          -4.478         -14.068           27.198
   37 (vir)           27.854          -8.258          -4.230         -13.327           28.693
   38 (vir)           29.245          -7.432          -2.924         -11.187           30.075
   39 (vir)           29.466          -5.609          -3.137         -11.669           32.388
   40 (vir)           30.198          -7.070          -4.472         -14.023           32.680
   41 (vir)           30.232          -6.112          -4.462         -14.010           33.669
   42 (vir)           30.892          -5.634          -2.465         -10.117           32.910
   43 (vir)           34.783          -7.421          -3.540         -13.499           37.321
   44 (vir)           34.892          -8.954          -3.512         -13.211           35.638
   45 (vir)           35.140          -3.720          -3.560         -13.607           41.467
   46 (vir)           37.396          -4.858          -4.167         -14.390           42.761
   47 (vir)           38.695          -0.714          -3.442         -12.368           46.908
   48 (vir)           38.843          -3.532          -2.786         -12.543           45.068
   49 (vir)           38.902         -12.898          -2.839         -12.718           35.883
   50 (vir)           38.955           0.429          -3.301         -13.040           49.123
   51 (vir)           40.186          -2.465          -3.474         -11.859           46.107
   52 (vir)           43.014          -5.274          -3.979         -11.209           44.970
   53 (vir)           45.453          -4.527          -3.580         -14.844           52.190
   54 (vir)           47.295          -3.315          -3.946         -12.823           52.857
   55 (vir)           55.975           2.386          -3.217         -13.696           68.839
   56 (vir)           56.529          -7.069          -3.806         -13.438           59.091
   57 (vir)           61.719          -4.158          -3.188         -12.371           66.744
   58 (vir)           67.081          -2.560          -5.253         -12.168           71.436
   59 (vir)          105.202           0.452          -1.595         -17.257          121.316
   60 (vir)          106.990           1.323          -1.121         -17.411          124.604
   61 (vir)          111.472          -6.702          -1.095          -9.889          113.564
   62 (vir)          113.901          -1.451          -1.034         -10.292          121.709
   63 (vir)          138.242           0.163          -0.714         -11.163          148.853
   64 (vir)          138.296           2.820          -0.708         -11.152          151.559
   65 (vir)          140.161           1.132          -0.665         -11.051          151.679
   66 (vir)          140.243          -0.779          -0.667         -11.047          149.844
   67 (vir)          140.337          -6.606          -0.661         -11.124          144.194
   68 (vir)          140.380          -1.132          -0.656         -11.135          149.727
   69 (vir)          256.429          -1.479          -0.844         -13.585          267.692
