 
  kpoint:     0.1754    0.1754    0.0000
 
    n          ϵ_nk^DFT (eV)     Σ^c_nk (eV)     Σ^x_nk (eV)    v_nk^xc (eV)   ϵ_nk^G0W0 (eV)
 
    1 (occ)          -75.363          10.691         -39.696         -24.419          -79.948
    2 (occ)          -40.010           8.628         -32.002         -22.416          -40.969
    3 (occ)          -39.913           8.665         -31.948         -22.465          -40.732
    4 (occ)          -39.877           8.032         -31.969         -22.536          -41.279
    5 (occ)          -14.987           7.702         -21.696         -14.020          -14.960
    6 (occ)          -14.174           7.618         -21.663         -14.184          -14.036
    7 (occ)           -6.848           3.932         -17.450         -13.449           -6.917
    8 (occ)           -6.104           3.727         -17.075         -13.123           -6.328
    9 (occ)           -5.616           3.254         -17.161         -13.730           -5.793
   10 (occ)           -5.014           3.012         -17.241         -14.054           -5.189
   11 (occ)           -3.860           2.534         -16.592         -13.902           -4.016
   12 (occ)           -2.933           2.523         -16.411         -13.527           -3.295
   13 (occ)           -2.382           1.375         -16.369         -15.176           -2.201
   14 (vir)            0.536          -3.374         -10.147         -14.489            1.504
   15 (vir)            1.335          -4.131         -10.965         -16.149            2.388
   16 (vir)            1.530          -4.116          -9.860         -15.138            2.692
   17 (vir)            3.116          -4.711         -10.021         -15.779            4.163
   18 (vir)            6.342          -4.991          -6.652         -12.801            7.499
   19 (vir)            6.735          -3.594          -3.913          -8.399            7.626
   20 (vir)            8.258          -4.404          -5.443         -11.370            9.781
   21 (vir)            8.877          -5.357          -6.711         -13.360           10.169
   22 (vir)            9.084          -4.293          -3.727          -8.868            9.933
   23 (vir)            9.948          -5.435          -6.010         -12.874           11.377
   24 (vir)           10.389          -4.980          -5.127         -11.631           11.914
   25 (vir)           11.613          -5.103          -5.951         -13.052           13.611
   26 (vir)           11.827          -5.168          -5.151         -11.959           13.467
   27 (vir)           12.400          -4.640          -4.946         -11.598           14.412
   28 (vir)           14.213          -6.372          -5.766         -13.736           15.811
   29 (vir)           14.989          -6.104          -5.283         -13.149           16.751
   30 (vir)           17.174          -7.399          -5.747         -14.467           18.494
   31 (vir)           19.800          -5.144          -3.866         -11.161           21.952
   32 (vir)           20.625          -5.871          -3.687         -11.451           22.518
   33 (vir)           21.109          -5.546          -3.620         -11.089           23.032
   34 (vir)           22.114          -5.111          -3.992         -12.434           25.445
   35 (vir)           22.473          -0.340          -2.922         -10.476           29.688
   36 (vir)           23.418          -7.319          -4.084         -12.838           24.852
   37 (vir)           25.815          -5.454          -3.995         -12.910           29.277
   38 (vir)           25.933         -10.401          -3.568         -12.362           24.326
   39 (vir)           26.442          -3.094          -3.868         -12.601           32.081
   40 (vir)           27.049          -4.423          -3.466         -12.389           31.548
   41 (vir)           29.591          -5.288          -3.776         -13.282           33.809
   42 (vir)           29.628          -2.942          -3.866         -13.056           35.877
   43 (vir)           30.651          -2.548          -3.534         -12.634           37.204
   44 (vir)           30.789          -3.558          -4.156         -13.997           37.072
   45 (vir)           31.330          -3.141          -4.130         -14.062           38.120
   46 (vir)           33.150           0.125          -3.126         -11.990           42.138
   47 (vir)           35.179          -2.234          -3.626         -13.230           42.550
   48 (vir)           37.190          -3.634          -3.671         -13.668           43.553
   49 (vir)           37.716           1.157          -2.840         -11.974           48.008
   50 (vir)           39.994          -0.783          -3.871         -14.059           49.399
   51 (vir)           40.156           0.949          -3.087         -12.578           50.596
   52 (vir)           42.245          -0.283          -3.545         -13.930           52.347
   53 (vir)           43.216          -4.315          -4.190         -15.130           49.840
   54 (vir)           47.414           1.677          -2.889         -13.181           59.383
   55 (vir)           49.354          -0.513          -2.848         -12.765           58.757
   56 (vir)           56.590           0.278          -3.869         -14.072           67.071
   57 (vir)           75.027           0.710          -3.485         -15.172           87.424
   58 (vir)           90.500           1.095          -5.763         -16.990          102.822
   59 (vir)           95.955           1.652          -6.677         -17.056          107.987
   60 (vir)          118.384          -2.338          -0.959          -9.837          124.924
   61 (vir)          119.372          -0.013         -44.210         -14.804           89.954
   62 (vir)          122.625           4.665          -5.335         -10.438          132.394
   63 (vir)          138.402          -2.162          -0.699         -11.095          146.636
   64 (vir)          138.443          -0.775          -1.097         -11.189          147.760
   65 (vir)          138.640          -0.058          -0.709         -11.145          149.018
   66 (vir)          139.108          -0.870          -0.955         -11.077          148.360
   67 (vir)          139.529          -0.494          -1.263         -11.111          148.882
   68 (vir)          139.761          -1.577          -0.663         -11.037          148.558
   69 (vir)          271.962           2.130          -3.748         -13.742          284.085
