 
  kpoint:     0.0000    0.1842    0.0000
 
    n          ϵ_nk^DFT (eV)     Σ^c_nk (eV)     Σ^x_nk (eV)    v_nk^xc (eV)   ϵ_nk^G0W0 (eV)
 
    1 (occ)          -75.369           5.603         -39.698         -24.414          -85.050
    2 (occ)          -39.936           9.114         -31.950         -22.441          -40.331
    3 (occ)          -39.906           8.234         -31.972         -22.507          -41.138
    4 (occ)          -39.829           8.151         -31.953         -22.577          -41.054
    5 (occ)          -15.736           7.915         -21.712         -13.743          -15.789
    6 (occ)          -14.447           7.570         -21.587         -14.006          -14.458
    7 (occ)           -7.258           4.231         -17.288         -12.905           -7.411
    8 (occ)           -5.506           3.255         -17.292         -14.009           -5.534
    9 (occ)           -4.828           2.913         -16.917         -13.797           -5.035
   10 (occ)           -3.862           2.429         -17.303         -14.893           -3.843
   11 (occ)           -3.837           2.217         -17.303         -15.070           -3.852
   12 (occ)           -2.975           2.460         -16.028         -13.195           -3.347
   13 (occ)           -1.963           1.160         -15.911         -14.893           -1.820
   14 (vir)            0.821          -3.421          -9.887         -14.241            1.754
   15 (vir)            1.144          -3.592         -10.787         -15.311            2.075
   16 (vir)            1.344          -3.940         -10.033         -15.068            2.439
   17 (vir)            2.183          -4.245         -10.357         -15.645            3.226
   18 (vir)            5.324          -4.271          -5.589         -10.809            6.273
   19 (vir)            6.988          -4.096          -4.731          -9.760            7.922
   20 (vir)            7.932          -4.503          -5.665         -11.574            9.339
   21 (vir)            8.033          -3.957          -3.367          -7.950            8.659
   22 (vir)            8.903          -4.783          -5.687         -11.970           10.403
   23 (vir)           10.345          -5.039          -5.371         -11.960           11.895
   24 (vir)           10.733          -5.587          -6.025         -13.223           12.344
   25 (vir)           11.488          -5.848          -6.572         -13.853           12.922
   26 (vir)           12.137          -5.882          -5.451         -12.713           13.516
   27 (vir)           13.587          -6.390          -5.678         -13.381           14.899
   28 (vir)           13.933          -5.791          -5.502         -12.966           15.607
   29 (vir)           14.043          -6.309          -6.136         -14.118           15.717
   30 (vir)           16.293          -7.476          -6.070         -14.759           17.506
   31 (vir)           19.408          -4.558          -3.648         -10.637           21.839
   32 (vir)           20.718          -7.217          -4.329         -12.827           21.999
   33 (vir)           21.280          -6.189          -3.612         -11.221           22.699
   34 (vir)           22.027          -6.495          -3.547         -11.162           23.146
   35 (vir)           23.870          -6.305          -4.202         -13.189           26.553
   36 (vir)           24.594          -7.130          -4.483         -13.844           26.825
   37 (vir)           24.963          -5.884          -3.280         -11.400           27.198
   38 (vir)           25.550          -6.725          -3.223         -11.489           27.092
   39 (vir)           27.601           1.320          -2.682         -10.649           36.889
   40 (vir)           28.787          -6.475          -4.415         -13.647           31.543
   41 (vir)           28.957          -4.791          -4.073         -13.331           33.423
   42 (vir)           29.928          -8.121          -3.313         -11.959           30.452
   43 (vir)           32.235          -0.383          -3.755         -13.861           41.959
   44 (vir)           32.738          -2.107          -3.223         -12.651           40.058
   45 (vir)           33.273          -8.029          -3.397         -12.471           34.318
   46 (vir)           34.512           2.935          -3.491         -13.620           47.576
   47 (vir)           34.683           0.673          -3.493         -13.162           45.024
   48 (vir)           36.992          -3.370          -3.785         -13.878           43.715
   49 (vir)           38.707           0.659          -3.366         -13.221           49.221
   50 (vir)           39.591          -0.630          -3.314         -13.685           49.332
   51 (vir)           42.123          -0.932          -4.130         -15.022           52.084
   52 (vir)           43.099          -8.042          -3.760         -14.753           46.051
   53 (vir)           43.492           1.078          -3.490         -14.375           55.455
   54 (vir)           45.424          -1.151          -3.619         -13.910           54.563
   55 (vir)           55.850          -3.586          -2.980         -13.686           62.970
   56 (vir)           57.806           0.343          -1.651         -11.265           67.763
   57 (vir)           66.601           0.189          -3.953         -14.986           77.822
   58 (vir)           96.084           3.757          -3.060         -16.373          113.155
   59 (vir)           97.035          -2.897          -3.881         -17.100          107.357
   60 (vir)          114.773           1.845          -1.008          -9.812          125.422
   61 (vir)          116.924          -0.772          -3.414         -15.122          127.860
   62 (vir)          119.386          -2.187          -1.104         -10.066          126.162
   63 (vir)          138.316          -0.395          -0.711         -11.156          148.366
   64 (vir)          138.319           0.089          -0.712         -11.161          148.858
   65 (vir)          139.170           0.640          -0.688         -11.071          150.193
   66 (vir)          139.512          -0.216          -0.688         -11.069          149.678
   67 (vir)          140.372          -0.771          -0.745         -11.205          150.061
   68 (vir)          140.820          -0.851          -0.639         -11.043          150.373
   69 (vir)          260.395          -0.811          -0.770         -13.562          272.376
