 
  kpoint:     0.0526    0.0526    0.0000
 
    n          ϵ_nk^DFT (eV)     Σ^c_nk (eV)     Σ^x_nk (eV)    v_nk^xc (eV)   ϵ_nk^G0W0 (eV)
 
    1 (occ)          -75.373          12.132         -39.699         -24.411          -78.530
    2 (occ)          -39.949           8.888         -31.950         -22.427          -40.584
    3 (occ)          -39.832           8.274         -31.953         -22.572          -40.939
    4 (occ)          -39.812           8.010         -31.947         -22.591          -41.158
    5 (occ)          -16.127           8.136         -21.738         -13.615          -16.113
    6 (occ)          -14.590           7.630         -21.548         -13.920          -14.588
    7 (occ)           -7.690           4.473         -17.365         -12.746           -7.835
    8 (occ)           -4.708           2.779         -17.428         -14.689           -4.668
    9 (occ)           -4.225           2.559         -17.470         -14.983           -4.153
   10 (occ)           -4.089           2.681         -16.477         -13.535           -4.351
   11 (occ)           -3.381           1.949         -17.166         -15.232           -3.366
   12 (occ)           -2.911           2.168         -16.390         -14.009           -3.124
   13 (occ)           -1.617           0.978         -15.544         -14.689           -1.494
   14 (vir)            1.206          -3.561         -10.238         -14.659            2.066
   15 (vir)            1.251          -3.764         -10.240         -15.112            2.360
   16 (vir)            1.382          -3.635         -10.623         -15.117            2.243
   17 (vir)            1.629          -3.897         -10.360         -15.317            2.689
   18 (vir)            4.294          -4.293          -6.373         -11.641            5.269
   19 (vir)            6.311          -3.385          -3.425          -7.483            6.984
   20 (vir)            7.376          -4.010          -3.904          -8.607            8.069
   21 (vir)            8.737          -5.320          -5.895         -12.307            9.829
   22 (vir)            8.737          -4.494          -5.082         -11.039           10.200
   23 (vir)            9.801          -5.221          -6.125         -12.985           11.441
   24 (vir)           11.132          -5.328          -5.759         -12.759           12.804
   25 (vir)           11.480          -5.624          -6.721         -13.977           13.112
   26 (vir)           11.892          -5.658          -5.799         -13.073           13.508
   27 (vir)           14.831          -7.557          -5.689         -13.867           15.452
   28 (vir)           14.946          -4.599          -6.054         -14.230           18.523
   29 (vir)           15.082          -5.242          -6.020         -14.185           18.005
   30 (vir)           15.791          -7.161          -6.001         -14.560           17.189
   31 (vir)           19.305          -7.220          -4.389         -12.645           20.341
   32 (vir)           19.629          -5.915          -4.102         -11.319           20.932
   33 (vir)           20.726          -6.043          -3.351         -10.363           21.696
   34 (vir)           21.459           2.178          -3.975         -12.203           31.865
   35 (vir)           25.096          -8.851          -4.697         -13.859           25.408
   36 (vir)           25.497         -11.039          -4.455         -13.620           23.623
   37 (vir)           26.050           6.529          -3.843         -12.293           41.030
   38 (vir)           27.309          -4.829          -2.540         -10.141           30.081
   39 (vir)           28.958           0.469          -3.041         -11.464           37.850
   40 (vir)           29.554          -6.973          -4.432         -13.846           31.996
   41 (vir)           29.909          -4.462          -4.292         -13.576           34.731
   42 (vir)           30.877          -2.735          -2.999         -11.369           36.512
   43 (vir)           33.943           2.860          -3.553         -13.638           46.887
   44 (vir)           34.416          -9.812          -3.401         -13.167           34.370
   45 (vir)           35.009         -11.756          -3.726         -13.471           32.997
   46 (vir)           35.402           2.166          -3.165         -12.668           47.071
   47 (vir)           37.199          -0.623          -3.750         -13.794           46.620
   48 (vir)           37.742           0.528          -3.424         -12.549           47.395
   49 (vir)           38.946           1.123          -3.210         -13.196           50.054
   50 (vir)           39.096          -1.379          -3.127         -13.133           47.723
   51 (vir)           39.815           3.380          -3.650         -14.108           53.653
   52 (vir)           43.397          -0.414          -3.504         -13.344           52.824
   53 (vir)           44.606          -1.629          -3.682         -14.886           54.181
   54 (vir)           46.520           8.029          -3.697         -13.016           63.868
   55 (vir)           49.667           0.785          -3.570         -11.666           58.548
   56 (vir)           56.823          -0.249          -3.125         -13.882           67.330
   57 (vir)           64.052           5.977          -3.736         -14.701           80.993
   58 (vir)           74.873           0.457         -13.044         -12.678           74.964
   59 (vir)          101.270           3.571          -5.237         -17.238          116.841
   60 (vir)          106.988          -2.182          -6.428         -17.267          115.644
   61 (vir)          112.777          -1.328          -1.034          -9.825          120.240
   62 (vir)          116.076          -1.511          -1.457         -10.222          123.329
   63 (vir)          138.280          -0.620          -0.714         -11.165          148.111
   64 (vir)          138.337          -1.026          -0.714         -11.155          147.752
   65 (vir)          139.836          -0.456          -0.669         -11.059          149.770
   66 (vir)          140.083          -0.363          -0.715         -11.088          150.093
   67 (vir)          140.215          -1.647          -0.720         -11.133          148.981
   68 (vir)          140.319          -1.449          -0.668         -11.044          149.246
   69 (vir)          258.110          -1.375          -0.792         -13.570          269.512
