 
  kpoint:     0.0000    0.1053    0.0000
 
    n          ϵ_nk^DFT (eV)     Σ^c_nk (eV)     Σ^x_nk (eV)    v_nk^xc (eV)   ϵ_nk^G0W0 (eV)
 
    1 (occ)          -75.373          12.361         -39.699         -24.411          -78.299
    2 (occ)          -39.947           8.974         -31.950         -22.429          -40.494
    3 (occ)          -39.841           8.309         -31.955         -22.564          -40.922
    4 (occ)          -39.814           8.395         -31.947         -22.589          -40.777
    5 (occ)          -16.083           8.233         -21.735         -13.629          -15.955
    6 (occ)          -14.574           7.585         -21.552         -13.930          -14.611
    7 (occ)           -7.638           4.439         -17.351         -12.760           -7.790
    8 (occ)           -4.814           2.844         -17.403         -14.595           -4.777
    9 (occ)           -4.200           2.696         -16.577         -13.639           -4.443
   10 (occ)           -4.182           2.540         -17.453         -14.979           -4.117
   11 (occ)           -3.418           1.968         -17.198         -15.246           -3.403
   12 (occ)           -2.911           2.225         -16.274         -13.785           -3.176
   13 (occ)           -1.648           0.997         -15.603         -14.733           -1.521
   14 (vir)            1.129          -3.530         -10.152         -14.553            2.001
   15 (vir)            1.249          -3.798         -10.209         -15.107            2.349
   16 (vir)            1.353          -3.649         -10.649         -15.142            2.196
   17 (vir)            1.693          -3.940         -10.365         -15.365            2.753
   18 (vir)            4.455          -4.317          -6.329         -11.619            5.428
   19 (vir)            6.368          -3.276          -3.536          -7.687            7.243
   20 (vir)            7.475          -3.977          -3.758          -8.414            8.154
   21 (vir)            8.603          -5.043          -5.847         -12.171            9.884
   22 (vir)            8.803          -4.657          -5.229         -11.296           10.213
   23 (vir)            9.907          -5.613          -6.087         -13.020           11.227
   24 (vir)           10.922          -5.321          -5.650         -12.565           12.516
   25 (vir)           11.507          -5.740          -6.715         -13.997           13.048
   26 (vir)           11.931          -5.592          -5.774         -13.072           13.637
   27 (vir)           14.621          -7.136          -5.640         -13.752           15.597
   28 (vir)           14.864          -6.940          -5.860         -13.838           15.901
   29 (vir)           14.902          -6.483          -6.130         -14.391           16.680
   30 (vir)           15.860          -7.341          -6.007         -14.588           17.100
   31 (vir)           19.477          -4.764          -4.292         -12.588           23.009
   32 (vir)           19.557          -5.573          -4.002         -11.159           21.141
   33 (vir)           20.786          -5.257          -3.426         -10.571           22.675
   34 (vir)           21.469           1.762          -3.836         -12.240           31.635
   35 (vir)           24.837         -10.148          -4.480         -13.598           23.807
   36 (vir)           25.512          -9.693          -4.568         -14.104           25.356
   37 (vir)           25.719           2.997          -3.628         -11.817           36.905
   38 (vir)           26.910          -5.061          -2.599         -10.217           29.467
   39 (vir)           28.698           2.400          -2.913         -11.135           39.321
   40 (vir)           29.490          -7.871          -4.233         -13.619           31.005
   41 (vir)           29.697          -3.927          -4.378         -13.693           35.085
   42 (vir)           30.781          -2.310          -3.040         -11.584           37.015
   43 (vir)           33.709           3.592          -3.642         -13.802           47.460
   44 (vir)           34.169          -3.965          -3.285         -12.831           39.750
   45 (vir)           34.981           2.684          -3.639         -13.554           47.581
   46 (vir)           35.229           1.279          -2.948         -12.636           46.196
   47 (vir)           36.703           0.890          -3.347         -12.796           47.042
   48 (vir)           37.119           0.075          -3.698         -13.700           47.196
   49 (vir)           39.215           0.844          -3.212         -13.211           50.059
   50 (vir)           39.241          -2.056          -3.152         -13.265           47.298
   51 (vir)           40.101          -2.022          -3.794         -14.328           48.613
   52 (vir)           43.566           1.416          -3.446         -13.806           55.342
   53 (vir)           44.406          -0.700          -3.681         -14.852           54.876
   54 (vir)           45.409          -2.782          -3.269         -13.307           52.665
   55 (vir)           51.425          -5.442          -2.977         -11.272           54.278
   56 (vir)           56.726          -0.758          -3.247         -13.852           66.573
   57 (vir)           64.083           2.120          -3.204         -14.819           77.819
   58 (vir)           78.562          -1.518           1.129         -12.949           91.122
   59 (vir)          100.638          -0.383          -4.214         -17.224          113.266
   60 (vir)          107.226          -0.949          -3.798         -17.176          119.656
   61 (vir)          113.004          -2.057          -1.025          -9.819          119.741
   62 (vir)          116.445          -1.758          -1.213         -10.184          123.658
   63 (vir)          138.287          -0.513          -0.714         -11.165          148.225
   64 (vir)          138.336          -0.680          -0.712         -11.155          148.098
   65 (vir)          139.689          -0.330          -0.670         -11.059          149.749
   66 (vir)          139.932           2.530          -0.680         -11.085          152.866
   67 (vir)          140.296          -1.319          -0.672         -11.137          149.441
   68 (vir)          140.450          -0.845          -0.662         -11.045          149.989
   69 (vir)          258.311          -0.925          -0.778         -13.567          270.175
