 
  kpoint:     0.0000    0.3421    0.0000
 
    n          ϵ_nk^DFT (eV)     Σ^c_nk (eV)     Σ^x_nk (eV)    v_nk^xc (eV)   ϵ_nk^G0W0 (eV)
 
    1 (occ)          -75.361          10.460         -39.695         -24.420          -80.176
    2 (occ)          -40.061           8.227         -32.020         -22.371          -41.483
    3 (occ)          -39.907           9.079         -31.947         -22.471          -40.304
    4 (occ)          -39.866           8.174         -31.968         -22.547          -41.113
    5 (occ)          -14.752           7.520         -21.708         -14.123          -14.816
    6 (occ)          -14.099           7.453         -21.694         -14.242          -14.097
    7 (occ)           -7.332           4.209         -17.492         -13.191           -7.424
    8 (occ)           -6.069           3.576         -17.055         -13.255           -6.293
    9 (occ)           -5.993           3.553         -17.129         -13.224           -6.345
   10 (occ)           -4.614           2.740         -17.596         -14.821           -4.649
   11 (occ)           -3.464           2.718         -16.406         -13.315           -3.837
   12 (occ)           -3.111           2.280         -16.819         -14.397           -3.253
   13 (occ)           -2.711           1.548         -15.752         -14.336           -2.579
   14 (vir)            1.067          -3.987         -11.361         -16.423            2.143
   15 (vir)            1.132          -3.865         -10.330         -15.202            2.140
   16 (vir)            2.171          -4.195          -9.352         -14.645            3.269
   17 (vir)            2.965          -4.630         -10.230         -15.927            4.032
   18 (vir)            5.207          -4.487          -6.223         -11.918            6.414
   19 (vir)            6.449          -4.237          -5.252         -10.430            7.390
   20 (vir)            6.882          -4.448          -5.737         -11.443            8.140
   21 (vir)            9.442          -4.665          -4.466         -10.020           10.332
   22 (vir)            9.515          -5.341          -5.568         -11.734           10.340
   23 (vir)           10.618          -5.559          -6.159         -13.273           12.173
   24 (vir)           10.750          -4.731          -5.437         -11.728           12.309
   25 (vir)           11.490          -4.858          -4.766         -11.139           13.005
   26 (vir)           13.452          -5.877          -5.065         -12.505           15.014
   27 (vir)           13.522          -5.635          -4.646         -11.715           14.955
   28 (vir)           13.924          -6.307          -5.070         -12.598           15.145
   29 (vir)           14.365          -6.351          -5.639         -13.653           16.029
   30 (vir)           16.960          -7.246          -5.864         -14.647           18.497
   31 (vir)           19.386          -5.215          -2.976          -9.116           20.311
   32 (vir)           20.040          -6.133          -3.843         -11.606           21.670
   33 (vir)           20.430          -6.508          -4.210         -12.390           22.102
   34 (vir)           22.148          -7.394          -4.162         -12.894           23.486
   35 (vir)           23.241          -7.356          -3.990         -12.757           24.652
   36 (vir)           24.690          -6.157          -2.942         -10.504           26.095
   37 (vir)           26.145          -3.902          -2.983         -11.001           30.261
   38 (vir)           26.426           0.988          -4.009         -12.914           36.319
   39 (vir)           26.710          -7.716          -4.106         -13.603           28.490
   40 (vir)           27.312          -9.133          -3.770         -12.903           27.312
   41 (vir)           27.947          -2.260          -4.423         -13.314           34.578
   42 (vir)           28.504          -7.365          -3.653         -12.838           30.324
   43 (vir)           30.241          -5.148          -4.099         -13.522           34.516
   44 (vir)           31.100          -6.871          -3.512         -12.445           33.164
   45 (vir)           31.465          -4.006          -3.694         -12.951           36.716
   46 (vir)           31.605          -5.018          -3.704         -13.284           36.166
   47 (vir)           33.849           0.494          -3.802         -13.692           44.234
   48 (vir)           37.148          -4.731          -3.840         -13.970           42.547
   49 (vir)           37.851          -5.444          -3.562         -13.723           42.568
   50 (vir)           38.019          -1.246          -3.811         -13.746           46.708
   51 (vir)           41.583          -2.364          -3.403         -13.476           49.292
   52 (vir)           43.211          -3.857          -3.617         -14.400           50.137
   53 (vir)           44.803          -1.952          -4.271         -15.473           54.053
   54 (vir)           47.508          -1.869          -2.713         -12.504           55.431
   55 (vir)           58.122          -2.610          -3.946         -14.929           66.495
   56 (vir)           68.006          -1.444          -3.567         -14.310           77.305
   57 (vir)           68.094           1.642          -4.094         -11.739           77.381
   58 (vir)           87.934          -2.236          -3.976         -16.694           98.416
   59 (vir)           97.287           7.876          -3.517         -17.537          119.182
   60 (vir)          119.852           3.210          -0.939          -9.798          131.922
   61 (vir)          124.097          -1.173          -0.931          -9.791          131.784
   62 (vir)          138.152           0.034          -0.704         -11.092          148.574
   63 (vir)          138.210          -0.649          -0.713         -11.137          147.985
   64 (vir)          138.667           0.234          -0.710         -11.150          149.341
   65 (vir)          138.830           4.442          -0.708         -11.103          153.667
   66 (vir)          138.913          -3.983          -0.706         -11.171          145.395
   67 (vir)          141.278          -1.406          -0.720         -11.034          150.187
   68 (vir)          186.087           0.415           3.789         -18.274          208.565
   69 (vir)          265.190          -1.789          -0.712         -13.535          276.224
