 
  kpoint:     0.0000    0.1316    0.0000
 
    n          ϵ_nk^DFT (eV)     Σ^c_nk (eV)     Σ^x_nk (eV)    v_nk^xc (eV)   ϵ_nk^G0W0 (eV)
 
    1 (occ)          -75.372          12.499         -39.699         -24.412          -78.160
    2 (occ)          -39.944           9.191         -31.950         -22.432          -40.271
    3 (occ)          -39.860           8.233         -31.959         -22.548          -41.039
    4 (occ)          -39.818           8.152         -31.949         -22.586          -41.029
    5 (occ)          -15.985           8.030         -21.727         -13.661          -16.021
    6 (occ)          -14.538           7.561         -21.562         -13.951          -14.588
    7 (occ)           -7.526           4.377         -17.324         -12.793           -7.679
    8 (occ)           -5.032           2.970         -17.363         -14.413           -5.012
    9 (occ)           -4.403           2.750         -16.719         -13.748           -4.624
   10 (occ)           -4.090           2.506         -17.412         -14.959           -4.036
   11 (occ)           -3.548           2.044         -17.225         -15.187           -3.542
   12 (occ)           -2.899           2.311         -16.151         -13.524           -3.215
   13 (occ)           -1.724           1.040         -15.720         -14.812           -1.592
   14 (vir)            0.998          -3.478         -10.023         -14.392            1.889
   15 (vir)            1.245          -3.852         -10.154         -15.101            2.340
   16 (vir)            1.283          -3.611         -10.685         -15.177            2.163
   17 (vir)            1.848          -4.033         -10.367         -15.459            2.906
   18 (vir)            4.774          -4.361          -6.178         -11.488            5.724
   19 (vir)            6.520          -3.522          -3.821          -8.183            7.359
   20 (vir)            7.665          -3.749          -3.504          -8.080            8.493
   21 (vir)            8.345          -4.713          -5.777         -11.962            9.818
   22 (vir)            8.946          -4.759          -5.510         -11.779           10.456
   23 (vir)           10.161          -5.633          -6.059         -13.082           11.551
   24 (vir)           10.561          -4.860          -5.515         -12.254           12.441
   25 (vir)           11.533          -5.740          -6.696         -14.007           13.105
   26 (vir)           11.972          -5.869          -5.657         -12.952           13.398
   27 (vir)           14.262          -6.725          -5.625         -13.607           15.519
   28 (vir)           14.574          -6.563          -5.725         -13.536           15.823
   29 (vir)           14.635          -6.486          -6.135         -14.312           16.326
   30 (vir)           15.993          -7.550          -6.025         -14.647           17.065
   31 (vir)           19.453          -5.099          -3.858         -10.945           21.441
   32 (vir)           19.874          -2.706          -4.234         -12.601           25.535
   33 (vir)           20.935          -5.893          -3.527         -10.870           22.386
   34 (vir)           21.619          -6.216          -3.756         -12.106           23.753
   35 (vir)           24.481           0.921          -4.294         -13.498           34.605
   36 (vir)           25.281          -7.854          -4.553         -14.063           26.937
   37 (vir)           25.328          -0.297          -3.376         -11.540           33.195
   38 (vir)           26.202          -5.701          -2.694         -10.412           28.219
   39 (vir)           28.333           2.489          -2.775         -10.935           38.982
   40 (vir)           29.261          -8.793          -4.164         -13.491           29.795
   41 (vir)           29.403          -4.271          -4.361         -13.627           34.397
   42 (vir)           30.550          -0.791          -3.128         -11.768           38.399
   43 (vir)           33.219           1.376          -3.625         -13.829           44.799
   44 (vir)           33.731          -4.708          -3.235         -12.713           38.501
   45 (vir)           34.575          -8.991          -3.025         -12.617           35.177
   46 (vir)           34.794           1.524          -3.487         -13.567           46.398
   47 (vir)           35.983           1.121          -3.276         -12.927           46.755
   48 (vir)           37.038          -3.951          -3.721         -13.746           43.112
   49 (vir)           39.048           0.463          -3.226         -13.217           49.504
   50 (vir)           39.423          -3.773          -3.204         -13.445           45.892
   51 (vir)           40.747          -2.676          -3.959         -14.630           48.742
   52 (vir)           43.572           2.145          -3.303         -14.107           56.521
   53 (vir)           43.989           0.213          -3.707         -14.833           55.328
   54 (vir)           44.781          -0.678          -3.162         -13.638           54.579
   55 (vir)           53.440          -6.427          -1.263         -11.178           56.928
   56 (vir)           56.407          -0.927          -3.137         -13.782           66.125
   57 (vir)           65.015           0.423          -3.249         -14.925           77.114
   58 (vir)           85.025          -1.869           4.993         -13.658          101.806
   59 (vir)           99.508          -0.886          -3.540         -17.191          112.272
   60 (vir)          108.078          -0.898          -1.967         -16.836          122.049
   61 (vir)          113.557           4.860          -1.012          -9.814          127.219
   62 (vir)          117.383          -1.728          -1.153         -10.142          124.645
   63 (vir)          138.298          -0.285          -0.713         -11.164          148.465
   64 (vir)          138.334          -0.802          -0.711         -11.155          147.976
   65 (vir)          139.510           0.617          -0.675         -11.062          150.514
   66 (vir)          139.779          -0.545          -0.678         -11.078          149.633
   67 (vir)          140.270          -1.621          -0.615         -11.142          149.177
   68 (vir)          140.562          -0.558          -0.639         -11.045          150.411
   69 (vir)          258.945          -2.540          -0.768         -13.565          269.202
