 
  kpoint:     0.0000    0.5000    0.0000
 
    n          ϵ_nk^DFT (eV)     Σ^c_nk (eV)     Σ^x_nk (eV)    v_nk^xc (eV)   ϵ_nk^G0W0 (eV)
 
    1 (occ)          -75.358          10.529         -39.693         -24.424          -80.099
    2 (occ)          -40.134           8.292         -32.047         -22.309          -41.579
    3 (occ)          -39.893           9.479         -31.944         -22.485          -39.873
    4 (occ)          -39.884           8.340         -31.976         -22.533          -40.988
    5 (occ)          -14.167           7.437         -21.786         -14.427          -14.088
    6 (occ)          -13.906           7.336         -21.771         -14.395          -13.947
    7 (occ)           -7.978           4.548         -17.382         -12.652           -8.160
    8 (occ)           -6.642           3.920         -17.017         -12.871           -6.867
    9 (occ)           -5.927           3.589         -17.458         -13.723           -6.073
   10 (occ)           -4.913           2.911         -17.732         -14.742           -4.991
   11 (occ)           -3.651           2.798         -16.745         -13.590           -4.008
   12 (occ)           -2.815           2.279         -16.511         -13.997           -3.051
   13 (occ)           -2.437           1.626         -15.433         -13.816           -2.428
   14 (vir)            1.355          -4.432         -11.900         -17.512            2.535
   15 (vir)            1.796          -4.531         -11.177         -16.796            2.884
   16 (vir)            2.586          -4.310          -8.795         -14.202            3.684
   17 (vir)            3.187          -4.711         -10.131         -15.913            4.258
   18 (vir)            3.691          -4.381          -6.496         -11.932            4.746
   19 (vir)            6.251          -4.340          -5.846         -11.352            7.416
   20 (vir)            6.516          -4.666          -5.544         -11.192            7.497
   21 (vir)            8.507          -4.005          -4.441          -9.647            9.708
   22 (vir)            9.462          -5.098          -5.982         -12.613           10.995
   23 (vir)            9.774          -5.389          -6.740         -13.568           11.214
   24 (vir)           11.985          -5.137          -4.784         -10.782           12.846
   25 (vir)           12.158          -4.718          -3.353          -9.177           13.264
   26 (vir)           14.569          -5.929          -4.078         -10.855           15.417
   27 (vir)           14.777          -6.310          -5.256         -12.969           16.179
   28 (vir)           16.068          -6.841          -5.436         -13.938           17.729
   29 (vir)           16.350          -6.716          -4.103         -11.507           17.037
   30 (vir)           16.781          -7.070          -5.193         -13.878           18.396
   31 (vir)           18.304          -5.790          -3.521         -10.308           19.301
   32 (vir)           18.462          -6.728          -4.267         -12.164           19.632
   33 (vir)           19.473          -6.306          -4.282         -12.625           21.509
   34 (vir)           20.945          -7.450          -3.973         -12.324           21.846
   35 (vir)           23.029          -4.107          -3.060         -10.277           26.139
   36 (vir)           23.795          -6.466          -4.627         -13.731           26.433
   37 (vir)           25.545          -7.127          -3.940         -12.861           27.339
   38 (vir)           25.761          -6.655          -3.672         -12.136           27.570
   39 (vir)           26.172          -7.369          -4.274         -13.240           27.769
   40 (vir)           28.234          -4.464          -3.560         -11.449           31.660
   41 (vir)           28.405          -8.677          -4.067         -14.000           29.661
   42 (vir)           29.938          -5.353          -3.125         -11.613           33.073
   43 (vir)           30.018          -7.136          -3.359         -12.139           31.662
   44 (vir)           31.240          -7.011          -3.991         -13.862           34.101
   45 (vir)           31.966          -6.021          -4.217         -14.112           35.840
   46 (vir)           32.596          -6.494          -3.762         -13.500           35.840
   47 (vir)           33.268         -11.804          -3.457         -13.277           31.284
   48 (vir)           35.280          -6.033          -3.809         -13.678           39.117
   49 (vir)           36.496          -5.567          -4.021         -14.543           41.451
   50 (vir)           36.868          -4.744          -3.858         -13.867           42.132
   51 (vir)           43.119          -1.613          -3.519         -14.270           52.258
   52 (vir)           44.637          -2.029          -4.267         -15.470           53.811
   53 (vir)           45.764          -7.489          -2.794         -12.561           48.042
   54 (vir)           46.008           1.287          -2.480         -11.939           56.755
   55 (vir)           60.438          -1.915          -3.177         -12.508           67.854
   56 (vir)           64.514          -2.835          -3.898         -15.512           73.294
   57 (vir)           69.419           0.708          -2.284         -11.669           79.512
   58 (vir)           78.471          -3.695          -4.086         -16.258           86.947
   59 (vir)           95.629          -2.074          -4.203         -17.479          106.831
   60 (vir)          123.364           6.982          -0.821          -9.576          139.101
   61 (vir)          124.678          -1.117          -0.836          -9.580          132.305
   62 (vir)          137.885           0.042          -0.707         -11.076          148.296
   63 (vir)          137.945          -0.755          -0.707         -11.087          147.570
   64 (vir)          138.595          -0.574          -0.709         -11.168          148.480
   65 (vir)          138.595          -7.330          -0.721         -11.187          141.732
   66 (vir)          138.717          -2.227          -1.027         -11.187          146.651
   67 (vir)          141.034          -1.206          -0.655         -11.019          150.192
   68 (vir)          200.038          -1.257         -61.186         -20.042          157.638
   69 (vir)          266.905          -1.876          -0.672         -13.512          277.870
