 
  kpoint:     0.2105    0.2105    0.0000
 
    n          ϵ_nk^DFT (eV)     Σ^c_nk (eV)     Σ^x_nk (eV)    v_nk^xc (eV)   ϵ_nk^G0W0 (eV)
 
    1 (occ)          -75.360          10.685         -39.694         -24.422          -79.947
    2 (occ)          -40.051           8.682         -32.014         -22.382          -41.001
    3 (occ)          -39.908           8.023         -31.980         -22.510          -41.354
    4 (occ)          -39.903           8.789         -31.947         -22.476          -40.585
    5 (occ)          -14.584           7.550         -21.715         -14.196          -14.553
    6 (occ)          -14.027           7.731         -21.715         -14.288          -13.723
    7 (occ)           -7.069           4.111         -17.423         -13.257           -7.122
    8 (occ)           -6.199           3.478         -17.337         -13.653           -6.404
    9 (occ)           -5.868           3.638         -17.168         -13.274           -6.125
   10 (occ)           -5.117           3.163         -17.148         -13.775           -5.327
   11 (occ)           -4.259           2.738         -16.330         -13.447           -4.404
   12 (occ)           -3.139           2.605         -16.573         -13.609           -3.499
   13 (occ)           -2.329           1.336         -16.271         -15.111           -2.153
   14 (vir)            0.716          -3.433         -10.233         -14.635            1.685
   15 (vir)            1.546          -4.487         -11.460         -17.071            2.669
   16 (vir)            1.761          -4.183          -9.724         -15.058            2.913
   17 (vir)            3.365          -4.846          -9.868         -15.787            4.437
   18 (vir)            5.934          -4.823          -6.557         -12.438            6.991
   19 (vir)            6.857          -4.020          -4.534          -9.510            7.813
   20 (vir)            8.171          -4.410          -5.479         -11.384            9.665
   21 (vir)            8.561          -5.217          -6.186         -12.639            9.798
   22 (vir)            9.442          -4.694          -4.607         -10.390           10.532
   23 (vir)           10.201          -5.435          -5.911         -12.693           11.549
   24 (vir)           10.809          -4.796          -4.440         -10.515           12.088
   25 (vir)           11.141          -5.417          -5.992         -12.924           12.656
   26 (vir)           11.965          -5.270          -5.070         -11.916           13.542
   27 (vir)           12.861          -5.144          -4.585         -11.056           14.188
   28 (vir)           14.154          -6.339          -5.822         -13.617           15.611
   29 (vir)           15.937          -6.454          -4.997         -12.997           17.483
   30 (vir)           17.920          -7.409          -5.207         -13.951           19.255
   31 (vir)           19.640          -4.955          -3.597         -10.629           21.717
   32 (vir)           20.120          -5.429          -3.741         -11.465           22.415
   33 (vir)           20.478          -6.881          -4.108         -12.299           21.788
   34 (vir)           21.163          -6.503          -3.867         -12.089           22.881
   35 (vir)           22.099          -3.493          -2.854         -10.049           25.802
   36 (vir)           23.160          -7.048          -4.080         -12.680           24.712
   37 (vir)           25.391          -5.935          -4.125         -13.309           28.639
   38 (vir)           26.263          -6.177          -3.729         -12.846           29.204
   39 (vir)           27.564          -2.504          -3.677         -12.433           33.815
   40 (vir)           28.302          -5.970          -3.256         -12.170           31.246
   41 (vir)           28.857          -5.544          -3.907         -12.858           32.264
   42 (vir)           29.046          -5.612          -3.916         -13.520           33.039
   43 (vir)           30.001          -2.800          -3.809         -13.034           36.426
   44 (vir)           30.466          -6.937          -4.122         -14.134           33.540
   45 (vir)           31.950          -5.505          -3.908         -13.471           36.008
   46 (vir)           32.427          -5.110          -3.393         -12.444           36.368
   47 (vir)           35.763          -1.719          -4.132         -14.013           43.925
   48 (vir)           36.703          -1.301          -2.218          -9.943           43.127
   49 (vir)           37.419          -2.618          -3.401         -13.099           44.499
   50 (vir)           38.357          -3.935          -3.655         -13.794           44.560
   51 (vir)           39.324          -0.609          -3.556         -13.574           48.733
   52 (vir)           43.235          -4.694          -3.236         -13.434           48.739
   53 (vir)           43.239          -2.199          -4.135         -15.110           52.015
   54 (vir)           45.926          -1.173          -3.200         -13.722           55.274
   55 (vir)           48.713          -0.929          -2.180         -12.457           58.061
   56 (vir)           60.612          -4.741          -3.159         -14.526           67.238
   57 (vir)           75.289          -0.735          -3.501         -14.941           85.995
   58 (vir)           87.790          -1.717          -4.166         -17.162           99.070
   59 (vir)           94.575          -6.645          -3.157         -17.244          102.018
   60 (vir)          116.845          -8.164           4.040         -14.358          127.078
   61 (vir)          119.805          -9.639          -0.922          -9.749          118.993
   62 (vir)          123.160          -2.388          -0.969          -9.942          129.745
   63 (vir)          138.194          -0.986          -0.701         -11.069          147.577
   64 (vir)          138.624          -1.971          -0.684         -11.185          147.155
   65 (vir)          138.737           0.256          -0.707         -11.169          149.455
   66 (vir)          138.980          -1.784          -0.599         -11.084          147.681
   67 (vir)          139.417          -1.366          -0.590         -11.133          148.594
   68 (vir)          139.462          -1.824          -0.675         -11.048          148.011
   69 (vir)          273.210          -2.401           0.050         -13.694          284.554
