 
  kpoint:     0.2632    0.2632    0.0000
 
    n          ϵ_nk^DFT (eV)     Σ^c_nk (eV)     Σ^x_nk (eV)    v_nk^xc (eV)   ϵ_nk^G0W0 (eV)
 
    1 (occ)          -75.357          10.495         -39.692         -24.424          -80.130
    2 (occ)          -40.076           8.596         -32.017         -22.361          -41.136
    3 (occ)          -39.960           8.396         -32.001         -22.465          -41.099
    4 (occ)          -39.891           9.913         -31.946         -22.488          -39.437
    5 (occ)          -14.096           7.220         -21.771         -14.446          -14.201
    6 (occ)          -13.845           7.452         -21.789         -14.427          -13.754
    7 (occ)           -7.193           4.226         -17.317         -12.961           -7.323
    8 (occ)           -6.901           3.880         -17.525         -13.521           -7.025
    9 (occ)           -5.640           3.508         -17.314         -13.559           -5.887
   10 (occ)           -5.010           3.097         -16.342         -13.040           -5.215
   11 (occ)           -4.998           3.212         -16.895         -13.419           -5.262
   12 (occ)           -3.544           2.752         -16.859         -13.768           -3.884
   13 (occ)           -1.999           0.983         -15.815         -15.044           -1.787
   14 (vir)            0.876          -3.539         -11.396         -15.984            1.924
   15 (vir)            1.926          -4.634         -10.964         -16.677            3.005
   16 (vir)            1.930          -4.146          -9.398         -14.673            3.060
   17 (vir)            3.661          -5.129          -9.954         -16.170            4.748
   18 (vir)            5.255          -4.474          -6.357         -11.968            6.392
   19 (vir)            6.487          -4.233          -6.321         -12.045            7.979
   20 (vir)            8.524          -4.762          -5.059         -10.920            9.623
   21 (vir)            8.630          -4.605          -5.435         -11.462           10.052
   22 (vir)            9.787          -5.133          -5.349         -11.664           10.969
   23 (vir)           10.357          -5.279          -5.205         -11.676           11.549
   24 (vir)           11.285          -6.079          -6.108         -13.137           12.234
   25 (vir)           11.565          -5.490          -4.877         -11.500           12.697
   26 (vir)           12.058          -4.658          -3.949         -10.091           13.542
   27 (vir)           13.605          -6.065          -5.876         -13.291           14.955
   28 (vir)           14.059          -4.993          -4.392         -10.933           15.607
   29 (vir)           16.808          -5.953          -4.193         -11.487           18.149
   30 (vir)           17.748          -5.894          -4.147         -11.907           19.615
   31 (vir)           18.852          -6.136          -4.180         -12.174           20.710
   32 (vir)           19.099          -7.111          -4.508         -12.752           20.232
   33 (vir)           20.507          -6.734          -3.912         -11.765           21.627
   34 (vir)           20.611          -1.002          -4.030         -12.176           27.755
   35 (vir)           21.602          -3.715          -2.974         -10.249           25.162
   36 (vir)           22.949          -7.161          -4.086         -12.735           24.436
   37 (vir)           25.428          -4.453          -4.219         -13.489           30.245
   38 (vir)           26.556          -5.650          -4.068         -13.798           30.635
   39 (vir)           27.839          -4.985          -3.263         -11.611           31.201
   40 (vir)           28.004          -6.743          -4.052         -13.720           30.929
   41 (vir)           29.060          -5.534          -3.609         -12.108           32.026
   42 (vir)           29.617          -5.364          -3.844         -13.257           33.665
   43 (vir)           29.667          -3.825          -3.453         -12.699           35.089
   44 (vir)           29.978          -0.389          -3.813         -13.235           39.011
   45 (vir)           32.655          -1.579          -3.873         -13.618           40.821
   46 (vir)           33.483           0.551          -2.299          -9.534           41.269
   47 (vir)           34.566          -4.495          -4.098         -14.253           40.226
   48 (vir)           35.189          -3.797          -3.939         -13.756           41.208
   49 (vir)           36.618          -4.128          -3.938         -14.334           42.885
   50 (vir)           38.420          -8.172          -3.660         -13.888           40.475
   51 (vir)           39.758          -0.949          -3.079         -12.644           48.374
   52 (vir)           43.105          -0.866          -3.541         -14.030           52.727
   53 (vir)           43.335          -3.915          -3.746         -14.872           50.547
   54 (vir)           47.261          -1.695          -2.692         -12.099           54.973
   55 (vir)           49.264           1.534          -2.595         -12.457           60.660
   56 (vir)           66.556          -0.919          -3.636         -15.416           77.416
   57 (vir)           75.838          -0.280          -3.340         -14.490           86.709
   58 (vir)           85.207          -2.130          -3.763         -17.328           96.642
   59 (vir)           93.345          -1.393          -4.155         -17.495          105.292
   60 (vir)          118.990          -4.024          -5.616         -12.560          121.910
   61 (vir)          122.602          -2.121          -0.846          -9.589          129.225
   62 (vir)          123.377          -1.798          -1.021          -9.893          130.450
   63 (vir)          138.011          -0.241          -0.704         -11.072          148.137
   64 (vir)          138.510          -0.707          -0.701         -11.099          148.202
   65 (vir)          138.944          -1.931          -0.739         -11.136          147.410
   66 (vir)          139.050          -0.445          -0.696         -11.143          149.052
   67 (vir)          139.082          -0.800          -0.683         -11.067          148.666
   68 (vir)          139.523          -1.494          -0.951         -11.160          148.238
   69 (vir)          271.888          -1.854          -0.874         -13.591          282.751
