 
  kpoint:     0.1404    0.1404    0.0000
 
    n          ϵ_nk^DFT (eV)     Σ^c_nk (eV)     Σ^x_nk (eV)    v_nk^xc (eV)   ϵ_nk^G0W0 (eV)
 
    1 (occ)          -75.366          11.172         -39.697         -24.417          -79.475
    2 (occ)          -39.957           8.445         -31.988         -22.462          -41.039
    3 (occ)          -39.925           8.852         -31.949         -22.453          -40.570
    4 (occ)          -39.852           8.132         -31.961         -22.558          -41.122
    5 (occ)          -15.388           7.844         -21.698         -13.865          -15.378
    6 (occ)          -14.320           7.561         -21.619         -14.086          -14.292
    7 (occ)           -6.924           4.009         -17.299         -13.133           -7.080
    8 (occ)           -5.967           3.526         -17.223         -13.583           -6.081
    9 (occ)           -5.111           3.049         -16.991         -13.726           -5.327
   10 (occ)           -4.647           2.722         -17.259         -14.445           -4.739
   11 (occ)           -3.749           2.455         -16.998         -14.457           -3.836
   12 (occ)           -2.811           2.443         -16.269         -13.466           -3.172
   13 (occ)           -2.234           1.279         -16.175         -15.072           -2.058
   14 (vir)            0.588          -3.336         -10.107         -14.375            1.520
   15 (vir)            1.157          -3.816         -10.627         -15.441            2.155
   16 (vir)            1.319          -4.018          -9.977         -15.151            2.475
   17 (vir)            2.738          -4.534         -10.188         -15.742            3.757
   18 (vir)            6.009          -4.323          -5.316         -10.590            6.960
   19 (vir)            7.150          -4.435          -5.059         -10.380            8.035
   20 (vir)            8.074          -4.776          -6.136         -12.230            9.392
   21 (vir)            8.396          -4.071          -3.973          -9.042            9.394
   22 (vir)            8.916          -4.479          -4.811         -10.476           10.103
   23 (vir)           10.104          -5.343          -5.654         -12.470           11.577
   24 (vir)           10.586          -6.994          -6.565         -13.859           10.886
   25 (vir)           11.724          -5.194          -4.996         -11.733           13.266
   26 (vir)           11.937          -5.760          -5.555         -12.580           13.202
   27 (vir)           12.419          -6.335          -5.830         -13.071           13.325
   28 (vir)           14.035          -6.543          -5.815         -13.837           15.514
   29 (vir)           14.418          -5.690          -5.525         -13.165           16.368
   30 (vir)           16.608          -7.413          -6.033         -14.701           17.863
   31 (vir)           19.612          -5.278          -3.868         -11.131           21.598
   32 (vir)           21.064          -7.264          -4.019         -12.159           21.940
   33 (vir)           21.446          -4.736          -3.524         -11.070           24.256
   34 (vir)           22.317          -6.978          -3.135         -10.694           22.898
   35 (vir)           23.252          -6.433          -3.848         -12.301           25.273
   36 (vir)           23.714          -6.217          -4.284         -13.413           26.626
   37 (vir)           25.399           3.500          -3.914         -12.198           37.184
   38 (vir)           25.909          -9.188          -3.763         -12.738           25.696
   39 (vir)           26.206          -8.079          -2.908         -10.869           26.088
   40 (vir)           26.776          -5.890          -4.010         -12.969           29.844
   41 (vir)           29.671          -6.254          -3.995         -13.435           32.857
   42 (vir)           30.329          -7.834          -3.647         -12.970           31.819
   43 (vir)           31.169          -9.650          -3.468         -12.194           30.244
   44 (vir)           31.519          -6.619          -3.993         -14.026           34.932
   45 (vir)           31.814          -3.723          -4.019         -13.969           38.041
   46 (vir)           34.567          -8.601          -3.233         -12.222           34.954
   47 (vir)           34.634           2.736          -3.525         -13.006           46.851
   48 (vir)           37.207          -3.665          -3.781         -13.874           43.635
   49 (vir)           37.823           2.994          -3.253         -12.644           50.207
   50 (vir)           40.257          -2.145          -3.751         -14.137           48.499
   51 (vir)           41.653          -7.872          -3.503         -13.384           43.662
   52 (vir)           42.502           4.154          -3.743         -14.391           57.305
   53 (vir)           42.730          -2.465          -4.157         -14.996           51.104
   54 (vir)           48.377          -1.489          -3.311         -13.431           57.009
   55 (vir)           49.559          -4.970          -3.216         -12.335           53.707
   56 (vir)           54.847           2.116          -3.273         -13.599           67.289
   57 (vir)           73.875           0.689          -3.889         -15.221           85.896
   58 (vir)           92.555           0.482          -4.897         -16.892          105.031
   59 (vir)           97.200           2.353          -4.631         -16.836          111.759
   60 (vir)          116.926          -1.144          -1.005          -9.868          124.646
   61 (vir)          118.275           1.654          -6.059         -13.354          127.224
   62 (vir)          122.882           7.221          -5.237         -12.116          136.983
   63 (vir)          138.281          -4.178          -0.716         -11.154          144.541
   64 (vir)          138.387          -0.051          -0.710         -11.156          148.782
   65 (vir)          138.918          -0.429          -0.698         -11.084          148.876
   66 (vir)          139.195           1.118          -0.689         -11.069          150.694
   67 (vir)          139.658          -0.937          -0.763         -11.093          149.051
   68 (vir)          140.083           1.386          -0.673         -11.032          151.829
   69 (vir)          267.644          -0.741          -0.986         -13.688          279.605
