 
  kpoint:     0.3158    0.3158    0.0000
 
    n          ϵ_nk^DFT (eV)     Σ^c_nk (eV)     Σ^x_nk (eV)    v_nk^xc (eV)   ϵ_nk^G0W0 (eV)
 
    1 (occ)          -75.356          10.424         -39.692         -24.425          -80.198
    2 (occ)          -40.058           8.556         -31.994         -22.378          -41.119
    3 (occ)          -40.011           8.180         -32.032         -22.420          -41.443
    4 (occ)          -39.886           9.171         -31.946         -22.493          -40.169
    5 (occ)          -13.869           7.066         -21.813         -14.575          -14.040
    6 (occ)          -13.753           7.410         -21.831         -14.499          -13.675
    7 (occ)           -7.236           4.066         -17.623         -13.478           -7.314
    8 (occ)           -6.918           4.197         -17.370         -13.005           -7.086
    9 (occ)           -5.920           3.416         -16.297         -12.662           -6.140
   10 (occ)           -5.395           3.411         -17.397         -13.721           -5.660
   11 (occ)           -4.779           3.189         -16.501         -12.995           -5.096
   12 (occ)           -3.869           2.858         -17.228         -14.060           -4.180
   13 (occ)           -1.555           0.576         -15.524         -15.196           -1.308
   14 (vir)            0.377          -3.313         -11.889         -16.325            1.501
   15 (vir)            1.859          -4.064          -9.152         -14.330            2.972
   16 (vir)            2.465          -4.691         -10.677         -16.331            3.427
   17 (vir)            3.958          -5.476         -10.288         -16.787            4.981
   18 (vir)            5.095          -4.373          -5.995         -11.535            6.262
   19 (vir)            5.864          -4.506          -6.948         -12.755            7.165
   20 (vir)            9.107          -5.008          -5.747         -12.052           10.404
   21 (vir)            9.458          -4.780          -5.187         -11.389           10.880
   22 (vir)            9.815          -5.001          -5.236         -11.469           11.048
   23 (vir)           10.285          -5.201          -4.485         -10.637           11.235
   24 (vir)           11.562          -6.209          -5.816         -13.306           12.842
   25 (vir)           11.674          -6.072          -5.900         -13.048           12.749
   26 (vir)           12.288          -4.377          -2.989          -8.351           13.273
   27 (vir)           13.022          -5.807          -6.075         -13.344           14.484
   28 (vir)           15.195          -5.405          -4.312         -10.860           16.338
   29 (vir)           16.713          -5.180          -3.138          -9.341           17.736
   30 (vir)           16.911          -6.707          -3.969         -11.124           17.359
   31 (vir)           17.778          -7.769          -5.089         -13.650           18.571
   32 (vir)           17.876          -6.225          -4.670         -13.028           20.009
   33 (vir)           20.889          -4.079          -3.078         -10.120           23.853
   34 (vir)           21.160          -6.132          -4.039         -12.246           23.234
   35 (vir)           22.469          -7.180          -3.758         -12.381           23.912
   36 (vir)           22.913          -7.209          -4.014         -12.838           24.528
   37 (vir)           25.698          -5.633          -4.073         -13.164           29.156
   38 (vir)           25.727          -8.152          -4.096         -13.571           27.049
   39 (vir)           28.060         -10.049          -4.127         -13.875           27.759
   40 (vir)           28.134          -5.657          -3.736         -12.906           31.646
   41 (vir)           28.969          -2.781          -3.879         -12.362           34.670
   42 (vir)           29.191          -7.766          -4.060         -13.945           31.311
   43 (vir)           29.331          -2.942          -2.577         -10.581           34.393
   44 (vir)           31.085          -3.834          -3.892         -13.252           36.611
   45 (vir)           32.096          -0.210          -2.744         -10.426           39.568
   46 (vir)           33.237          -5.608          -3.996         -13.654           37.287
   47 (vir)           33.842          -3.941          -3.961         -14.329           40.269
   48 (vir)           35.101          -3.309          -4.002         -14.005           41.794
   49 (vir)           37.380          -4.893          -3.834         -14.474           43.127
   50 (vir)           39.227          -3.068          -3.462         -13.406           46.102
   51 (vir)           39.675          -3.953          -3.872         -14.132           45.983
   52 (vir)           42.813          -4.886          -3.786         -15.004           49.145
   53 (vir)           44.441          -2.808          -2.762         -12.695           51.566
   54 (vir)           47.367           0.366          -1.883         -11.477           57.326
   55 (vir)           53.267          -0.553          -2.488         -12.699           62.926
   56 (vir)           70.145           1.700          -3.675         -16.034           84.205
   57 (vir)           76.586          -0.102          -3.030         -14.199           87.653
   58 (vir)           84.037          -1.508          -4.048         -16.962           95.443
   59 (vir)           92.452          -1.672          -3.888         -17.701          104.592
   60 (vir)          119.306          -7.096           6.758         -12.083          131.052
   61 (vir)          123.145          -1.419          -0.682          -9.531          130.576
   62 (vir)          125.125          -5.359          -0.791          -9.520          128.496
   63 (vir)          138.018           0.102          -0.705         -11.074          148.488
   64 (vir)          138.486          -0.916          -0.689         -11.052          147.934
   65 (vir)          138.792          -1.128          -0.686         -11.057          148.035
   66 (vir)          138.901          -2.864          -0.708         -11.164          146.493
   67 (vir)          139.318          -4.685          -0.688         -11.127          145.072
   68 (vir)          139.354          -1.409          -0.316         -11.152          148.782
   69 (vir)          270.437          -2.667          -0.592         -13.540          280.718
