 
  kpoint:     0.0000    0.4474    0.0000
 
    n          ϵ_nk^DFT (eV)     Σ^c_nk (eV)     Σ^x_nk (eV)    v_nk^xc (eV)   ϵ_nk^G0W0 (eV)
 
    1 (occ)          -75.358          10.463         -39.693         -24.423          -80.165
    2 (occ)          -40.126           8.251         -32.042         -22.317          -41.600
    3 (occ)          -39.895           9.688         -31.945         -22.483          -39.669
    4 (occ)          -39.882           8.193         -31.975         -22.534          -41.130
    5 (occ)          -14.243           7.428         -21.770         -14.383          -14.202
    6 (occ)          -13.930           7.331         -21.759         -14.374          -13.984
    7 (occ)           -7.893           4.524         -17.403         -12.727           -8.046
    8 (occ)           -6.573           3.882         -17.023         -12.919           -6.795
    9 (occ)           -5.920           3.602         -17.415         -13.660           -6.073
   10 (occ)           -4.879           2.889         -17.716         -14.751           -4.955
   11 (occ)           -3.631           2.784         -16.703         -13.555           -3.995
   12 (occ)           -2.847           2.277         -16.551         -14.048           -3.072
   13 (occ)           -2.511           1.623         -15.467         -13.876           -2.480
   14 (vir)            1.304          -4.368         -11.818         -17.351            2.469
   15 (vir)            1.661          -4.372         -10.914         -16.377            2.752
   16 (vir)            2.541          -4.302          -8.874         -14.271            3.636
   17 (vir)            3.165          -4.689         -10.143         -15.918            4.250
   18 (vir)            3.971          -4.424          -6.663         -12.212            5.096
   19 (vir)            6.311          -4.344          -5.822         -11.347            7.492
   20 (vir)            6.451          -4.460          -5.374         -10.865            7.481
   21 (vir)            8.724          -4.111          -4.685         -10.129           10.058
   22 (vir)            9.617          -5.185          -6.018         -12.721           11.135
   23 (vir)            9.775          -5.291          -6.518         -13.240           11.206
   24 (vir)           11.723          -5.270          -4.769         -10.829           12.513
   25 (vir)           12.001          -4.606          -3.424          -9.238           13.209
   26 (vir)           14.483          -6.066          -4.249         -11.203           15.371
   27 (vir)           14.561          -6.306          -5.177         -12.855           15.933
   28 (vir)           15.805          -6.803          -5.454         -13.873           17.421
   29 (vir)           15.863          -6.708          -4.316         -11.846           16.686
   30 (vir)           16.854          -7.089          -5.339         -14.043           18.469
   31 (vir)           18.369          -4.914          -3.302          -9.884           20.038
   32 (vir)           18.811          -7.513          -4.065         -11.898           19.130
   33 (vir)           19.660          -6.659          -4.318         -12.661           21.344
   34 (vir)           21.110          -7.418          -4.005         -12.418           22.105
   35 (vir)           23.394          -4.282          -2.951         -10.346           26.507
   36 (vir)           23.819          -7.086          -4.473         -13.590           25.849
   37 (vir)           25.787          -6.867          -3.905         -12.861           27.877
   38 (vir)           25.799          -8.467          -3.538         -11.939           25.733
   39 (vir)           26.170          -8.062          -4.111         -13.142           27.140
   40 (vir)           28.036          -7.839          -3.967         -13.698           29.929
   41 (vir)           28.158          -1.420          -3.286         -11.824           35.276
   42 (vir)           29.830          -4.605          -3.228         -12.278           34.274
   43 (vir)           30.194           1.851          -3.413         -12.280           40.913
   44 (vir)           31.117          -4.199          -3.836         -13.445           36.527
   45 (vir)           31.577          -5.641          -4.070         -13.858           35.724
   46 (vir)           32.411          -5.541          -3.746         -13.474           36.598
   47 (vir)           33.293          -0.179          -3.441         -13.505           43.178
   48 (vir)           35.816           4.514          -3.620         -13.631           50.341
   49 (vir)           36.775          -5.882          -3.935         -14.462           41.421
   50 (vir)           36.948          -5.603          -3.843         -13.889           41.391
   51 (vir)           43.130          -2.852          -3.491         -14.290           51.077
   52 (vir)           44.517          -5.193          -2.851         -12.503           48.977
   53 (vir)           44.726          -1.957          -4.265         -15.477           53.981
   54 (vir)           46.298           2.071          -2.390         -12.004           57.982
   55 (vir)           62.351           0.437          -2.813         -12.935           72.910
   56 (vir)           63.214          -0.553          -3.621         -15.444           74.484
   57 (vir)           69.423          -1.713          -0.810         -11.690           78.590
   58 (vir)           80.239          -2.223          -3.960         -16.338           90.393
   59 (vir)           95.847          -1.914          -3.861         -17.486          107.558
   60 (vir)          122.928           4.980          -0.839          -9.624          136.693
   61 (vir)          124.661          -0.781          -0.809          -9.606          132.676
   62 (vir)          137.923           0.046          -0.706         -11.077          148.340
   63 (vir)          137.996           0.055          -0.705         -11.090          148.436
   64 (vir)          138.603           0.572          -0.715         -11.180          149.641
   65 (vir)          138.607          -0.542          -0.709         -11.166          148.523
   66 (vir)          138.750          -1.952          -0.982         -11.183          146.998
   67 (vir)          141.083          -1.466          -0.600         -11.021          150.038
   68 (vir)          199.314          -0.431         -55.925         -19.845          162.802
   69 (vir)          266.749          -1.518          -0.650         -13.515          278.096
