 
  kpoint:     0.2456    0.2456    0.0000
 
    n          ϵ_nk^DFT (eV)     Σ^c_nk (eV)     Σ^x_nk (eV)    v_nk^xc (eV)   ϵ_nk^G0W0 (eV)
 
    1 (occ)          -75.358          10.528         -39.692         -24.424          -80.098
    2 (occ)          -40.073           8.624         -32.018         -22.363          -41.103
    3 (occ)          -39.942           8.397         -31.993         -22.481          -41.057
    4 (occ)          -39.894           9.278         -31.947         -22.485          -40.079
    5 (occ)          -14.234           7.259         -21.751         -14.371          -14.356
    6 (occ)          -13.898           7.679         -21.766         -14.386          -13.599
    7 (occ)           -7.200           4.250         -17.351         -13.035           -7.266
    8 (occ)           -6.702           3.797         -17.472         -13.557           -6.821
    9 (occ)           -5.674           3.540         -17.320         -13.517           -5.937
   10 (occ)           -5.064           3.207         -16.999         -13.544           -5.312
   11 (occ)           -4.765           2.963         -16.264         -13.115           -4.950
   12 (occ)           -3.404           2.697         -16.755         -13.704           -3.758
   13 (occ)           -2.141           1.130         -15.970         -15.040           -1.941
   14 (vir)            0.923          -3.497         -10.884         -15.373            1.915
   15 (vir)            1.750          -4.669         -11.328         -17.125            2.879
   16 (vir)            1.911          -4.175          -9.519         -14.831            3.048
   17 (vir)            3.555          -5.011          -9.869         -15.975            4.650
   18 (vir)            5.438          -4.652          -6.390         -12.053            6.450
   19 (vir)            6.705          -4.328          -5.908         -11.500            7.969
   20 (vir)            8.368          -4.790          -5.151         -11.055            9.482
   21 (vir)            8.409          -4.586          -5.465         -11.434            9.792
   22 (vir)            9.697          -5.047          -5.223         -11.442           10.869
   23 (vir)           10.457          -5.460          -5.367         -11.985           11.614
   24 (vir)           11.080          -5.675          -6.205         -13.190           12.390
   25 (vir)           11.354          -4.932          -4.434         -10.639           12.626
   26 (vir)           12.030          -4.873          -4.514         -11.067           13.710
   27 (vir)           13.616          -5.095          -4.422         -10.944           15.043
   28 (vir)           13.822          -6.204          -5.869         -13.415           15.164
   29 (vir)           16.658          -6.645          -4.514         -12.206           17.704
   30 (vir)           18.045          -5.590          -4.369         -12.506           20.592
   31 (vir)           19.222          -5.502          -3.725         -11.240           21.236
   32 (vir)           19.629          -6.096          -4.533         -12.901           21.902
   33 (vir)           20.292          -7.743          -4.177         -12.380           20.752
   34 (vir)           20.483          -6.880          -3.885         -11.799           21.517
   35 (vir)           21.647          -4.776          -2.808          -9.800           23.863
   36 (vir)           22.983          -7.366          -4.091         -12.698           24.224
   37 (vir)           25.348          -5.224          -4.223         -13.509           29.409
   38 (vir)           26.563          -7.624          -3.934         -13.472           28.476
   39 (vir)           28.131          -4.546          -3.311         -11.679           31.954
   40 (vir)           28.245          -3.158          -3.931         -13.615           34.771
   41 (vir)           29.019          -4.082          -3.555         -12.417           33.799
   42 (vir)           29.164          -5.335          -3.255         -11.707           32.281
   43 (vir)           29.461          -4.997          -4.020         -13.647           34.091
   44 (vir)           30.065          -4.882          -4.078         -14.066           35.173
   45 (vir)           32.434          -5.297          -3.761         -13.280           36.656
   46 (vir)           33.859          -4.560          -3.765         -13.587           39.122
   47 (vir)           34.449          -8.712          -2.165          -9.344           32.915
   48 (vir)           35.366          -4.630          -4.286         -14.299           40.749
   49 (vir)           37.174          -3.196          -3.862         -14.348           44.464
   50 (vir)           38.238          -6.626          -3.641         -13.854           41.826
   51 (vir)           39.296          -1.859          -2.678         -12.293           47.051
   52 (vir)           43.018          -3.370          -3.838         -14.686           50.496
   53 (vir)           43.584          -2.721          -3.687         -14.670           51.846
   54 (vir)           47.544           0.997          -2.676         -12.542           58.408
   55 (vir)           47.633          -2.499          -2.101         -12.248           55.281
   56 (vir)           64.807          -1.423          -3.586         -15.120           74.918
   57 (vir)           75.598          -0.087          -3.128         -14.640           87.024
   58 (vir)           85.742          -1.377          -3.958         -17.338           97.744
   59 (vir)           93.756          -0.321          -3.374         -17.417          107.478
   60 (vir)          118.047          -1.645           9.534         -13.070          139.006
   61 (vir)          121.574          -0.947          -0.864          -9.639          129.402
   62 (vir)          123.412          -2.361          -0.669          -9.926          130.308
   63 (vir)          138.045          -0.235          -0.703         -11.071          148.178
   64 (vir)          138.561          -0.462          -0.703         -11.117          148.512
   65 (vir)          138.943          -0.053          -0.701         -11.161          149.349
   66 (vir)          138.958          -1.913          -0.562         -11.127          147.611
   67 (vir)          139.200          -1.319          -0.680         -11.055          148.257
   68 (vir)          139.478          -1.732          -0.273         -11.160          148.632
   69 (vir)          272.537          -2.943          -0.069         -13.622          283.148
