 
  kpoint:     0.0000    0.2632    0.0000
 
    n          ϵ_nk^DFT (eV)     Σ^c_nk (eV)     Σ^x_nk (eV)    v_nk^xc (eV)   ϵ_nk^G0W0 (eV)
 
    1 (occ)          -75.365          10.487         -39.696         -24.417          -80.157
    2 (occ)          -39.986           8.398         -31.996         -22.437          -41.148
    3 (occ)          -39.921           9.163         -31.948         -22.456          -40.249
    4 (occ)          -39.848           8.358         -31.960         -22.562          -40.889
    5 (occ)          -15.263           7.737         -21.696         -13.912          -15.311
    6 (occ)          -14.277           7.628         -21.629         -14.115          -14.163
    7 (occ)           -6.977           4.026         -17.421         -13.291           -7.081
    8 (occ)           -6.053           3.614         -17.095         -13.276           -6.258
    9 (occ)           -5.479           3.216         -17.041         -13.592           -5.712
   10 (occ)           -4.265           2.480         -17.452         -14.923           -4.314
   11 (occ)           -3.467           2.319         -17.081         -14.700           -3.529
   12 (occ)           -3.226           2.611         -16.128         -13.124           -3.618
   13 (occ)           -2.439           1.381         -15.953         -14.728           -2.284
   14 (vir)            0.847          -3.558         -10.016         -14.533            1.805
   15 (vir)            1.017          -3.708         -11.023         -15.731            2.017
   16 (vir)            1.721          -4.062          -9.742         -14.907            2.824
   17 (vir)            2.644          -4.501         -10.307         -15.850            3.685
   18 (vir)            5.592          -4.193          -5.281         -10.557            6.674
   19 (vir)            6.992          -4.643          -5.616         -11.125            7.858
   20 (vir)            7.775          -4.642          -5.770         -11.772            9.136
   21 (vir)            8.553          -4.611          -5.615         -11.587            9.913
   22 (vir)            8.750          -4.012          -3.308          -8.068            9.498
   23 (vir)           11.176          -5.560          -6.096         -13.065           12.585
   24 (vir)           11.214          -5.304          -5.316         -12.096           12.690
   25 (vir)           11.244          -5.900          -6.096         -13.448           12.696
   26 (vir)           12.647          -5.497          -5.195         -12.484           14.438
   27 (vir)           13.052          -6.346          -5.518         -13.052           14.240
   28 (vir)           13.226          -5.422          -5.091         -12.163           14.876
   29 (vir)           13.563          -6.258          -5.934         -13.737           15.107
   30 (vir)           16.720          -7.006          -6.059         -14.826           18.481
   31 (vir)           19.628          -4.988          -3.398         -10.128           21.370
   32 (vir)           20.758          -6.402          -3.882         -11.865           22.340
   33 (vir)           21.288          -4.797          -3.699         -11.427           24.219
   34 (vir)           23.027          -7.376          -3.909         -12.481           24.223
   35 (vir)           23.311          -8.131          -4.318         -13.354           24.217
   36 (vir)           23.432          -5.289          -3.149         -11.209           26.202
   37 (vir)           25.597          -0.581          -3.595         -12.248           33.668
   38 (vir)           26.151          -7.021          -3.753         -12.893           28.270
   39 (vir)           26.713          -2.295          -2.721         -10.591           32.288
   40 (vir)           28.111          -8.005          -4.550         -13.796           29.352
   41 (vir)           28.468          -4.387          -3.859         -13.105           33.327
   42 (vir)           28.857          -1.917          -3.335         -12.218           35.823
   43 (vir)           30.898           1.728          -3.985         -13.771           42.413
   44 (vir)           31.609          -5.187          -3.494         -12.936           35.864
   45 (vir)           31.647          -5.093          -3.340         -12.264           35.478
   46 (vir)           32.951          -2.087          -3.717         -13.239           40.386
   47 (vir)           34.263          -5.761          -3.601         -13.654           38.555
   48 (vir)           37.083          -4.405          -3.840         -13.972           42.810
   49 (vir)           38.258          -1.241          -3.306         -13.256           46.967
   50 (vir)           39.237          -1.411          -3.625         -13.839           48.041
   51 (vir)           41.905          -1.232          -3.720         -14.424           51.377
   52 (vir)           43.329          -3.170          -3.635         -14.455           50.979
   53 (vir)           43.902          -2.208          -4.226         -15.345           52.812
   54 (vir)           47.189           1.066          -3.005         -13.394           58.643
   55 (vir)           55.901          -1.552          -3.135         -14.090           65.304
   56 (vir)           64.041           0.756          -3.581         -11.572           72.789
   57 (vir)           68.365           0.468          -3.271         -14.839           80.401
   58 (vir)           92.850          -0.504          -3.758         -16.918          105.506
   59 (vir)           98.424          -2.414          -3.912         -17.512          109.610
   60 (vir)          117.024           0.538          -0.969          -9.821          126.414
   61 (vir)          122.282          -0.348          -0.980          -9.950          130.905
   62 (vir)          138.270           0.813          -0.714         -11.156          149.524
   63 (vir)          138.306          -0.800          -0.706         -11.135          147.936
   64 (vir)          138.513           2.286          -1.570         -11.404          150.632
   65 (vir)          138.801          -0.089          -0.699         -11.104          149.117
   66 (vir)          139.186          -1.306          -0.686         -11.069          148.263
   67 (vir)          141.172          -2.020          -0.694         -11.041          149.500
   68 (vir)          155.119          -0.588         -16.036         -15.977          154.473
   69 (vir)          262.895          -2.623          -0.686         -13.552          273.138
