 
  kpoint:     0.0877    0.0877    0.0000
 
    n          ϵ_nk^DFT (eV)     Σ^c_nk (eV)     Σ^x_nk (eV)    v_nk^xc (eV)   ϵ_nk^G0W0 (eV)
 
    1 (occ)          -75.371          11.767         -39.698         -24.413          -78.889
    2 (occ)          -39.941           9.114         -31.949         -22.435          -40.341
    3 (occ)          -39.875           8.149         -31.964         -22.534          -41.156
    4 (occ)          -39.824           7.881         -31.951         -22.581          -41.313
    5 (occ)          -15.896           7.977         -21.720         -13.690          -15.950
    6 (occ)          -14.506           7.583         -21.569         -13.970          -14.522
    7 (occ)           -7.423           4.320         -17.300         -12.825           -7.579
    8 (occ)           -5.207           3.065         -17.344         -14.284           -5.202
    9 (occ)           -4.515           2.798         -16.780         -13.761           -4.736
   10 (occ)           -4.023           2.496         -17.358         -14.903           -3.981
   11 (occ)           -3.804           2.194         -17.166         -14.943           -3.832
   12 (occ)           -2.801           2.300         -16.202         -13.583           -3.120
   13 (occ)           -1.796           1.077         -15.816         -14.879           -1.656
   14 (vir)            0.907          -3.440         -10.009         -14.334            1.793
   15 (vir)            1.189          -3.881         -10.130         -15.122            2.300
   16 (vir)            1.213          -3.611         -10.627         -15.144            2.120
   17 (vir)            2.034          -4.146         -10.335         -15.520            3.074
   18 (vir)            5.054          -4.417          -6.036         -11.353            5.954
   19 (vir)            6.693          -3.435          -4.024          -8.568            7.802
   20 (vir)            7.811          -4.149          -3.314          -7.845            8.194
   21 (vir)            8.118          -4.350          -5.813         -11.944            9.900
   22 (vir)            9.127          -4.870          -5.701         -12.109           10.666
   23 (vir)           10.254          -4.801          -5.528         -12.200           12.125
   24 (vir)           10.393          -5.244          -6.122         -13.200           12.226
   25 (vir)           11.544          -5.790          -6.589         -13.882           13.047
   26 (vir)           11.843          -5.484          -5.371         -12.481           13.468
   27 (vir)           14.064          -6.398          -5.951         -13.844           15.559
   28 (vir)           14.199          -6.548          -5.736         -13.751           15.666
   29 (vir)           14.657          -6.306          -5.802         -13.649           16.197
   30 (vir)           16.066          -6.739          -6.040         -14.671           17.958
   31 (vir)           19.412          -4.672          -3.861         -10.987           21.866
   32 (vir)           20.212          -6.453          -4.239         -12.665           22.184
   33 (vir)           21.074          -5.678          -3.525         -10.989           22.860
   34 (vir)           21.749          -4.743          -3.666         -11.817           25.156
   35 (vir)           24.343          -5.671          -4.297         -13.584           27.959
   36 (vir)           24.875          -3.507          -4.095         -12.771           30.045
   37 (vir)           25.210           1.408          -3.751         -12.401           35.267
   38 (vir)           25.843          -5.298          -2.777         -10.635           28.402
   39 (vir)           27.857          -4.225          -2.854         -11.072           31.849
   40 (vir)           28.560          -6.258          -4.232         -13.445           31.515
   41 (vir)           29.650          -3.723          -4.145         -13.423           35.204
   42 (vir)           30.565          -3.981          -3.096         -11.893           35.380
   43 (vir)           32.853          -7.749          -3.559         -13.616           35.162
   44 (vir)           33.407          -2.228          -3.645         -13.627           41.161
   45 (vir)           33.561          -8.197          -3.186         -12.730           34.908
   46 (vir)           34.574          -0.226          -3.349         -13.150           44.149
   47 (vir)           36.667          -5.539          -2.908         -12.452           40.673
   48 (vir)           37.144          -0.188          -3.790         -13.885           47.051
   49 (vir)           38.264          -9.522          -2.990         -13.153           38.904
   50 (vir)           39.620          -1.509          -3.327         -13.711           48.494
   51 (vir)           41.207          -2.923          -3.927         -14.645           49.002
   52 (vir)           43.101          -4.559          -3.005         -13.682           49.219
   53 (vir)           43.618          -2.705          -3.755         -14.934           52.093
   54 (vir)           45.487           1.229          -3.366         -13.584           56.934
   55 (vir)           51.004          -7.707          -0.318         -11.776           54.755
   56 (vir)           55.829          -1.919          -3.084         -13.689           64.515
   57 (vir)           68.441          -0.736          -2.771         -14.954           79.887
   58 (vir)           86.475          -1.084          -6.484         -14.105           93.012
   59 (vir)           98.958          -2.035          -3.221         -17.108          110.810
   60 (vir)          108.457           5.620          -4.053         -16.547          126.572
   61 (vir)          114.319           8.040          -0.991          -9.828          131.197
   62 (vir)          118.681           0.119          -1.234         -10.243          127.809
   63 (vir)          138.311          -0.286          -0.713         -11.164          148.477
   64 (vir)          138.343          -4.217          -0.714         -11.159          144.572
   65 (vir)          139.487           2.623          -0.674         -11.067          152.504
   66 (vir)          139.806          -1.381          -0.710         -11.087          148.802
   67 (vir)          139.899           3.465          -0.687         -11.106          153.783
   68 (vir)          140.345          -3.087          -0.626         -11.038          147.670
   69 (vir)          260.495          -1.890          -0.786         -13.579          271.398
