 
  kpoint:     0.1228    0.1228    0.0000
 
    n          ϵ_nk^DFT (eV)     Σ^c_nk (eV)     Σ^x_nk (eV)    v_nk^xc (eV)   ϵ_nk^G0W0 (eV)
 
    1 (occ)          -75.368          11.465         -39.697         -24.415          -79.185
    2 (occ)          -39.931           8.962         -31.949         -22.446          -40.472
    3 (occ)          -39.929           8.267         -31.979         -22.486          -41.156
    4 (occ)          -39.841           8.133         -31.957         -22.567          -41.098
    5 (occ)          -15.575           7.904         -21.704         -13.798          -15.577
    6 (occ)          -14.388           7.517         -21.601         -14.042          -14.430
    7 (occ)           -7.084           4.112         -17.269         -12.986           -7.254
    8 (occ)           -5.742           3.394         -17.277         -13.839           -5.784
    9 (occ)           -4.912           2.963         -16.942         -13.757           -5.134
   10 (occ)           -4.368           2.545         -17.216         -14.610           -4.428
   11 (occ)           -3.809           2.446         -17.158         -14.672           -3.850
   12 (occ)           -2.785           2.401         -16.218         -13.463           -3.139
   13 (occ)           -2.089           1.208         -16.058         -15.009           -1.930
   14 (vir)            0.676          -3.348         -10.054         -14.317            1.591
   15 (vir)            1.126          -3.709         -10.582         -15.259            2.094
   16 (vir)            1.246          -3.974         -10.033         -15.146            2.385
   17 (vir)            2.509          -4.417         -10.253         -15.688            3.527
   18 (vir)            5.741          -4.422          -5.413         -10.642            6.548
   19 (vir)            7.250          -4.394          -4.760          -9.929            8.024
   20 (vir)            7.760          -4.559          -6.074         -12.098            9.225
   21 (vir)            8.226          -3.963          -3.350          -7.999            8.912
   22 (vir)            9.147          -4.679          -5.493         -11.609           10.583
   23 (vir)            9.945          -5.348          -5.667         -12.450           11.381
   24 (vir)           10.729          -5.996          -6.507         -13.831           12.057
   25 (vir)           11.734          -5.768          -5.890         -12.987           13.064
   26 (vir)           11.740          -5.412          -5.015         -11.823           13.135
   27 (vir)           12.926          -6.212          -5.880         -13.354           14.187
   28 (vir)           13.983          -6.487          -5.839         -13.850           15.507
   29 (vir)           14.386          -6.288          -5.619         -13.251           15.730
   30 (vir)           16.404          -7.257          -6.072         -14.728           17.804
   31 (vir)           19.491          -5.542          -3.871         -11.044           21.122
   32 (vir)           21.040          -7.206          -4.267         -12.742           22.309
   33 (vir)           21.419          -5.388          -3.534         -11.128           23.625
   34 (vir)           22.081          -5.268          -3.204         -10.645           24.254
   35 (vir)           23.743          -6.202          -3.812         -12.450           26.179
   36 (vir)           24.041          -7.394          -4.463         -13.721           25.905
   37 (vir)           25.075          -7.132          -3.816         -11.929           26.056
   38 (vir)           25.698          -6.350          -3.440         -12.121           28.028
   39 (vir)           26.541          -8.097          -2.895         -10.814           26.363
   40 (vir)           27.355          -6.129          -4.047         -13.044           30.222
   41 (vir)           29.658          -5.170          -4.087         -13.498           33.899
   42 (vir)           30.387           2.872          -3.409         -12.442           42.292
   43 (vir)           31.858          -7.414          -3.474         -12.527           33.497
   44 (vir)           31.918          -6.294          -3.837         -13.870           35.657
   45 (vir)           32.287          -3.941          -3.909         -13.913           38.350
   46 (vir)           34.503           5.425          -3.518         -13.003           49.414
   47 (vir)           35.320          -6.377          -3.156         -12.328           38.115
   48 (vir)           37.197          -6.132          -3.793         -13.909           41.181
   49 (vir)           37.897         -12.017          -3.241         -12.873           35.512
   50 (vir)           40.143         -12.832          -3.676         -14.058           37.694
   51 (vir)           42.222          -3.417          -3.450         -13.678           49.033
   52 (vir)           42.323           3.856          -4.056         -14.892           57.016
   53 (vir)           42.829          -7.494          -3.696         -14.543           46.182
   54 (vir)           47.330          -1.582          -3.643         -13.641           55.746
   55 (vir)           50.399         -11.609          -2.456         -12.099           48.433
   56 (vir)           54.936          -1.317          -2.957         -13.528           64.190
   57 (vir)           72.552          -3.754          -3.782         -15.160           80.177
   58 (vir)           92.747          -0.183          -2.885         -16.473          106.152
   59 (vir)           97.502          -0.714          -4.480         -16.789          109.098
   60 (vir)          114.975          -5.641          -3.548         -14.510          120.296
   61 (vir)          116.088           1.325          -1.002          -9.860          126.270
   62 (vir)          121.691          -2.489          -1.604         -11.079          128.677
   63 (vir)          138.307          -3.401          -0.718         -11.160          145.347
   64 (vir)          138.356          -0.067          -0.711         -11.161          148.738
   65 (vir)          139.109           2.927          -0.691         -11.077          152.422
   66 (vir)          139.345          -2.680          -0.681         -11.077          147.061
   67 (vir)          139.721          -1.466          -0.700         -11.088          148.643
   68 (vir)          140.216          -1.315          -0.660         -11.033          149.275
   69 (vir)          264.878          -2.805          -0.663         -13.638          275.047
