 
  kpoint:     0.0000    0.0789    0.0000
 
    n          ϵ_nk^DFT (eV)     Σ^c_nk (eV)     Σ^x_nk (eV)    v_nk^xc (eV)   ϵ_nk^G0W0 (eV)
 
    1 (occ)          -75.373          12.247         -39.700         -24.411          -78.415
    2 (occ)          -39.950           8.745         -31.950         -22.426          -40.729
    3 (occ)          -39.826           8.521         -31.951         -22.578          -40.678
    4 (occ)          -39.810           8.561         -31.946         -22.592          -40.603
    5 (occ)          -16.160           8.473         -21.741         -13.605          -15.823
    6 (occ)          -14.602           7.614         -21.546         -13.913          -14.620
    7 (occ)           -7.730           4.491         -17.376         -12.737           -7.878
    8 (occ)           -4.626           2.739         -17.445         -14.758           -4.573
    9 (occ)           -4.256           2.567         -17.485         -14.993           -4.181
   10 (occ)           -4.008           2.671         -16.398         -13.450           -4.286
   11 (occ)           -3.307           1.903         -17.181         -15.300           -3.284
   12 (occ)           -2.957           2.138         -16.444         -14.113           -3.150
   13 (occ)           -1.596           0.965         -15.497         -14.652           -1.475
   14 (vir)            1.266          -3.582         -10.296         -14.738            2.126
   15 (vir)            1.279          -3.763         -10.261         -15.115            2.371
   16 (vir)            1.415          -3.648         -10.622         -15.121            2.266
   17 (vir)            1.559          -3.866         -10.360         -15.280            2.613
   18 (vir)            4.160          -4.277          -6.383         -11.630            5.130
   19 (vir)            6.269          -3.656          -3.343          -7.352            6.621
   20 (vir)            7.297          -4.155          -4.037          -8.780            7.884
   21 (vir)            8.687          -4.422          -4.955         -10.825           10.135
   22 (vir)            8.874          -5.383          -5.939         -12.400            9.953
   23 (vir)            9.695          -5.459          -6.119         -12.966           11.083
   24 (vir)           11.290          -5.945          -5.801         -12.850           12.394
   25 (vir)           11.460          -5.821          -6.724         -13.971           12.887
   26 (vir)           11.909          -5.262          -5.878         -13.181           13.950
   27 (vir)           14.969          -7.302          -5.717         -13.936           15.886
   28 (vir)           15.107          -6.857          -5.976         -14.120           16.394
   29 (vir)           15.126          -6.469          -6.125         -14.456           16.988
   30 (vir)           15.748          -7.017          -5.992         -14.534           17.273
   31 (vir)           19.191          -2.038          -4.485         -12.737           25.405
   32 (vir)           19.694          -5.838          -4.169         -11.441           21.129
   33 (vir)           20.689          -4.765          -3.255         -10.172           22.841
   34 (vir)           21.539           2.529          -4.031         -12.124           32.161
   35 (vir)           25.212          -9.623          -4.648         -13.803           24.744
   36 (vir)           25.663          -5.643          -4.567         -14.106           29.559
   37 (vir)           26.299          -9.007          -3.841         -12.152           25.603
   38 (vir)           27.750          -4.508          -2.606         -10.278           30.914
   39 (vir)           29.029         -11.197          -3.041         -11.345           26.137
   40 (vir)           29.754          -7.736          -4.314         -13.770           31.473
   41 (vir)           29.943          -4.335          -4.399         -13.792           35.001
   42 (vir)           30.927          -2.623          -2.933         -11.288           36.658
   43 (vir)           34.154           1.161          -3.606         -13.745           45.454
   44 (vir)           34.517           1.310          -3.366         -12.983           45.444
   45 (vir)           35.142          -8.946          -3.699         -13.575           36.073
   46 (vir)           35.940           2.651          -3.218         -12.551           47.923
   47 (vir)           37.231         -11.184          -3.745         -13.757           36.060
   48 (vir)           37.474          -0.543          -3.438         -12.718           46.210
   49 (vir)           39.041          -1.128          -3.001         -13.026           47.938
   50 (vir)           39.376           0.544          -3.265         -13.196           49.850
   51 (vir)           39.545           3.540          -3.544         -13.900           53.441
   52 (vir)           43.490          -0.912          -3.761         -13.271           52.087
   53 (vir)           44.777          -1.910          -3.654         -14.862           54.076
   54 (vir)           47.477          -1.286          -4.038         -12.876           55.029
   55 (vir)           49.638           1.466          -4.267         -11.556           58.394
   56 (vir)           57.075          -1.566          -3.150         -13.896           66.256
   57 (vir)           62.855           4.680          -3.633         -14.608           78.510
   58 (vir)           73.251          -0.524          -3.963         -12.538           81.300
   59 (vir)          101.772           0.012          -4.725         -17.249          114.308
   60 (vir)          106.988          -5.206          -3.889         -17.320          115.213
   61 (vir)          112.480          -1.882          -1.052          -9.828          119.375
   62 (vir)          115.570          -4.585          -1.269         -10.230          119.946
   63 (vir)          138.274          -0.710          -0.714         -11.164          148.015
   64 (vir)          138.332           0.022          -0.713         -11.154          148.796
   65 (vir)          139.864          -0.668          -0.668         -11.057          149.585
   66 (vir)          140.085           1.514          -0.687         -11.095          152.006
   67 (vir)          140.329          -1.086          -0.695         -11.135          149.683
   68 (vir)          140.357          -0.782          -0.673         -11.046          149.948
   69 (vir)          257.717          -1.230          -0.805         -13.570          269.252
