 
  kpoint:     0.0000    0.0000    0.0000
 
    n          ϵ_nk^DFT (eV)     Σ^c_nk (eV)     Σ^x_nk (eV)    v_nk^xc (eV)   ϵ_nk^G0W0 (eV)
 
    1 (occ)          -75.374          11.979         -39.700         -24.410          -78.686
    2 (occ)          -39.953           8.609         -31.949         -22.421          -40.872
    3 (occ)          -39.806           8.517         -31.944         -22.596          -40.636
    4 (occ)          -39.806           8.842         -31.944         -22.596          -40.312
    5 (occ)          -16.262           5.738         -21.748         -13.573          -18.700
    6 (occ)          -14.639           7.665         -21.545         -13.891          -14.628
    7 (occ)           -7.851           4.570         -17.410         -12.710           -7.982
    8 (occ)           -4.355           2.604         -17.521         -15.008           -4.264
    9 (occ)           -4.355           2.599         -17.521         -15.008           -4.269
   10 (occ)           -3.640           2.826         -15.674         -12.388           -4.100
   11 (occ)           -3.146           1.812         -17.169         -15.385           -3.118
   12 (occ)           -3.146           1.812         -17.168         -15.385           -3.116
   13 (occ)           -1.542           0.930         -15.344         -14.528           -1.428
   14 (vir)            1.365          -3.773         -10.345         -15.151            2.399
   15 (vir)            1.366          -3.784         -10.344         -15.151            2.389
   16 (vir)            1.506          -3.690         -10.588         -15.106            2.334
   17 (vir)            1.506          -3.668         -10.589         -15.106            2.355
   18 (vir)            3.721          -4.209          -6.311         -11.478            4.679
   19 (vir)            6.205          -3.131          -3.096          -6.955            6.933
   20 (vir)            7.096          -4.422          -4.491          -9.460            7.644
   21 (vir)            8.566          -4.260          -4.537         -10.131            9.899
   22 (vir)            9.404          -4.794          -6.158         -12.886           11.338
   23 (vir)            9.404          -4.210          -6.190         -12.886           11.890
   24 (vir)           11.377          -5.684          -6.794         -14.011           12.909
   25 (vir)           11.894          -5.641          -5.978         -13.343           13.619
   26 (vir)           11.894          -5.185          -5.997         -13.343           14.054
   27 (vir)           15.437          -6.095          -6.103         -14.549           17.788
   28 (vir)           15.437          -5.376          -6.110         -14.549           18.501
   29 (vir)           15.591          -6.541          -5.951         -14.453           17.552
   30 (vir)           15.591          -6.780          -5.945         -14.453           17.319
   31 (vir)           18.927          -6.902          -4.817         -13.342           20.550
   32 (vir)           19.971          -5.884          -4.493         -12.090           21.684
   33 (vir)           20.641          -3.594          -2.787          -9.266           23.525
   34 (vir)           25.568          -7.804          -4.505         -13.485           26.745
   35 (vir)           25.800          -7.491          -4.466         -14.061           27.903
   36 (vir)           25.800          -3.012          -4.369         -14.061           32.479
   37 (vir)           28.180          -6.271          -4.323         -13.596           31.182
   38 (vir)           29.525          -4.652          -3.101         -11.716           33.489
   39 (vir)           29.525          -5.304          -3.152         -11.716           32.786
   40 (vir)           30.268          -5.748          -4.499         -14.063           34.084
   41 (vir)           30.269          -7.503          -4.503         -14.063           32.325
   42 (vir)           30.815          -5.752          -2.222          -9.523           32.363
   43 (vir)           34.935          -8.614          -3.516         -13.240           36.045
   44 (vir)           34.935          -5.609          -3.590         -13.240           38.976
   45 (vir)           35.038          -6.583          -3.536         -13.793           38.711
   46 (vir)           37.409          -6.191          -4.282         -14.571           41.507
   47 (vir)           38.834         -12.860          -2.688         -12.461           35.747
   48 (vir)           38.834          -4.764          -2.778         -12.461           43.754
   49 (vir)           39.259          -2.931          -3.260         -13.270           46.339
   50 (vir)           39.260          -0.400          -3.269         -13.271           48.862
   51 (vir)           42.839         -10.731          -3.253         -10.565           39.421
   52 (vir)           42.843          -4.549          -3.599         -10.568           45.263
   53 (vir)           46.984          -9.138          -3.157         -13.169           47.858
   54 (vir)           46.987         -12.946          -3.527         -13.166           43.680
   55 (vir)           50.607          -2.540          -3.472         -13.791           58.386
   56 (vir)           56.481          -7.934          -2.732         -13.949           59.764
   57 (vir)           66.307          -2.527          -4.156         -12.129           71.752
   58 (vir)           66.326          -2.748          -3.621         -12.129           72.086
   59 (vir)          107.005           2.016          -0.237         -17.419          126.203
   60 (vir)          107.008           4.911           0.834         -17.419          130.172
   61 (vir)          111.191          -0.742          -1.107          -9.927          119.268
   62 (vir)          113.211           0.097          -1.121         -10.077          122.264
   63 (vir)          138.230           0.098          -0.714         -11.162          148.775
   64 (vir)          138.277          -0.545          -0.709         -11.150          148.173
   65 (vir)          140.228          -0.487          -0.665         -11.047          150.124
   66 (vir)          140.228          -0.768          -0.662         -11.047          149.846
   67 (vir)          140.387           0.350          -0.649         -11.136          151.223
   68 (vir)          140.387          -1.433          -0.623         -11.136          149.466
   69 (vir)          256.027          -0.229          -0.844         -13.591          268.546
