 
  kpoint:     0.0000    0.3684    0.0000
 
    n          ϵ_nk^DFT (eV)     Σ^c_nk (eV)     Σ^x_nk (eV)    v_nk^xc (eV)   ϵ_nk^G0W0 (eV)
 
    1 (occ)          -75.360          10.435         -39.694         -24.421          -80.198
    2 (occ)          -40.082           8.217         -32.027         -22.353          -41.539
    3 (occ)          -39.903           9.392         -31.946         -22.475          -39.982
    4 (occ)          -39.871           8.087         -31.970         -22.543          -41.211
    5 (occ)          -14.594           7.469         -21.721         -14.197          -14.648
    6 (occ)          -14.045           7.399         -21.713         -14.282          -14.077
    7 (occ)           -7.503           4.310         -17.472         -13.056           -7.609
    8 (occ)           -6.234           3.691         -17.048         -13.148           -6.443
    9 (occ)           -5.949           3.736         -17.212         -13.349           -6.075
   10 (occ)           -4.703           2.785         -17.636         -14.796           -4.758
   11 (occ)           -3.523           2.746         -16.499         -13.389           -3.887
   12 (occ)           -3.019           2.277         -16.736         -14.291           -3.188
   13 (occ)           -2.705           1.579         -15.661         -14.191           -2.595
   14 (vir)            1.121          -4.097         -11.488         -16.685            2.221
   15 (vir)            1.259          -4.003         -10.452         -15.467            2.271
   16 (vir)            2.297          -4.206          -9.216         -14.544            3.419
   17 (vir)            3.037          -4.679         -10.203         -15.931            4.085
   18 (vir)            4.920          -4.558          -6.513         -12.248            6.096
   19 (vir)            6.380          -4.184          -5.156         -10.331            7.371
   20 (vir)            6.672          -4.373          -5.750         -11.388            7.938
   21 (vir)            9.443          -4.711          -5.389         -11.477           10.820
   22 (vir)            9.609          -4.973          -5.104         -11.045           10.577
   23 (vir)           10.320          -5.518          -6.131         -13.133           11.805
   24 (vir)           10.888          -4.832          -5.208         -11.339           12.186
   25 (vir)           11.557          -4.708          -4.330         -10.461           12.979
   26 (vir)           13.754          -6.134          -5.065         -12.567           15.122
   27 (vir)           13.800          -5.840          -4.563         -11.676           15.073
   28 (vir)           14.408          -6.288          -4.895         -12.449           15.675
   29 (vir)           14.761          -6.306          -5.573         -13.694           16.577
   30 (vir)           16.975          -7.201          -5.751         -14.520           18.544
   31 (vir)           19.085          -5.168          -2.947          -9.074           20.043
   32 (vir)           19.745          -6.291          -3.877         -11.616           21.193
   33 (vir)           20.209          -7.448          -4.321         -12.606           21.045
   34 (vir)           21.825          -7.410          -4.117         -12.758           23.057
   35 (vir)           23.469          -7.407          -4.057         -12.912           24.917
   36 (vir)           24.583          -5.800          -2.922         -10.366           26.227
   37 (vir)           26.020          -4.830          -3.131         -11.228           29.286
   38 (vir)           26.388           0.385          -4.062         -13.077           35.788
   39 (vir)           26.862          -7.429          -3.791         -12.880           28.520
   40 (vir)           26.917          -7.938          -4.089         -13.618           28.509
   41 (vir)           28.014          -1.535          -4.176         -12.954           35.256
   42 (vir)           28.826          -0.774          -3.673         -12.985           37.364
   43 (vir)           30.404          -5.368          -4.056         -13.512           34.492
   44 (vir)           31.052          -4.871          -3.648         -12.789           35.322
   45 (vir)           31.073          -6.675          -3.571         -12.588           33.416
   46 (vir)           31.782          -4.980          -3.709         -13.351           36.444
   47 (vir)           33.675          -0.115          -3.763         -13.693           43.490
   48 (vir)           37.129          -4.764          -3.832         -13.954           42.487
   49 (vir)           37.474          -1.311          -3.743         -13.692           46.113
   50 (vir)           37.635          -5.026          -3.680         -13.980           42.909
   51 (vir)           41.933          -1.629          -3.231         -13.072           50.145
   52 (vir)           43.184          -5.688          -3.602         -14.371           48.265
   53 (vir)           44.880          -2.007          -4.272         -15.485           54.085
   54 (vir)           47.275          -1.488          -2.523         -12.320           55.584
   55 (vir)           59.305          -2.467          -4.065         -15.118           67.891
   56 (vir)           67.078          -0.536          -3.472         -14.024           77.094
   57 (vir)           68.778           0.811          -4.120         -11.744           77.212
   58 (vir)           86.021          -1.032          -3.996         -16.606           97.599
   59 (vir)           96.849          -0.381          -3.457         -17.522          110.534
   60 (vir)          120.806           1.271          -0.917          -9.768          130.928
   61 (vir)          124.380          -1.047          -0.878          -9.733          132.188
   62 (vir)          138.085           0.023          -0.704         -11.085          148.490
   63 (vir)          138.171          -0.503          -0.711         -11.122          148.079
   64 (vir)          138.650          -0.640          -0.710         -11.157          148.456
   65 (vir)          138.729           1.211          -0.711         -11.126          150.356
   66 (vir)          138.876          -2.248          -0.767         -11.170          147.031
   67 (vir)          141.247          -1.218          -0.722         -11.031          150.338
   68 (vir)          192.005          -0.609          -9.877         -18.817          200.336
   69 (vir)          265.765          -2.138          -0.703         -13.529          276.453
