 
  kpoint:     0.3333    0.3333    0.0000
 
    n          ϵ_nk^DFT (eV)     Σ^c_nk (eV)     Σ^x_nk (eV)    v_nk^xc (eV)   ϵ_nk^G0W0 (eV)
 
    1 (occ)          -75.355          10.317         -39.692         -24.425          -80.305
    2 (occ)          -40.052           7.676         -31.980         -22.383          -41.972
    3 (occ)          -40.019           8.248         -32.046         -22.412          -41.404
    4 (occ)          -39.886           8.961         -31.946         -22.493          -40.378
    5 (occ)          -13.856           7.067         -21.815         -14.583          -14.021
    6 (occ)          -13.748           7.417         -21.833         -14.504          -13.660
    7 (occ)           -7.257           4.069         -17.630         -13.477           -7.341
    8 (occ)           -6.860           4.196         -17.427         -13.063           -7.028
    9 (occ)           -5.989           3.420         -16.157         -12.517           -6.210
   10 (occ)           -5.413           3.415         -17.486         -13.798           -5.686
   11 (occ)           -4.757           3.182         -16.447         -12.937           -5.084
   12 (occ)           -3.897           2.867         -17.278         -14.107           -4.201
   13 (occ)           -1.509           0.540         -15.512         -15.223           -1.258
   14 (vir)            0.318          -3.277         -11.893         -16.295            1.442
   15 (vir)            1.845          -4.057          -9.135         -14.306            2.959
   16 (vir)            2.508          -4.689         -10.679         -16.335            3.475
   17 (vir)            3.988          -5.524         -10.325         -16.852            4.991
   18 (vir)            5.134          -4.368          -5.876         -11.418            6.309
   19 (vir)            5.773          -4.556          -7.063         -12.864            7.017
   20 (vir)            9.163          -4.987          -5.850         -12.222           10.548
   21 (vir)            9.582          -4.815          -5.078         -11.341           11.029
   22 (vir)            9.794          -4.886          -5.238         -11.388           11.058
   23 (vir)           10.310          -5.210          -4.368         -10.492           11.224
   24 (vir)           11.501          -6.238          -5.876         -13.402           12.789
   25 (vir)           11.682          -5.973          -5.911         -13.082           12.880
   26 (vir)           12.324          -4.646          -2.862          -8.170           12.986
   27 (vir)           12.960          -6.029          -6.207         -13.530           14.254
   28 (vir)           15.303          -5.565          -4.329         -10.859           16.269
   29 (vir)           16.665          -5.314          -2.987          -9.160           17.524
   30 (vir)           16.849          -6.196          -3.938         -11.079           17.794
   31 (vir)           17.694          -7.417          -5.114         -13.666           18.829
   32 (vir)           17.791          -7.394          -4.719         -13.138           18.815
   33 (vir)           20.916          -4.239          -3.012         -10.022           23.687
   34 (vir)           21.229          -6.414          -4.050         -12.300           23.065
   35 (vir)           22.564          -7.615          -3.778         -12.473           23.644
   36 (vir)           22.905          -7.337          -4.004         -12.845           24.409
   37 (vir)           25.640          -8.078          -4.106         -13.566           27.021
   38 (vir)           25.719          -5.501          -4.048         -13.121           29.291
   39 (vir)           28.161          -5.554          -4.113         -13.875           32.369
   40 (vir)           28.208          -7.286          -3.819         -13.135           30.238
   41 (vir)           28.954          -3.128          -3.852         -12.367           34.339
   42 (vir)           29.100          -8.424          -4.045         -13.932           30.564
   43 (vir)           29.263          -3.005          -2.431         -10.291           34.118
   44 (vir)           31.096          -4.252          -3.958         -13.410           36.296
   45 (vir)           32.026          -1.516          -2.704         -10.507           38.313
   46 (vir)           33.158          -5.249          -3.935         -13.532           37.506
   47 (vir)           34.039          -7.519          -3.959         -14.512           37.073
   48 (vir)           34.891          -3.373          -3.977         -13.834           41.375
   49 (vir)           37.578          -3.370          -3.758         -14.525           44.975
   50 (vir)           39.415          -2.978          -3.363         -13.229           46.303
   51 (vir)           39.501           0.405          -4.053         -14.354           50.207
   52 (vir)           42.775          -3.562          -3.780         -15.006           50.439
   53 (vir)           44.629          -0.141          -2.548         -12.660           54.600
   54 (vir)           47.411           0.838          -1.801         -11.421           57.868
   55 (vir)           53.566          -1.479          -2.432         -12.724           62.379
   56 (vir)           70.451          -1.885          -3.497         -16.091           81.160
   57 (vir)           76.671          -0.197          -3.011         -14.182           87.644
   58 (vir)           83.908          -1.228          -4.010         -16.906           95.577
   59 (vir)           92.394           4.178          -3.660         -17.721          110.633
   60 (vir)          119.144          -4.148          19.407         -12.047          146.449
   61 (vir)          123.169          -1.702          -0.189          -9.515          130.792
   62 (vir)          125.327           1.623          -0.782          -9.519          135.687
   63 (vir)          138.023           0.229          -0.706         -11.074          148.621
   64 (vir)          138.492          -0.580          -0.687         -11.046          148.271
   65 (vir)          138.768          -1.256          -0.686         -11.056          147.882
   66 (vir)          138.906          -1.472          -0.704         -11.167          147.897
   67 (vir)          139.314          -1.381           0.291         -11.153          149.378
   68 (vir)          139.339          -1.398          -0.685         -11.125          148.380
   69 (vir)          270.349          -1.952          -0.576         -13.537          281.357
