 
  kpoint:     0.2982    0.2982    0.0000
 
    n          ϵ_nk^DFT (eV)     Σ^c_nk (eV)     Σ^x_nk (eV)    v_nk^xc (eV)   ϵ_nk^G0W0 (eV)
 
    1 (occ)          -75.356          10.507         -39.692         -24.425          -80.116
    2 (occ)          -40.068           8.835         -32.008         -22.369          -40.871
    3 (occ)          -39.995           7.938         -32.018         -22.434          -41.642
    4 (occ)          -39.887           9.174         -31.946         -22.492          -40.168
    5 (occ)          -13.912           7.041         -21.804         -14.551          -14.124
    6 (occ)          -13.771           7.401         -21.823         -14.485          -13.708
    7 (occ)           -7.170           4.027         -17.601         -13.483           -7.262
    8 (occ)           -7.033           4.205         -17.308         -12.938           -7.198
    9 (occ)           -5.779           3.416         -16.640         -13.004           -5.999
   10 (occ)           -5.340           3.339         -17.095         -13.480           -5.616
   11 (occ)           -4.839           3.198         -16.629         -13.131           -5.139
   12 (occ)           -3.791           2.834         -17.110         -13.956           -4.110
   13 (occ)           -1.677           0.677         -15.576         -15.136           -1.440
   14 (vir)            0.533          -3.410         -11.848         -16.366            1.642
   15 (vir)            1.888          -4.084          -9.203         -14.404            3.005
   16 (vir)            2.335          -4.660         -10.678         -16.326            3.323
   17 (vir)            3.880          -5.408         -10.195         -16.621            4.898
   18 (vir)            5.074          -4.349          -6.165         -11.711            6.272
   19 (vir)            6.047          -4.468          -6.774         -12.584            7.389
   20 (vir)            8.955          -4.567          -5.490         -11.629           10.526
   21 (vir)            9.191          -4.715          -5.307         -11.448           10.617
   22 (vir)            9.846          -5.116          -5.305         -11.618           11.044
   23 (vir)           10.257          -5.357          -4.740         -10.973           11.133
   24 (vir)           11.612          -6.041          -5.927         -13.029           12.673
   25 (vir)           11.646          -6.137          -5.696         -13.083           12.895
   26 (vir)           12.209          -4.048          -3.136          -8.596           13.621
   27 (vir)           13.178          -5.846          -5.928         -13.172           14.576
   28 (vir)           14.902          -6.326          -4.328         -10.879           15.127
   29 (vir)           16.795          -5.036          -3.458          -9.905           18.206
   30 (vir)           17.100          -5.715          -4.005         -11.267           18.647
   31 (vir)           18.033          -7.195          -4.955         -13.490           19.374
   32 (vir)           18.149          -5.518          -4.561         -12.750           20.820
   33 (vir)           20.843          -4.380          -3.218         -10.428           23.674
   34 (vir)           20.969          -6.134          -4.009         -12.101           22.926
   35 (vir)           22.191          -6.750          -3.684         -12.084           23.841
   36 (vir)           22.927          -7.165          -4.039         -12.814           24.537
   37 (vir)           25.632          -4.856          -4.125         -13.271           29.923
   38 (vir)           25.981          -8.335          -4.078         -13.614           27.182
   39 (vir)           27.918          -8.111          -4.134         -13.852           29.525
   40 (vir)           27.962          -4.527          -3.584         -12.455           32.306
   41 (vir)           28.992          -4.727          -3.809         -12.250           32.706
   42 (vir)           29.360          -6.111          -4.085         -13.980           33.145
   43 (vir)           29.502          -3.117          -2.868         -11.285           34.803
   44 (vir)           30.924          -5.544          -3.761         -12.908           34.527
   45 (vir)           32.330          -9.466          -2.644         -10.178           30.398
   46 (vir)           33.441          -1.286          -3.967         -14.118           42.306
   47 (vir)           33.538          -3.911          -4.126         -13.927           39.428
   48 (vir)           35.545          -5.768          -4.011         -14.175           39.941
   49 (vir)           36.847          -7.928          -3.890         -14.279           39.309
   50 (vir)           38.950          -4.182          -3.458         -13.451           44.760
   51 (vir)           39.864          -3.962          -3.815         -13.974           46.061
   52 (vir)           42.924          -3.352          -3.784         -14.991           50.779
   53 (vir)           44.023          -1.929          -3.084         -12.842           51.852
   54 (vir)           47.219           1.867          -2.304         -11.642           58.423
   55 (vir)           52.370           1.442          -2.526         -12.623           63.909
   56 (vir)           69.286          -2.378          -3.735         -15.885           79.057
   57 (vir)           76.377          -0.796          -3.269         -14.257           86.569
   58 (vir)           84.387          -2.236          -3.882         -17.100           95.368
   59 (vir)           92.634          -2.879          -4.372         -17.645          103.029
   60 (vir)          119.577           6.087          -8.429         -12.163          129.398
   61 (vir)          123.141          -3.592          -0.853          -9.609          128.306
   62 (vir)          124.528          -4.081          -0.808          -9.529          129.168
   63 (vir)          138.006           0.113          -0.705         -11.073          148.488
   64 (vir)          138.477          -0.852          -0.694         -11.068          147.998
   65 (vir)          138.860          -1.227          -0.686         -11.058          148.005
   66 (vir)          138.904          -2.064          -0.733         -11.155          147.262
   67 (vir)          139.256           1.513          -0.691         -11.134          151.211
   68 (vir)          139.438          -1.275          -1.110         -11.151          148.205
   69 (vir)          270.734          -1.687          -0.750         -13.549          281.847
