 
  kpoint:     0.0000    0.2895    0.0000
 
    n          ϵ_nk^DFT (eV)     Σ^c_nk (eV)     Σ^x_nk (eV)    v_nk^xc (eV)   ϵ_nk^G0W0 (eV)
 
    1 (occ)          -75.364          10.462         -39.696         -24.418          -80.178
    2 (occ)          -40.012           8.247         -32.004         -22.414          -41.356
    3 (occ)          -39.916           9.044         -31.947         -22.461          -40.358
    4 (occ)          -39.855           8.332         -31.963         -22.556          -40.930
    5 (occ)          -15.091           7.680         -21.696         -13.979          -15.129
    6 (occ)          -14.216           7.616         -21.649         -14.157          -14.092
    7 (occ)           -7.033           4.040         -17.486         -13.365           -7.113
    8 (occ)           -6.084           3.666         -17.044         -13.126           -6.336
    9 (occ)           -5.687           3.305         -17.053         -13.484           -5.952
   10 (occ)           -4.393           2.564         -17.503         -14.884           -4.447
   11 (occ)           -3.338           2.300         -16.996         -14.608           -3.426
   12 (occ)           -3.313           2.648         -16.213         -13.174           -3.705
   13 (occ)           -2.572           1.448         -15.908         -14.614           -2.418
   14 (vir)            0.921          -3.648         -10.109         -14.729            1.893
   15 (vir)            1.012          -3.784         -11.125         -15.936            2.039
   16 (vir)            1.875          -4.124          -9.618         -14.829            2.962
   17 (vir)            2.769          -4.549         -10.283         -15.889            3.825
   18 (vir)            5.542          -4.290          -5.492         -10.908            6.668
   19 (vir)            6.783          -4.589          -5.570         -10.965            7.589
   20 (vir)            7.441          -4.561          -5.747         -11.642            8.774
   21 (vir)            8.976          -4.803          -5.664         -11.742           10.250
   22 (vir)            8.987          -4.091          -3.547          -8.502            9.850
   23 (vir)           10.999          -5.311          -5.899         -12.683           12.471
   24 (vir)           11.134          -5.807          -6.147         -13.453           12.634
   25 (vir)           11.389          -5.227          -5.242         -11.971           12.890
   26 (vir)           12.889          -5.718          -5.128         -12.461           14.505
   27 (vir)           13.181          -6.356          -5.373         -12.897           14.350
   28 (vir)           13.198          -4.907          -4.911         -11.938           15.318
   29 (vir)           13.712          -6.275          -5.817         -13.657           15.276
   30 (vir)           16.828          -7.273          -6.018         -14.800           18.338
   31 (vir)           19.658          -5.108          -3.287          -9.844           21.107
   32 (vir)           20.555          -5.846          -3.809         -11.707           22.606
   33 (vir)           21.032          -5.459          -3.789         -11.576           23.360
   34 (vir)           22.896          -8.207          -4.263         -13.193           23.618
   35 (vir)           22.961          -7.021          -3.936         -12.565           24.569
   36 (vir)           23.992          -5.709          -3.051         -11.125           26.357
   37 (vir)           25.982           0.801          -3.639         -12.439           35.583
   38 (vir)           26.430          -7.449          -3.870         -13.156           28.267
   39 (vir)           26.490          -2.966          -2.759         -10.676           31.440
   40 (vir)           27.978          -4.045          -4.561         -13.767           33.139
   41 (vir)           28.152          -5.129          -3.796         -13.014           32.241
   42 (vir)           28.542          -7.468          -3.397         -12.371           30.049
   43 (vir)           30.545          -5.881          -4.054         -13.688           34.297
   44 (vir)           31.343          -6.675          -3.361         -12.271           33.578
   45 (vir)           31.486          -4.932          -3.610         -13.075           36.018
   46 (vir)           32.422          -2.953          -3.712         -13.181           38.939
   47 (vir)           34.153          -1.095          -3.622         -13.667           43.103
   48 (vir)           37.118          -4.393          -3.849         -13.980           42.856
   49 (vir)           38.135          -2.713          -3.338         -13.334           45.418
   50 (vir)           38.921          -1.962          -3.703         -13.831           47.086
   51 (vir)           41.636          -1.583          -3.654         -14.197           50.596
   52 (vir)           43.284          -2.883          -3.612         -14.445           51.235
   53 (vir)           44.317          -2.092          -4.247         -15.406           53.384
   54 (vir)           47.497          -1.244          -2.958         -13.063           56.358
   55 (vir)           56.380          -1.366          -3.272         -14.388           66.130
   56 (vir)           65.716          -2.772          -2.857         -11.653           71.740
   57 (vir)           68.587           0.493          -3.198         -14.715           80.597
   58 (vir)           91.329          -2.631          -3.557         -16.849          101.990
   59 (vir)           98.130          -1.256          -3.726         -17.543          110.691
   60 (vir)          117.919           1.297          -0.957          -9.821          128.080
   61 (vir)          123.052          -1.837          -0.969          -9.902          130.147
   62 (vir)          138.254           0.574          -0.715         -11.153          149.266
   63 (vir)          138.270          -0.822          -0.704         -11.119          147.863
   64 (vir)          138.733          -0.043          -0.703         -11.122          149.108
   65 (vir)          138.852          -0.730          -0.787         -11.223          148.558
   66 (vir)          139.071          -0.427          -0.692         -11.074          149.026
   67 (vir)          141.243          -1.972          -0.674         -11.040          149.637
   68 (vir)          167.206          -0.813          -3.899         -16.887          179.382
   69 (vir)          263.726          -1.090          -0.678         -13.547          275.505
