 
  kpoint:     0.0000    0.3947    0.0000
 
    n          ϵ_nk^DFT (eV)     Σ^c_nk (eV)     Σ^x_nk (eV)    v_nk^xc (eV)   ϵ_nk^G0W0 (eV)
 
    1 (occ)          -75.359          10.409         -39.693         -24.422          -80.221
    2 (occ)          -40.100           8.196         -32.032         -22.338          -41.599
    3 (occ)          -39.900           8.175         -31.946         -22.479          -41.192
    4 (occ)          -39.876           8.026         -31.972         -22.539          -41.282
    5 (occ)          -14.453           7.437         -21.736         -14.268          -14.484
    6 (occ)          -13.998           7.363         -21.730         -14.319          -14.047
    7 (occ)           -7.659           4.402         -17.449         -12.926           -7.780
    8 (occ)           -6.375           3.771         -17.039         -13.054           -6.589
    9 (occ)           -5.924           3.658         -17.294         -13.475           -6.085
   10 (occ)           -4.778           2.826         -17.670         -14.777           -4.845
   11 (occ)           -3.570           2.765         -16.582         -13.456           -3.931
   12 (occ)           -2.944           2.276         -16.661         -14.193           -3.136
   13 (occ)           -2.657           1.601         -15.578         -14.059           -2.575
   14 (vir)            1.184          -4.202         -11.613         -16.939            2.309
   15 (vir)            1.395          -4.107         -10.585         -15.750            2.453
   16 (vir)            2.403          -4.262          -9.084         -14.442            3.499
   17 (vir)            3.094          -4.719         -10.179         -15.929            4.125
   18 (vir)            4.590          -4.557          -6.671         -12.377            5.739
   19 (vir)            6.371          -4.268          -5.165         -10.409            7.347
   20 (vir)            6.509          -4.346          -5.771         -11.358            7.750
   21 (vir)            9.217          -4.565          -5.155         -11.053           10.549
   22 (vir)            9.713          -5.114          -5.725         -12.024           10.897
   23 (vir)           10.040          -5.437          -6.094         -12.984           11.493
   24 (vir)           11.157          -4.402          -5.002         -11.092           12.845
   25 (vir)           11.680          -4.638          -3.889          -9.832           12.984
   26 (vir)           14.052          -6.269          -5.083         -12.652           15.353
   27 (vir)           14.087          -5.987          -4.483         -11.607           15.224
   28 (vir)           14.912          -6.434          -4.698         -12.278           16.058
   29 (vir)           15.154          -6.389          -5.520         -13.749           16.994
   30 (vir)           16.958          -7.224          -5.618         -14.367           18.482
   31 (vir)           18.771          -2.537          -3.017          -9.247           22.464
   32 (vir)           19.433          -6.418          -3.905         -11.663           20.772
   33 (vir)           20.017          -3.702          -4.340         -12.668           24.644
   34 (vir)           21.541          -7.378          -4.075         -12.631           22.718
   35 (vir)           23.667          -7.081          -4.186         -13.138           25.538
   36 (vir)           24.223          -5.485          -2.908         -10.389           26.218
   37 (vir)           25.921          -4.671          -3.274         -11.478           29.454
   38 (vir)           26.284           0.320          -4.016         -13.111           35.699
   39 (vir)           26.438          -8.902          -3.826         -12.868           26.578
   40 (vir)           27.269          -7.826          -3.999         -13.540           28.985
   41 (vir)           28.062          -1.681          -3.761         -12.583           35.203
   42 (vir)           29.224          -3.422          -3.586         -12.972           35.189
   43 (vir)           30.697          -4.171          -3.571         -12.611           35.566
   44 (vir)           30.750          -5.647          -4.021         -13.573           34.654
   45 (vir)           31.062          -5.284          -3.604         -12.776           34.950
   46 (vir)           31.995          -4.952          -3.715         -13.403           36.732
   47 (vir)           33.510          -0.739          -3.622         -13.673           42.822
   48 (vir)           36.901          -1.686          -3.620         -13.649           45.244
   49 (vir)           37.085          -4.876          -3.829         -13.934           42.313
   50 (vir)           37.360          -4.565          -3.774         -14.200           43.221
   51 (vir)           42.582           1.610          -3.066         -12.753           53.878
   52 (vir)           43.161          -5.159          -3.555         -14.341           48.788
   53 (vir)           44.870          -1.996          -4.268         -15.487           54.093
   54 (vir)           46.954          -1.431          -2.386         -12.183           55.320
   55 (vir)           60.614          -2.134          -3.909         -15.259           69.831
   56 (vir)           65.727           1.178          -3.117         -13.683           77.472
   57 (vir)           69.177          -2.113          -2.719         -11.732           76.077
   58 (vir)           84.010          -0.748          -3.869         -16.514           95.906
   59 (vir)           96.447          -0.200          -3.477         -17.508          110.278
   60 (vir)          121.671          -0.264          -0.887          -9.724          130.245
   61 (vir)          124.542          -0.066          -0.827          -9.680          133.330
   62 (vir)          138.022          -0.089          -0.705         -11.081          148.309
   63 (vir)          138.116          -0.076          -0.708         -11.105          148.437
   64 (vir)          138.634           0.189          -0.709         -11.161          149.275
   65 (vir)          138.660           0.228          -0.711         -11.151          149.328
   66 (vir)          138.831          -1.753          -0.845         -11.173          147.406
   67 (vir)          141.195          -1.157          -0.670         -11.027          150.396
   68 (vir)          195.840          -0.962         -28.848         -19.258          185.288
   69 (vir)          266.213          -1.230          -0.674         -13.523          277.832
