 
  kpoint:     0.0000    0.4737    0.0000
 
    n          ϵ_nk^DFT (eV)     Σ^c_nk (eV)     Σ^x_nk (eV)    v_nk^xc (eV)   ϵ_nk^G0W0 (eV)
 
    1 (occ)          -75.358          10.510         -39.693         -24.424          -80.117
    2 (occ)          -40.132           8.281         -32.045         -22.311          -41.585
    3 (occ)          -39.894           9.596         -31.944         -22.485          -39.758
    4 (occ)          -39.883           8.305         -31.976         -22.533          -41.021
    5 (occ)          -14.186           7.438         -21.781         -14.416          -14.114
    6 (occ)          -13.912           7.334         -21.768         -14.389          -13.957
    7 (occ)           -7.957           4.546         -17.388         -12.671           -8.127
    8 (occ)           -6.625           3.911         -17.018         -12.883           -6.849
    9 (occ)           -5.925           3.592         -17.447         -13.707           -6.073
   10 (occ)           -4.904           2.906         -17.728         -14.744           -4.982
   11 (occ)           -3.646           2.794         -16.734         -13.581           -4.006
   12 (occ)           -2.823           2.278         -16.521         -14.010           -3.056
   13 (occ)           -2.457           1.625         -15.441         -13.831           -2.442
   14 (vir)            1.342          -4.416         -11.879         -17.470            2.518
   15 (vir)            1.759          -4.485         -11.093         -16.668            2.848
   16 (vir)            2.575          -4.308          -8.815         -14.220            3.672
   17 (vir)            3.181          -4.706         -10.134         -15.914            4.256
   18 (vir)            3.766          -4.397          -6.556         -12.026            4.839
   19 (vir)            6.265          -4.343          -5.840         -11.350            7.433
   20 (vir)            6.497          -4.682          -5.493         -11.095            7.417
   21 (vir)            8.565          -4.049          -4.510          -9.782            9.787
   22 (vir)            9.501          -5.119          -5.992         -12.641           11.032
   23 (vir)            9.776          -5.363          -6.687         -13.491           11.216
   24 (vir)           11.915          -5.235          -4.770         -10.789           12.699
   25 (vir)           12.116          -4.657          -3.366          -9.184           13.277
   26 (vir)           14.553          -5.994          -4.128         -10.958           15.389
   27 (vir)           14.720          -6.307          -5.232         -12.937           16.118
   28 (vir)           15.999          -6.834          -5.440         -13.920           17.645
   29 (vir)           16.211          -6.727          -4.169         -11.618           16.934
   30 (vir)           16.802          -7.075          -5.234         -13.924           18.417
   31 (vir)           18.312          -5.507          -3.454         -10.187           19.538
   32 (vir)           18.564          -6.947          -4.198         -12.071           19.490
   33 (vir)           19.526          -6.411          -4.297         -12.637           21.455
   34 (vir)           20.988          -7.441          -3.982         -12.349           21.914
   35 (vir)           23.125          -4.252          -3.024         -10.298           26.147
   36 (vir)           23.806          -5.856          -4.580         -13.699           27.068
   37 (vir)           25.607          -7.031          -3.931         -12.861           27.506
   38 (vir)           25.771          -7.455          -3.635         -12.084           26.765
   39 (vir)           26.169          -7.717          -4.227         -13.208           27.433
   40 (vir)           28.211          -3.867          -3.445         -11.550           32.450
   41 (vir)           28.304          -8.434          -4.033         -13.895           29.732
   42 (vir)           29.924          -5.561          -3.137         -11.809           33.035
   43 (vir)           30.063          -7.146          -3.371         -12.176           31.721
   44 (vir)           31.198          -6.770          -3.956         -13.758           34.230
   45 (vir)           31.863          -5.987          -4.166         -14.031           35.741
   46 (vir)           32.547          -5.974          -3.758         -13.493           36.307
   47 (vir)           33.266           1.508          -3.446         -13.356           44.684
   48 (vir)           35.430          -8.962          -3.747         -13.659           36.380
   49 (vir)           36.571          -5.725          -3.997         -14.523           41.372
   50 (vir)           36.890          -4.907          -3.854         -13.873           42.002
   51 (vir)           43.122          -1.192          -3.507         -14.276           52.699
   52 (vir)           44.662          -2.002          -4.266         -15.472           53.865
   53 (vir)           45.400          -5.812          -2.809         -12.532           49.311
   54 (vir)           46.084           1.804          -2.452         -11.956           57.391
   55 (vir)           60.978          -3.620          -3.039         -12.632           66.951
   56 (vir)           64.154          -2.918          -3.779         -15.494           72.952
   57 (vir)           69.424          -0.496          -1.695         -11.675           78.908
   58 (vir)           78.952          -2.663          -4.064         -16.279           88.504
   59 (vir)           95.685          -1.990          -4.101         -17.480          107.074
   60 (vir)          123.255           7.658          -0.826          -9.589          139.675
   61 (vir)          124.675          -0.818          -0.827          -9.587          132.616
   62 (vir)          137.895           0.037          -0.707         -11.076          148.301
   63 (vir)          137.958          -0.251          -0.706         -11.088          148.089
   64 (vir)          138.596           5.565          -0.719         -11.185          154.628
   65 (vir)          138.598          -0.435          -0.709         -11.167          148.622
   66 (vir)          138.726          -2.116          -1.017         -11.186          146.780
   67 (vir)          141.047          -1.205          -0.633         -11.020          150.228
   68 (vir)          199.877           0.273         -60.236         -19.993          159.907
   69 (vir)          266.867          -0.782          -0.664         -13.513          278.935
