 
  kpoint:     0.0000    0.2105    0.0000
 
    n          ϵ_nk^DFT (eV)     Σ^c_nk (eV)     Σ^x_nk (eV)    v_nk^xc (eV)   ϵ_nk^G0W0 (eV)
 
    1 (occ)          -75.368          12.775         -39.697         -24.415          -77.875
    2 (occ)          -39.932           8.283         -31.980         -22.484          -41.146
    3 (occ)          -39.931           9.151         -31.950         -22.446          -40.284
    4 (occ)          -39.835           8.258         -31.955         -22.572          -40.961
    5 (occ)          -15.589           7.866         -21.705         -13.793          -15.635
    6 (occ)          -14.394           7.603         -21.599         -14.039          -14.352
    7 (occ)           -7.124           4.151         -17.297         -12.999           -7.271
    8 (occ)           -5.734           3.406         -17.248         -13.782           -5.793
    9 (occ)           -5.046           3.012         -16.978         -13.758           -5.254
   10 (occ)           -3.984           2.307         -17.351         -15.017           -4.011
   11 (occ)           -3.733           2.383         -17.236         -14.843           -3.743
   12 (occ)           -3.049           2.521         -16.027         -13.123           -3.432
   13 (occ)           -2.118           1.232         -15.958         -14.874           -1.970
   14 (vir)            0.791          -3.447          -9.894         -14.275            1.725
   15 (vir)            1.086          -3.611         -10.855         -15.419            2.039
   16 (vir)            1.446          -3.974          -9.954         -15.029            2.547
   17 (vir)            2.348          -4.344         -10.345         -15.727            3.385
   18 (vir)            5.490          -4.257          -5.331         -10.503            6.405
   19 (vir)            7.194          -4.376          -5.254         -10.667            8.231
   20 (vir)            7.893          -4.270          -5.548         -11.321            9.396
   21 (vir)            8.192          -4.129          -3.857          -8.769            8.976
   22 (vir)            8.628          -4.519          -5.141         -10.995            9.963
   23 (vir)           10.599          -5.193          -5.379         -12.065           12.092
   24 (vir)           11.000          -5.734          -6.021         -13.301           12.546
   25 (vir)           11.417          -5.842          -6.445         -13.657           12.788
   26 (vir)           12.269          -5.678          -5.365         -12.613           13.839
   27 (vir)           13.309          -6.245          -5.678         -13.283           14.669
   28 (vir)           13.631          -5.756          -5.399         -12.699           15.174
   29 (vir)           13.775          -6.250          -6.109         -14.000           15.416
   30 (vir)           16.445          -7.377          -6.083         -14.800           17.785
   31 (vir)           19.464          -4.921          -3.563         -10.491           21.471
   32 (vir)           20.919          -6.940          -4.227         -12.594           22.347
   33 (vir)           21.392          -6.232          -3.642         -11.329           22.845
   34 (vir)           22.363          -6.402          -3.408         -10.995           23.548
   35 (vir)           23.558          -6.741          -4.052         -12.796           25.561
   36 (vir)           24.177          -7.554          -4.430         -13.688           25.880
   37 (vir)           25.022          -5.728          -3.505         -11.700           27.489
   38 (vir)           25.622          -6.913          -3.490         -12.090           27.309
   39 (vir)           27.270          -0.763          -2.702         -10.578           34.384
   40 (vir)           28.518          -0.928          -4.474         -13.707           36.823
   41 (vir)           28.839          -4.142          -4.019         -13.270           33.949
   42 (vir)           29.577          -7.204          -3.356         -12.027           31.045
   43 (vir)           31.765          -0.279          -3.852         -13.857           41.491
   44 (vir)           32.268          -2.599          -3.269         -12.703           39.103
   45 (vir)           32.649          -4.870          -3.412         -12.385           36.752
   46 (vir)           34.082          -0.383          -3.636         -13.229           43.292
   47 (vir)           34.424           0.740          -3.598         -13.634           45.201
   48 (vir)           37.011          -3.697          -3.805         -13.923           43.432
   49 (vir)           38.544           0.152          -3.373         -13.221           48.544
   50 (vir)           39.564          -1.607          -3.442         -13.764           48.279
   51 (vir)           42.664          -8.557          -3.772         -14.682           45.017
   52 (vir)           42.783          -1.781          -4.172         -15.157           51.986
   53 (vir)           43.436          -0.503          -3.609         -14.427           53.751
   54 (vir)           46.066          -0.854          -3.440         -13.855           55.628
   55 (vir)           55.689           3.785          -3.053         -13.722           70.143
   56 (vir)           60.006          12.068          -3.370         -11.365           80.070
   57 (vir)           67.305          -1.368          -3.938         -14.969           76.967
   58 (vir)           95.693          -0.143          -4.280         -17.045          108.314
   59 (vir)           97.964           2.835          -4.479         -17.148          113.468
   60 (vir)          115.455           1.300          -1.000          -9.814          125.570
   61 (vir)          120.403          -1.810          -1.064         -10.030          127.560
   62 (vir)          126.921           0.940         -13.739         -14.782          128.904
   63 (vir)          138.302          -0.050          -0.712         -11.156          148.695
   64 (vir)          138.325          -0.045          -0.711         -11.157          148.726
   65 (vir)          139.023          -0.522          -0.693         -11.078          148.886
   66 (vir)          139.399           2.434          -0.688         -11.067          152.213
   67 (vir)          140.830           5.694          -2.015         -11.447          155.956
   68 (vir)          140.951          -1.107          -0.679         -11.043          150.209
   69 (vir)          261.202          -3.955          -0.752         -13.559          270.055
