 
  kpoint:     0.2807    0.2807    0.0000
 
    n          ϵ_nk^DFT (eV)     Σ^c_nk (eV)     Σ^x_nk (eV)    v_nk^xc (eV)   ϵ_nk^G0W0 (eV)
 
    1 (occ)          -75.356          10.510         -39.692         -24.425          -80.114
    2 (occ)          -40.074           8.698         -32.014         -22.363          -41.027
    3 (occ)          -39.977           7.718         -32.009         -22.449          -41.819
    4 (occ)          -39.889          10.166         -31.946         -22.490          -39.179
    5 (occ)          -13.987           7.194         -21.789         -14.507          -14.076
    6 (occ)          -13.802           7.408         -21.809         -14.461          -13.741
    7 (occ)           -7.134           4.216         -17.297         -12.925           -7.290
    8 (occ)           -7.058           3.924         -17.569         -13.497           -7.206
    9 (occ)           -5.669           3.474         -17.092         -13.403           -5.885
   10 (occ)           -5.215           3.185         -16.622         -13.151           -5.501
   11 (occ)           -4.919           3.208         -16.769         -13.281           -5.199
   12 (occ)           -3.677           2.800         -16.978         -13.851           -4.003
   13 (occ)           -1.837           0.821         -15.678         -15.079           -1.615
   14 (vir)            0.723          -3.509         -11.710         -16.304            1.808
   15 (vir)            1.918          -4.113          -9.287         -14.522            3.040
   16 (vir)            2.140          -4.625         -10.745         -16.401            3.170
   17 (vir)            3.774          -5.279         -10.074         -16.400            4.821
   18 (vir)            5.129          -4.349          -6.290         -11.863            6.353
   19 (vir)            6.260          -4.263          -6.580         -12.367            7.784
   20 (vir)            8.742          -4.685          -5.217         -11.177           10.018
   21 (vir)            8.899          -4.635          -5.386         -11.471           10.349
   22 (vir)            9.839          -5.141          -5.367         -11.710           11.041
   23 (vir)           10.278          -5.942          -5.001         -11.346           10.681
   24 (vir)           11.478          -6.047          -6.006         -13.065           12.490
   25 (vir)           11.663          -5.869          -5.431         -12.561           12.924
   26 (vir)           12.120          -4.320          -3.375          -9.047           13.473
   27 (vir)           13.383          -5.978          -5.881         -13.185           14.709
   28 (vir)           14.503          -5.318          -4.364         -10.911           15.732
   29 (vir)           16.840          -5.341          -3.832         -10.681           18.349
   30 (vir)           17.399          -6.207          -4.053         -11.520           18.659
   31 (vir)           18.419          -6.684          -4.633         -12.977           20.079
   32 (vir)           18.580          -5.780          -4.502         -12.644           20.942
   33 (vir)           20.717          -6.543          -3.958         -11.909           22.126
   34 (vir)           20.784          -2.394          -3.524         -11.128           25.993
   35 (vir)           21.830          -3.678          -3.434         -11.376           26.094
   36 (vir)           22.936          -7.211          -4.068         -12.776           24.433
   37 (vir)           25.534          -4.581          -4.179         -13.398           30.172
   38 (vir)           26.316          -8.739          -4.083         -13.745           27.239
   39 (vir)           27.810          -5.853          -3.402         -11.963           30.519
   40 (vir)           27.884          -6.891          -4.111         -13.795           30.677
   41 (vir)           29.014          -6.959          -3.708         -12.167           30.513
   42 (vir)           29.547          -6.468          -4.088         -13.998           32.989
   43 (vir)           29.661          -3.247          -3.154         -12.020           35.279
   44 (vir)           30.491          -5.955          -3.661         -12.637           33.512
   45 (vir)           32.776          -0.145          -2.449          -9.786           39.968
   46 (vir)           33.014          -0.516          -3.963         -13.954           42.488
   47 (vir)           34.063          -5.938          -4.210         -14.167           38.082
   48 (vir)           36.062          -5.600          -3.854         -13.974           40.582
   49 (vir)           36.067          -2.411          -3.997         -14.275           43.935
   50 (vir)           38.641          -5.807          -3.569         -13.668           42.932
   51 (vir)           39.964          -2.660          -3.568         -13.449           47.184
   52 (vir)           43.102          -6.178          -3.771         -14.955           48.108
   53 (vir)           43.505          -2.121          -3.285         -13.256           51.355
   54 (vir)           47.126          -0.394          -2.792         -11.882           55.822
   55 (vir)           50.967           2.005          -2.548         -12.522           62.946
   56 (vir)           68.051          -2.170          -3.697         -15.674           77.858
   57 (vir)           76.111          -0.332          -3.452         -14.358           86.685
   58 (vir)           84.798          -2.664          -3.724         -17.242           95.652
   59 (vir)           92.945          -2.466          -4.510         -17.572          103.541
   60 (vir)          119.542           4.043         -13.569         -12.280          122.295
   61 (vir)          123.245          -1.693          -1.013          -9.766          130.306
   62 (vir)          123.634          -4.115          -0.827          -9.551          128.242
   63 (vir)          138.001          -0.123          -0.705         -11.072          148.245
   64 (vir)          138.481          -0.853          -0.699         -11.084          148.014
   65 (vir)          138.922          -1.786          -0.770         -11.144          147.510
   66 (vir)          138.959          -1.400          -0.684         -11.060          147.935
   67 (vir)          139.164          -0.484          -0.694         -11.142          149.128
   68 (vir)          139.510          -1.078          -1.411         -11.155          148.176
   69 (vir)          271.242          -1.544          -1.001         -13.566          282.263
