 
  kpoint:     0.0000    0.1579    0.0000
 
    n          ϵ_nk^DFT (eV)     Σ^c_nk (eV)     Σ^x_nk (eV)    v_nk^xc (eV)   ϵ_nk^G0W0 (eV)
 
    1 (occ)          -75.371          12.804         -39.698         -24.413          -77.852
    2 (occ)          -39.940           9.192         -31.950         -22.436          -40.262
    3 (occ)          -39.882           8.219         -31.965         -22.528          -41.100
    4 (occ)          -39.824           8.089         -31.951         -22.582          -41.103
    5 (occ)          -15.869           7.955         -21.719         -13.699          -15.935
    6 (occ)          -14.496           7.554         -21.574         -13.976          -14.540
    7 (occ)           -7.396           4.307         -17.300         -12.839           -7.550
    8 (occ)           -5.267           3.109         -17.327         -14.217           -5.268
    9 (occ)           -4.613           2.824         -16.831         -13.797           -4.823
   10 (occ)           -3.982           2.470         -17.362         -14.931           -3.943
   11 (occ)           -3.690           2.128         -17.260         -15.128           -3.694
   12 (occ)           -2.922           2.390         -16.069         -13.328           -3.273
   13 (occ)           -1.829           1.096         -15.828         -14.870           -1.692
   14 (vir)            0.892          -3.429          -9.931         -14.282            1.814
   15 (vir)            1.211          -3.592         -10.731         -15.232            2.120
   16 (vir)            1.275          -3.899         -10.097         -15.091            2.370
   17 (vir)            2.014          -4.138         -10.365         -15.554            3.066
   18 (vir)            5.078          -4.372          -5.913         -11.198            5.990
   19 (vir)            6.730          -3.704          -4.229          -8.886            7.683
   20 (vir)            7.852          -3.962          -3.353          -7.892            8.429
   21 (vir)            8.114          -4.594          -5.723         -11.772            9.568
   22 (vir)            9.027          -4.843          -5.715         -12.102           10.571
   23 (vir)           10.318          -4.924          -5.401         -11.986           11.979
   24 (vir)           10.443          -5.401          -6.039         -13.150           12.153
   25 (vir)           11.527          -5.799          -6.653         -13.967           13.043
   26 (vir)           12.039          -5.990          -5.546         -12.829           13.331
   27 (vir)           13.911          -6.530          -5.650         -13.487           15.218
   28 (vir)           14.257          -6.067          -5.602         -13.243           15.830
   29 (vir)           14.341          -6.411          -6.140         -14.222           16.011
   30 (vir)           16.140          -7.469          -6.048         -14.705           17.329
   31 (vir)           19.401          -4.686          -3.743         -10.782           21.754
   32 (vir)           20.322          -7.043          -4.286         -12.724           21.717
   33 (vir)           21.113          -6.473          -3.579         -11.076           22.136
   34 (vir)           21.813          -7.303          -3.687         -11.688           22.511
   35 (vir)           24.168          -3.903          -4.254         -13.436           29.447
   36 (vir)           24.970          -6.897          -4.526         -13.974           27.521
   37 (vir)           25.074          -2.796          -3.198         -11.336           30.417
   38 (vir)           25.732          -6.552          -2.915         -10.867           27.131
   39 (vir)           27.960           2.358          -2.693         -10.770           38.394
   40 (vir)           29.087          -6.700          -4.118         -13.398           31.667
   41 (vir)           29.089          -3.037          -4.368         -13.612           35.296
   42 (vir)           30.258          -8.476          -3.224         -11.881           30.440
   43 (vir)           32.722           0.133          -3.657         -13.849           43.047
   44 (vir)           33.240          -4.246          -3.216         -12.652           38.432
   45 (vir)           33.923          -9.191          -3.248         -12.553           34.037
   46 (vir)           34.633          -1.127          -3.420         -13.596           43.681
   47 (vir)           35.313          -2.433          -3.337         -13.057           42.600
   48 (vir)           36.998          -4.110          -3.758         -13.816           42.947
   49 (vir)           38.877          -0.762          -3.300         -13.221           48.036
   50 (vir)           39.543           1.347          -3.226         -13.580           51.245
   51 (vir)           41.434           0.735          -4.064         -14.852           52.957
   52 (vir)           43.541           1.922          -3.351         -14.280           56.392
   53 (vir)           43.547          -3.674          -3.733         -14.799           50.939
   54 (vir)           44.916          -0.666          -3.472         -13.838           54.616
   55 (vir)           55.593          -0.162          -0.611         -11.192           66.013
   56 (vir)           56.105          -1.003          -3.002         -13.718           65.818
   57 (vir)           65.836           2.183          -3.628         -14.974           79.365
   58 (vir)           91.571          -0.536           2.310         -14.899          108.244
   59 (vir)           98.310          -2.841          -3.430         -17.149          109.189
   60 (vir)          110.651          -2.397           0.348         -16.060          124.662
   61 (vir)          114.144           1.755          -1.010          -9.812          124.701
   62 (vir)          118.371          -1.906          -1.126         -10.103          125.442
   63 (vir)          138.310           0.098          -0.713         -11.163          148.858
   64 (vir)          138.327          -0.616          -0.710         -11.156          148.157
   65 (vir)          139.334           1.065          -0.681         -11.066          150.783
   66 (vir)          139.638          -0.635          -0.683         -11.073          149.393
   67 (vir)          140.275          -0.335          -0.581         -11.157          150.517
   68 (vir)          140.688          -0.713          -0.623         -11.044          150.395
   69 (vir)          259.639          -2.308          -0.770         -13.564          270.124
