 
  kpoint:     0.1053    0.1053    0.0000
 
    n          ϵ_nk^DFT (eV)     Σ^c_nk (eV)     Σ^x_nk (eV)    v_nk^xc (eV)   ϵ_nk^G0W0 (eV)
 
    1 (occ)          -75.369          11.594         -39.698         -24.414          -79.059
    2 (occ)          -39.936           8.960         -31.949         -22.441          -40.484
    3 (occ)          -39.901           8.173         -31.971         -22.511          -41.188
    4 (occ)          -39.832           7.931         -31.954         -22.575          -41.280
    5 (occ)          -15.746           7.945         -21.712         -13.740          -15.772
    6 (occ)          -14.450           7.558         -21.584         -14.003          -14.474
    7 (occ)           -7.257           4.220         -17.275         -12.891           -7.422
    8 (occ)           -5.480           3.228         -17.311         -14.067           -5.496
    9 (occ)           -4.718           2.880         -16.876         -13.777           -4.936
   10 (occ)           -4.076           2.359         -17.181         -14.774           -4.125
   11 (occ)           -3.909           2.465         -17.273         -14.815           -3.902
   12 (occ)           -2.781           2.354         -16.191         -13.496           -3.123
   13 (occ)           -1.934           1.142         -15.943         -14.951           -1.784
   14 (vir)            0.783          -3.387         -10.002         -14.288            1.683
   15 (vir)            1.148          -3.639         -10.600         -15.177            2.086
   16 (vir)            1.201          -3.932         -10.083         -15.136            2.321
   17 (vir)            2.270          -4.287         -10.302         -15.613            3.294
   18 (vir)            5.422          -4.441          -5.708         -10.978            6.251
   19 (vir)            6.997          -3.790          -4.440          -9.315            8.082
   20 (vir)            7.862          -4.477          -5.886         -11.929            9.428
   21 (vir)            8.021          -3.987          -3.226          -7.758            8.567
   22 (vir)            9.283          -4.923          -5.804         -12.223           10.778
   23 (vir)            9.935          -4.983          -5.504         -12.117           11.566
   24 (vir)           10.649          -5.841          -6.271         -13.487           12.024
   25 (vir)           11.590          -5.700          -6.323         -13.537           13.103
   26 (vir)           11.791          -5.290          -5.154         -12.107           13.453
   27 (vir)           13.503          -6.267          -5.911         -13.608           14.934
   28 (vir)           14.029          -6.480          -5.811         -13.807           15.546
   29 (vir)           14.482          -6.342          -5.703         -13.417           15.854
   30 (vir)           16.226          -7.008          -6.065         -14.712           17.866
   31 (vir)           19.414          -4.898          -3.865         -10.987           21.638
   32 (vir)           20.713          -6.988          -4.306         -12.835           22.253
   33 (vir)           21.278          -5.171          -3.540         -11.104           23.671
   34 (vir)           21.914          -5.210          -3.453         -11.132           24.383
   35 (vir)           24.030          -5.713          -4.090         -13.181           27.408
   36 (vir)           24.570          -8.223          -4.479         -13.679           25.547
   37 (vir)           24.954          -0.308          -3.482         -11.526           32.690
   38 (vir)           25.611          -4.390          -3.084         -11.338           29.474
   39 (vir)           27.165          -5.060          -2.846         -10.914           30.173
   40 (vir)           27.965          -6.131          -4.120         -13.211           30.925
   41 (vir)           29.635          -4.573          -4.116         -13.477           34.423
   42 (vir)           30.450          -1.731          -3.222         -12.128           37.625
   43 (vir)           32.355          -8.753          -3.683         -13.714           33.634
   44 (vir)           32.676          -3.937          -3.342         -12.677           38.075
   45 (vir)           32.836          -3.296          -3.785         -13.813           39.568
   46 (vir)           34.484         -11.072          -3.388         -13.052           33.076
   47 (vir)           36.031          -5.448          -2.992         -12.401           39.992
   48 (vir)           37.170          -3.582          -3.799         -13.912           43.703
   49 (vir)           38.040          -7.560          -3.084         -13.044           40.439
   50 (vir)           39.909          -2.790          -3.468         -13.915           47.566
   51 (vir)           41.815          -7.602          -3.976         -14.778           45.015
   52 (vir)           42.728          -2.377          -3.196         -13.714           50.868
   53 (vir)           43.183          -8.515          -3.696         -14.785           45.757
   54 (vir)           46.273          -1.242          -3.676         -13.681           55.035
   55 (vir)           50.911         -10.637          -0.962         -11.929           51.241
   56 (vir)           55.326          -1.906          -2.998         -13.583           64.005
   57 (vir)           70.677          -5.631          -3.080         -15.060           77.027
   58 (vir)           90.952          11.184          -5.641         -15.376          111.871
   59 (vir)           98.024          -2.224          -3.209         -16.947          109.537
   60 (vir)          111.082          -2.240          -5.201         -15.643          119.284
   61 (vir)          115.200          -0.509          -0.986          -9.843          123.548
   62 (vir)          120.168          -1.478          -1.428         -10.453          127.716
   63 (vir)          138.331          -0.267          -0.712         -11.163          148.515
   64 (vir)          138.334          -4.706          -0.721         -11.161          144.069
   65 (vir)          139.301           2.922          -0.681         -11.072          152.613
   66 (vir)          139.577          -1.968          -0.699         -11.090          148.000
   67 (vir)          139.797          -0.746          -0.692         -11.090          149.448
   68 (vir)          140.305          -1.509          -0.632         -11.035          149.200
   69 (vir)          262.413          -2.537          -0.796         -13.600          272.680
