 
  kpoint:     0.0000    0.2368    0.0000
 
    n          ϵ_nk^DFT (eV)     Σ^c_nk (eV)     Σ^x_nk (eV)    v_nk^xc (eV)   ϵ_nk^G0W0 (eV)
 
    1 (occ)          -75.367          10.773         -39.697         -24.416          -79.874
    2 (occ)          -39.959           8.368         -31.988         -22.460          -41.118
    3 (occ)          -39.926           9.279         -31.949         -22.451          -40.145
    4 (occ)          -39.842           8.335         -31.958         -22.567          -40.898
    5 (occ)          -15.430           7.800         -21.699         -13.850          -15.480
    6 (occ)          -14.337           7.627         -21.613         -14.076          -14.247
    7 (occ)           -7.018           4.074         -17.341         -13.134           -7.150
    8 (occ)           -5.927           3.560         -17.181         -13.530           -6.019
    9 (occ)           -5.263           3.116         -17.018         -13.686           -5.479
   10 (occ)           -4.128           2.394         -17.401         -14.968           -4.167
   11 (occ)           -3.600           2.344         -17.162         -14.778           -3.639
   12 (occ)           -3.135           2.571         -16.063         -13.103           -3.524
   13 (occ)           -2.282           1.307         -15.971         -14.817           -2.130
   14 (vir)            0.801          -3.491          -9.941         -14.377            1.745
   15 (vir)            1.042          -3.650         -10.933         -15.558            2.018
   16 (vir)            1.575          -4.007          -9.857         -14.975            2.686
   17 (vir)            2.503          -4.431         -10.328         -15.795            3.539
   18 (vir)            5.576          -4.259          -5.225         -10.414            6.506
   19 (vir)            7.165          -4.646          -5.555         -11.117            8.081
   20 (vir)            8.107          -4.726          -5.617         -11.600            9.365
   21 (vir)            8.144          -5.158          -5.529         -11.348            8.805
   22 (vir)            8.556          -4.014          -3.375          -8.123            9.290
   23 (vir)           10.925          -5.304          -5.358         -12.119           12.382
   24 (vir)           11.191          -5.835          -6.044         -13.384           12.696
   25 (vir)           11.316          -5.724          -6.280         -13.390           12.701
   26 (vir)           12.440          -4.851          -5.279         -12.535           14.846
   27 (vir)           13.113          -6.114          -5.626         -13.179           14.551
   28 (vir)           13.381          -5.577          -5.263         -12.429           14.970
   29 (vir)           13.593          -6.240          -6.042         -13.865           15.176
   30 (vir)           16.590          -7.246          -6.081         -14.825           18.088
   31 (vir)           19.549          -5.274          -3.483         -10.329           21.120
   32 (vir)           20.901          -6.634          -4.034         -12.164           22.397
   33 (vir)           21.407          -5.671          -3.669         -11.392           23.459
   34 (vir)           22.860           0.610          -3.284         -11.134           31.320
   35 (vir)           23.251          -6.829          -3.933         -12.522           25.010
   36 (vir)           23.743          -7.832          -4.374         -13.521           25.059
   37 (vir)           25.250          -6.177          -3.607         -12.013           27.477
   38 (vir)           25.854          -6.453          -3.650         -12.555           28.306
   39 (vir)           26.973          -1.720          -2.713         -10.559           33.098
   40 (vir)           28.293          -3.808          -4.521         -13.765           33.730
   41 (vir)           28.691          -3.973          -3.942         -13.196           33.971
   42 (vir)           29.217          -3.002          -3.345         -12.108           34.978
   43 (vir)           31.315           1.588          -3.922         -13.829           42.809
   44 (vir)           31.877          -3.801          -3.364         -12.803           37.515
   45 (vir)           32.092          -1.594          -3.366         -12.310           39.442
   46 (vir)           33.505          -1.489          -3.706         -13.255           41.565
   47 (vir)           34.348          -1.398          -3.628         -13.644           42.967
   48 (vir)           37.044          -4.179          -3.824         -13.954           42.995
   49 (vir)           38.393          -0.696          -3.333         -13.227           47.591
   50 (vir)           39.450          -1.476          -3.548         -13.816           48.243
   51 (vir)           42.259          -8.313          -3.759         -14.578           44.765
   52 (vir)           43.380          -2.048          -3.651         -14.451           52.132
   53 (vir)           43.384          -2.157          -4.202         -15.263           52.287
   54 (vir)           46.691           1.621          -3.159         -13.677           58.829
   55 (vir)           55.685           0.985          -3.110         -13.855           67.414
   56 (vir)           62.112           3.323          -4.149         -11.473           72.758
   57 (vir)           67.912           0.493          -3.612         -14.921           79.714
   58 (vir)           94.297           0.685          -4.172         -16.984          107.795
   59 (vir)           98.474          -0.031          -4.234         -17.418          111.628
   60 (vir)          116.202           0.158          -0.986          -9.818          125.192
   61 (vir)          121.384          -0.334          -1.013          -9.992          130.029
   62 (vir)          136.271           2.590          -9.324         -12.971          142.507
   63 (vir)          138.286           0.440          -0.714         -11.156          149.168
   64 (vir)          138.323          -0.416          -0.709         -11.148          148.347
   65 (vir)          138.899          -0.887          -0.696         -11.089          148.405
   66 (vir)          139.293           0.533          -0.686         -11.067          150.207
   67 (vir)          141.072          -1.493          -0.705         -11.042          149.916
   68 (vir)          144.154          -0.031         -13.367         -13.732          144.488
   69 (vir)          262.044          -1.585          -0.718         -13.556          273.296
