 
  kpoint:     0.2281    0.2281    0.0000
 
    n          ϵ_nk^DFT (eV)     Σ^c_nk (eV)     Σ^x_nk (eV)    v_nk^xc (eV)   ϵ_nk^G0W0 (eV)
 
    1 (occ)          -75.359          10.594         -39.693         -24.423          -80.035
    2 (occ)          -40.064           8.680         -32.017         -22.370          -41.031
    3 (occ)          -39.924           8.245         -31.986         -22.496          -41.169
    4 (occ)          -39.898           8.855         -31.947         -22.481          -40.510
    5 (occ)          -14.399           7.559         -21.732         -14.286          -14.287
    6 (occ)          -13.959           7.594         -21.741         -14.339          -13.768
    7 (occ)           -7.156           4.201         -17.388         -13.137           -7.206
    8 (occ)           -6.466           3.634         -17.409         -13.602           -6.640
    9 (occ)           -5.754           3.580         -17.251         -13.404           -6.021
   10 (occ)           -5.106           3.192         -17.082         -13.660           -5.337
   11 (occ)           -4.508           2.843         -16.272         -13.263           -4.674
   12 (occ)           -3.267           2.658         -16.661         -13.653           -3.617
   13 (occ)           -2.251           1.250         -16.130         -15.065           -2.066
   14 (vir)            0.848          -3.451         -10.435         -14.854            1.816
   15 (vir)            1.636          -4.633         -11.549         -17.319            2.773
   16 (vir)            1.853          -4.189          -9.631         -14.965            2.998
   17 (vir)            3.459          -4.920          -9.840         -15.846            4.545
   18 (vir)            5.670          -4.684          -6.439         -12.184            6.731
   19 (vir)            6.850          -4.290          -5.249         -10.580            7.891
   20 (vir)            8.251          -4.524          -5.479         -11.404            9.652
   21 (vir)            8.362          -4.963          -5.596         -11.726            9.529
   22 (vir)            9.581          -4.890          -4.978         -11.021           10.734
   23 (vir)           10.436          -5.629          -5.669         -12.448           11.586
   24 (vir)           11.002          -5.456          -6.116         -13.016           12.446
   25 (vir)           11.084          -4.872          -4.313         -10.351           12.251
   26 (vir)           12.006          -5.041          -4.867         -11.629           13.727
   27 (vir)           13.207          -5.070          -4.481         -10.970           14.625
   28 (vir)           14.012          -6.319          -5.850         -13.527           15.370
   29 (vir)           16.360          -6.697          -4.784         -12.720           17.598
   30 (vir)           18.131          -6.869          -4.784         -13.324           19.801
   31 (vir)           19.466          -5.238          -3.515         -10.634           21.346
   32 (vir)           20.072          -5.452          -3.963         -11.878           22.535
   33 (vir)           20.096          -7.189          -4.433         -12.819           21.294
   34 (vir)           20.738          -6.627          -3.837         -11.921           22.195
   35 (vir)           21.850          -4.920          -2.840          -9.864           23.954
   36 (vir)           23.054          -7.236          -4.087         -12.675           24.405
   37 (vir)           25.328          -5.591          -4.186         -13.446           28.997
   38 (vir)           26.433          -6.761          -3.811         -13.112           28.973
   39 (vir)           28.186          -2.563          -3.452         -12.513           34.685
   40 (vir)           28.494          -4.239          -3.322         -11.620           32.553
   41 (vir)           28.700          -4.985          -3.996         -13.425           33.143
   42 (vir)           28.923          -6.354          -3.502         -12.792           31.859
   43 (vir)           29.554          -5.078          -4.016         -13.214           33.674
   44 (vir)           30.273          -5.199          -4.103         -14.143           35.114
   45 (vir)           32.362          -5.836          -3.600         -12.879           35.805
   46 (vir)           32.822          -5.101          -3.824         -13.429           37.327
   47 (vir)           35.593          -4.209          -2.129          -9.384           38.639
   48 (vir)           35.709          -3.345          -4.248         -14.309           42.426
   49 (vir)           37.732          -4.877          -3.802         -14.260           43.313
   50 (vir)           37.849          -1.455          -3.381         -13.215           46.229
   51 (vir)           39.116          -1.164          -3.024         -12.998           47.925
   52 (vir)           43.121          -2.165          -4.049         -14.993           51.900
   53 (vir)           43.675          -7.245          -3.499         -14.118           47.050
   54 (vir)           46.232           0.540          -2.896         -13.036           56.912
   55 (vir)           48.158          -1.978          -1.776         -12.358           56.761
   56 (vir)           62.799          -3.444          -3.427         -14.811           70.739
   57 (vir)           75.414          -0.520          -3.191         -14.794           86.497
   58 (vir)           86.585          -1.035          -4.206         -17.275           98.619
   59 (vir)           94.145          -3.353          -2.472         -17.332          105.652
   60 (vir)          117.122          -1.788          17.934         -13.716          146.984
   61 (vir)          120.633           2.330          -0.889          -9.695          131.769
   62 (vir)          123.334          -2.031          -0.670          -9.924          130.557
   63 (vir)          138.106          -0.228          -0.702         -11.070          148.245
   64 (vir)          138.616          -2.629          -0.691         -11.146          146.442
   65 (vir)          138.835          -0.459          -0.704         -11.166          148.838
   66 (vir)          138.959          -1.853          -0.366         -11.111          147.851
   67 (vir)          139.328          -2.687          -0.679         -11.052          147.015
   68 (vir)          139.425          -1.888          -0.173         -11.149          148.513
   69 (vir)          273.030          -2.697           0.710         -13.658          284.701
