 &plot nbnd=  40, nks=   128 /
            0.000000  0.000000  0.000000
  -60.260  -34.397  -34.189  -34.189  -13.449  -12.150   -4.967   -1.975   -1.975   -1.140
   -0.873   -0.873    0.624    3.384    3.384    3.627    3.627    5.949    6.470    6.872
    7.995    9.631   10.121   11.381   11.381   11.767   13.388   13.388   13.657   15.423
   16.607   16.607   16.766   16.814   16.814   16.858   19.763   20.334   22.177   22.618
            0.006796  0.011771  0.000000
  -60.260  -34.397  -34.190  -34.190  -13.447  -12.149   -4.964   -1.980   -1.973   -1.163
   -0.876   -0.853    0.623    3.380    3.387    3.621    3.625    5.953    6.473    6.881
    7.998    9.641   10.123   11.367   11.388   11.778   13.369   13.389   13.655   15.423
   16.591   16.611   16.732   16.807   16.851   16.885   19.769   20.355   22.179   22.604
            0.013592  0.023542  0.000000
  -60.259  -34.397  -34.192  -34.190  -13.441  -12.147   -4.957   -1.995   -1.967   -1.218
   -0.887   -0.806    0.621    3.370    3.399    3.601    3.617    5.965    6.481    6.909
    8.008    9.670   10.131   11.329   11.407   11.808   13.314   13.391   13.649   15.424
   16.547   16.620   16.683   16.784   16.906   16.960   19.789   20.417   22.188   22.563
            0.020388  0.035313  0.000000
  -60.259  -34.396  -34.194  -34.191  -13.430  -12.142   -4.945   -2.019   -1.956   -1.289
   -0.904   -0.750    0.616    3.353    3.418    3.570    3.605    5.985    6.494    6.955
    8.023    9.719   10.143   11.275   11.440   11.850   13.227   13.394   13.639   15.425
   16.484   16.633   16.634   16.745   16.968   17.077   19.822   20.517   22.201   22.500
            0.027184  0.047084  0.000000
  -60.259  -34.395  -34.198  -34.191  -13.416  -12.136   -4.929   -2.051   -1.941   -1.367
   -0.929   -0.692    0.609    3.331    3.444    3.528    3.588    6.011    6.513    7.018
    8.045    9.785   10.160   11.211   11.484   11.898   13.116   13.398   13.624   15.424
   16.409   16.582   16.651   16.693   17.035   17.231   19.869   20.649   22.220   22.419
            0.033980  0.058854  0.000000
  -60.258  -34.395  -34.202  -34.192  -13.398  -12.129   -4.908   -2.093   -1.922   -1.449
   -0.961   -0.635    0.600    3.305    3.478    3.478    3.567    6.044    6.537    7.098
    8.073    9.866   10.183   11.141   11.539   11.949   12.985   13.403   13.604   15.418
   16.329   16.526   16.629   16.670   17.109   17.415   19.928   20.807   22.243   22.325
            0.040776  0.070625  0.000000
  -60.258  -34.393  -34.208  -34.194  -13.375  -12.120   -4.882   -2.142   -1.899   -1.533
   -1.000   -0.582    0.589    3.276    3.421    3.518    3.541    6.082    6.566    7.192
    8.108    9.960   10.213   11.067   11.603   12.002   12.842   13.408   13.579   15.405
   16.253   16.457   16.563   16.693   17.190   17.625   19.999   20.986   22.220   22.270
            0.047571  0.082396  0.000000
  -60.257  -34.392  -34.214  -34.195  -13.349  -12.109   -4.852   -2.198   -1.872   -1.618
   -1.047   -0.532    0.574    3.245    3.359    3.512    3.564    6.125    6.600    7.300
    8.150   10.061   10.251   10.992   11.675   12.057   12.691   13.413   13.548   15.380
   16.189   16.365   16.505   16.719   17.277   17.854   20.082   21.178   22.104   22.296
            0.054367  0.094167  0.000000
  -60.257  -34.391  -34.221  -34.197  -13.319  -12.096   -4.819   -2.260   -1.841   -1.703
   -1.101   -0.487    0.555    3.214    3.294    3.478    3.617    6.172    6.640    7.419
    8.200   10.158   10.306   10.916   11.751   12.114   12.538   13.417   13.513   15.343
   16.144   16.248   16.459   16.747   17.373   18.099   20.174   21.374   21.977   22.292
            0.061163  0.105938  0.000000
  -60.256  -34.389  -34.229  -34.199  -13.285  -12.083   -4.782   -2.328   -1.807   -1.788
   -1.162   -0.447    0.533    3.185    3.228    3.442    3.675    6.223    6.684    7.547
    8.258   10.235   10.391   10.840   11.829   12.174   12.387   13.419   13.476   15.294
   16.110   16.120   16.419   16.779   17.477   18.356   20.271   21.558   21.836   22.099
            0.067959  0.117709  0.000000
  -60.255  -34.387  -34.238  -34.201  -13.248  -12.067   -4.742   -2.399   -1.872   -1.769
   -1.231   -0.411    0.507    3.158    3.162    3.403    3.738    6.279    6.734    7.680
    8.325   10.293   10.500   10.765   11.905   12.237   12.242   13.418   13.439   15.237
   15.954   16.117   16.386   16.815   17.588   18.623   20.367   21.679   21.679   21.821
            0.074755  0.129480  0.000000
  -60.254  -34.385  -34.248  -34.204  -13.207  -12.050   -4.699   -2.474   -1.955   -1.729
   -1.307   -0.381    0.475    3.097    3.134    3.362    3.805    6.339    6.788    7.815
    8.405   10.341   10.617   10.692   11.974   12.108   12.301   13.409   13.413   15.179
   15.784   16.132   16.356   16.853   17.707   18.896   20.446   21.492   21.497   21.691
            0.081551  0.141251  0.000000
  -60.253  -34.383  -34.258  -34.206  -13.163  -12.032   -4.653   -2.551   -2.037   -1.686
   -1.390   -0.355    0.439    3.035    3.115    3.320    3.876    6.402    6.847    7.947
    8.500   10.387   10.620   10.729   11.992   12.035   12.364   13.390   13.402   15.128
   15.601   16.161   16.330   16.894   17.834   19.172   20.482   21.207   21.251   21.494
            0.088347  0.153021  0.000000
  -60.252  -34.381  -34.268  -34.209  -13.116  -12.013   -4.606   -2.630   -2.116   -1.642
   -1.479   -0.334    0.398    2.976    3.100    3.278    3.950    6.470    6.910    8.074
    8.612   10.431   10.551   10.824   11.904   12.083   12.422   13.385   13.390   15.090
   15.407   16.199   16.307   16.939   17.968   19.448   20.438   20.929   20.954   21.310
            0.095143  0.164792  0.000000
  -60.251  -34.379  -34.280  -34.213  -13.065  -11.992   -4.558   -2.708   -2.194   -1.596
   -1.574   -0.318    0.352    2.921    3.091    3.237    4.026    6.542    6.978    8.192
    8.741   10.471   10.482   10.891   11.853   12.117   12.469   13.362   13.416   15.068
   15.207   16.243   16.288   16.987   18.110   19.715   20.304   20.649   20.669   21.042
            0.101939  0.176563  0.000000
  -60.249  -34.377  -34.291  -34.216  -13.012  -11.970   -4.510   -2.785   -2.269   -1.673
   -1.549   -0.307    0.302    2.869    3.087    3.199    4.104    6.618    7.050    8.301
    8.886   10.416   10.505   10.923   11.848   12.134   12.505   13.332   13.469   15.003
   15.064   16.272   16.292   17.040   18.258   19.939   20.104   20.345   20.457   20.772
            0.108735  0.188334  0.000000
  -60.248  -34.374  -34.303  -34.220  -12.956  -11.947   -4.463   -2.859   -2.343   -1.776
   -1.503   -0.300    0.249    2.820    3.088    3.164    4.182    6.698    7.127    8.403
    9.043   10.351   10.528   10.927   11.887   12.135   12.532   13.298   13.543   14.802
   15.080   16.259   16.341   17.097   18.413   19.867   19.972   20.046   20.384   20.563
            0.115531  0.200105  0.000000
  -60.247  -34.371  -34.315  -34.224  -12.897  -11.922   -4.418   -2.929   -2.415   -1.881
   -1.459   -0.297    0.192    2.775    3.095    3.134    4.260    6.782    7.208    8.501
    9.208   10.289   10.531   10.921   11.956   12.120   12.554   13.262   13.624   14.617
   15.113   16.250   16.389   17.161   18.574   19.611   19.752   19.801   20.181   20.700
            0.122327  0.211876  0.000000
  -60.246  -34.369  -34.327  -34.228  -12.836  -11.897   -4.376   -2.994   -2.486   -1.988
   -1.417   -0.299    0.134    2.733    3.107    3.110    4.338    6.869    7.292    8.596
    9.374   10.230   10.511   10.923   12.044   12.093   12.573   13.226   13.683   14.473
   15.160   16.246   16.433   17.231   18.739   19.345   19.465   19.595   19.918   20.945
            0.129122  0.223647  0.000000
  -60.244  -34.366  -34.339  -34.232  -12.773  -11.871   -4.339   -3.052   -2.558   -2.093
   -1.379   -0.306    0.076    2.693    3.093    3.125    4.415    6.961    7.381    8.690
    9.531   10.180   10.469   10.938   12.061   12.140   12.587   13.191   13.674   14.414
   15.216   16.246   16.473   17.308   18.906   19.076   19.188   19.392   19.657   20.765
            0.135918  0.235418  0.000000
  -60.243  -34.363  -34.352  -34.237  -12.708  -11.845   -4.308   -3.101   -2.630   -2.195
   -1.348   -0.316    0.020    2.657    3.082    3.147    4.489    7.057    7.473    8.785
    9.662   10.154   10.413   10.966   12.029   12.238   12.591   13.161   13.580   14.460
   15.276   16.253   16.509   17.392   18.807   18.894   19.099   19.200   19.406   20.528
            0.142714  0.247188  0.000000
  -60.241  -34.364  -34.361  -34.242  -12.642  -11.817   -4.285   -3.139   -2.706   -2.291
   -1.325   -0.331   -0.032    2.625    3.077    3.173    4.561    7.156    7.568    8.881
    9.732   10.181   10.352   11.001   12.001   12.337   12.578   13.136   13.439   14.575
   15.330   16.266   16.543   17.481   18.542   18.631   19.014   19.177   19.269   20.283
            0.149510  0.258959  0.000000
  -60.240  -34.376  -34.358  -34.247  -12.574  -11.789   -4.272   -3.166   -2.788   -2.378
   -1.311   -0.350   -0.078    2.598    3.077    3.203    4.629    7.259    7.666    8.978
    9.726   10.276   10.293   11.039   11.983   12.434   12.539   13.117   13.297   14.723
   15.370   16.286   16.579   17.572   18.282   18.368   18.815   18.995   19.444   20.035
            0.156306  0.270730  0.000000
  -60.239  -34.387  -34.355  -34.252  -12.505  -11.761   -4.268   -3.181   -2.877   -2.453
   -1.310   -0.373   -0.116    2.578    3.082    3.237    4.694    7.364    7.767    9.076
    9.671   10.238   10.407   11.079   11.976   12.462   12.531   13.105   13.180   14.885
   15.386   16.314   16.621   17.654   18.029   18.110   18.597   18.874   19.600   19.800
            0.163102  0.282501  0.000000
  -60.237  -34.399  -34.352  -34.258  -12.436  -11.732   -4.273   -3.185   -2.974   -2.515
   -1.323   -0.399   -0.145    2.565    3.091    3.273    4.754    7.473    7.871    9.176
    9.593   10.190   10.544   11.120   11.984   12.346   12.628   13.098   13.101   15.051
   15.373   16.349   16.671   17.717   17.786   17.861   18.378   18.811   19.516   19.733
            0.169898  0.294272  0.000000
  -60.236  -34.410  -34.349  -34.264  -12.365  -11.703   -4.286   -3.179   -3.078   -2.566
   -1.349   -0.430   -0.164    2.560    3.102    3.312    4.810    7.585    7.978    9.275
    9.505   10.151   10.674   11.162   12.007   12.206   12.725   13.054   13.096   15.214
   15.328   16.387   16.728   17.554   17.625   17.744   18.169   18.808   19.282   19.584
            0.176694  0.306043  0.000000
  -60.235  -34.420  -34.347  -34.270  -12.295  -11.673   -4.306   -3.185   -3.164   -2.605
   -1.388   -0.464   -0.173    2.564    3.115    3.353    4.862    7.698    8.086    9.360
    9.425   10.122   10.785   11.205   12.014   12.092   12.823   13.027   13.099   15.252
   15.368   16.419   16.784   17.328   17.418   17.728   17.979   18.867   19.049   19.380
            0.183490  0.317814  0.000000
  -60.233  -34.430  -34.344  -34.276  -12.225  -11.644   -4.330   -3.296   -3.144   -2.635
   -1.439   -0.501   -0.174    2.577    3.129    3.395    4.908    7.812    8.197    9.297
    9.488   10.103   10.866   11.251   11.901   12.131   12.917   13.011   13.111   15.152
   15.506   16.426   16.825   17.104   17.264   17.667   17.823   18.822   18.977   19.178
            0.190286  0.329585  0.000000
  -60.232  -34.440  -34.341  -34.282  -12.155  -11.615   -4.356   -3.407   -3.120   -2.657
   -1.501   -0.542   -0.167    2.599    3.142    3.437    4.950    7.926    8.309    9.198
    9.585   10.096   10.907   11.299   11.797   12.212   12.995   13.001   13.143   15.031
   15.620   16.386   16.830   16.886   17.184   17.572   17.717   18.607   18.987   19.120
            0.197082  0.341355  0.000000
  -60.231  -34.448  -34.339  -34.289  -12.086  -11.586   -4.382   -3.517   -3.094   -2.671
   -1.572   -0.585   -0.154    2.629    3.156    3.479    4.988    8.037    8.423    9.098
    9.679   10.100   10.901   11.351   11.736   12.313   12.994   13.036   13.215   14.895
   15.695   16.299   16.685   16.782   17.170   17.465   17.661   18.405   18.816   19.279
            0.203878  0.353126  0.000000
  -60.229  -34.457  -34.337  -34.295  -12.019  -11.558   -4.408   -3.626   -3.068   -2.679
   -1.650   -0.632   -0.135    2.666    3.170    3.521    5.022    8.142    8.537    9.005
    9.765   10.116   10.857   11.408   11.720   12.427   12.992   13.050   13.316   14.750
   15.708   16.186   16.525   16.682   17.187   17.350   17.651   18.218   18.675   19.435
            0.210673  0.364897  0.000000
  -60.228  -34.464  -34.334  -34.302  -11.952  -11.530   -4.430   -3.733   -3.043   -2.681
   -1.733   -0.681   -0.111    2.707    3.185    3.560    5.053    8.234    8.652    8.924
    9.835   10.144   10.800   11.469   11.739   12.551   12.994   13.052   13.429   14.597
   15.640   16.046   16.447   16.548   17.193   17.224   17.673   18.049   18.582   19.565
            0.217469  0.376668  0.000000
  -60.227  -34.470  -34.332  -34.309  -11.888  -11.502   -4.449   -3.836   -3.021   -2.677
   -1.821   -0.733   -0.083    2.749    3.203    3.597    5.081    8.301    8.768    8.868
    9.881   10.184   10.757   11.535   11.776   12.676   13.006   13.048   13.546   14.442
   15.511   15.874   16.397   16.449   17.090   17.162   17.708   17.892   18.551   19.645
            0.224265  0.388439  0.000000
  -60.226  -34.476  -34.330  -34.317  -11.826  -11.476   -4.464   -3.936   -3.002   -2.668
   -1.912   -0.786   -0.050    2.785    3.228    3.631    5.107    8.326    8.849    8.884
    9.896   10.236   10.750   11.606   11.825   12.788   13.038   13.040   13.664   14.287
   15.352   15.685   16.242   16.484   16.950   17.093   17.740   17.744   18.581   19.665
            0.231061  0.400210  0.000000
  -60.225  -34.481  -34.328  -34.324  -11.767  -11.450   -4.473   -4.031   -2.987   -2.654
   -2.005   -0.842   -0.013    2.810    3.264    3.661    5.133    8.305    8.868    8.999
    9.886   10.300   10.785   11.680   11.879   12.866   13.028   13.112   13.779   14.137
   15.183   15.492   16.089   16.511   16.806   17.008   17.609   17.762   18.655   19.634
            0.237857  0.411981  0.000000
  -60.224  -34.485  -34.331  -34.326  -11.710  -11.426   -4.476   -4.122   -2.976   -2.635
   -2.100   -0.899    0.028    2.819    3.315    3.687    5.158    8.253    8.904    9.113
    9.868   10.375   10.856   11.756   11.937   12.905   13.012   13.226   13.876   14.005
   15.012   15.300   15.941   16.498   16.661   16.929   17.499   17.768   18.749   19.572
            0.244653  0.423752  0.000000
  -60.223  -34.488  -34.339  -34.324  -11.657  -11.402   -4.473   -4.207   -2.970   -2.612
   -2.196   -0.957    0.072    2.812    3.379    3.708    5.183    8.186    8.931    9.226
    9.864   10.462   10.952   11.833   11.997   12.925   12.993   13.361   13.830   14.015
   14.847   15.112   15.804   16.431   16.516   16.858   17.434   17.755   18.844   19.492
            0.251449  0.435522  0.000000
  -60.222  -34.490  -34.347  -34.322  -11.607  -11.380   -4.462   -4.287   -2.969   -2.585
   -2.292   -1.015    0.121    2.789    3.453    3.724    5.209    8.115    8.934    9.337
    9.891   10.560   11.064   11.907   12.059   12.938   12.969   13.502   13.713   14.095
   14.689   14.929   15.680   16.324   16.373   16.771   17.428   17.725   18.925   19.403
            0.258245  0.447293  0.000000
  -60.222  -34.492  -34.354  -34.321  -11.561  -11.360   -4.444   -4.362   -2.973   -2.555
   -2.387   -1.074    0.172    2.754    3.535    3.735    5.236    8.044    8.909    9.446
    9.952   10.667   11.186   11.976   12.123   12.939   12.945   13.610   13.644   14.161
   14.543   14.751   15.574   16.200   16.234   16.658   17.472   17.680   18.983   19.310
            0.265041  0.459064  0.000000
  -60.221  -34.492  -34.362  -34.320  -11.519  -11.340   -4.430   -4.419   -2.982   -2.522
   -2.480   -1.132    0.225    2.710    3.621    3.740    5.265    7.978    8.859    9.552
   10.043   10.784   11.314   12.035   12.188   12.901   12.948   13.532   13.780   14.199
   14.411   14.580   15.486   16.071   16.103   16.528   17.545   17.625   19.014   19.212
            0.271837  0.470835  0.000000
  -60.220  -34.492  -34.370  -34.318  -11.481  -11.323   -4.492   -4.387   -2.998   -2.569
   -2.487   -1.190    0.280    2.659    3.706    3.742    5.293    7.918    8.795    9.655
   10.154   10.908   11.446   12.080   12.253   12.853   12.946   13.486   13.901   14.204
   14.305   14.417   15.417   15.945   15.984   16.391   17.568   17.630   19.021   19.112
            0.278633  0.482606  0.000000
  -60.220  -34.491  -34.377  -34.317  -11.447  -11.307   -4.548   -4.347   -3.023   -2.651
   -2.450   -1.246    0.336    2.604    3.739    3.790    5.323    7.867    8.721    9.754
   10.278   11.038   11.579   12.110   12.316   12.795   12.941   13.478   13.970   14.175
   14.253   14.269   15.358   15.824   15.881   16.253   17.516   17.716   19.009   19.009
            0.285429  0.494377  0.000000
  -60.219  -34.489  -34.385  -34.316  -11.417  -11.293   -4.597   -4.300   -3.058   -2.722
   -2.412   -1.300    0.390    2.546    3.734    3.869    5.352    7.827    8.644    9.847
   10.408   11.171   11.711   12.125   12.373   12.732   12.936   13.502   13.943   14.118
   14.119   14.318   15.296   15.711   15.801   16.117   17.477   17.797   18.905   18.989
            0.292224  0.506148  0.000000
  -60.219  -34.486  -34.393  -34.316  -11.392  -11.281   -4.640   -4.247   -3.106   -2.781
   -2.375   -1.351    0.441    2.489    3.726    3.941    5.379    7.798    8.565    9.933
   10.539   11.306   11.839   12.127   12.420   12.667   12.940   13.551   13.864   13.990
   14.042   14.429   15.221   15.604   15.742   15.984   17.459   17.865   18.803   18.970
            0.299020  0.517919  0.000000
  -60.219  -34.483  -34.400  -34.315  -11.371  -11.271   -4.676   -4.188   -3.165   -2.826
   -2.339   -1.397    0.489    2.436    3.717    4.005    5.405    7.781    8.488   10.011
   10.664   11.436   11.959   12.125   12.451   12.605   12.958   13.608   13.771   13.877
   13.966   14.554   15.132   15.505   15.699   15.857   17.466   17.918   18.704   18.957
            0.305816  0.529689  0.000000
  -60.218  -34.479  -34.407  -34.314  -11.354  -11.263   -4.705   -4.126   -3.231   -2.860
   -2.306   -1.438    0.531    2.388    3.707    4.058    5.428    7.778    8.413   10.078
   10.779   11.555   12.066   12.125   12.471   12.548   12.993   13.635   13.681   13.778
   13.926   14.682   15.035   15.412   15.664   15.736   17.497   17.953   18.614   18.906
            0.312612  0.541460  0.000000
  -60.218  -34.475  -34.413  -34.314  -11.341  -11.256   -4.728   -4.063   -3.299   -2.884
   -2.278   -1.472    0.565    2.347    3.699    4.101    5.448    7.786    8.342   10.132
   10.877   11.655   12.137   12.149   12.491   12.501   13.037   13.594   13.604   13.687
   13.958   14.810   14.936   15.327   15.621   15.631   17.548   17.972   18.540   18.801
            0.319408  0.553231  0.000000
  -60.218  -34.471  -34.419  -34.314  -11.333  -11.252   -4.744   -4.005   -3.361   -2.901
   -2.256   -1.498    0.590    2.317    3.691    4.131    5.462    7.804    8.279   10.171
   10.952   11.726   12.163   12.198   12.466   12.523   13.082   13.519   13.550   13.605
   14.030   14.848   14.933   15.253   15.513   15.601   17.605   17.979   18.490   18.705
            0.326204  0.565002  0.000000
  -60.218  -34.468  -34.423  -34.314  -11.327  -11.249   -4.754   -3.962   -3.407   -2.913
   -2.243   -1.514    0.606    2.298    3.686    4.150    5.472    7.825    8.232   10.195
   10.999   11.766   12.193   12.219   12.444   12.558   13.122   13.454   13.506   13.552
   14.094   14.783   15.039   15.206   15.414   15.577   17.652   17.979   18.481   18.616
            0.333000  0.576773  0.000000
  -60.218  -34.467  -34.425  -34.313  -11.325  -11.248   -4.757   -3.943   -3.425   -2.917
   -2.238   -1.520    0.611    2.291    3.684    4.156    5.475    7.836    8.211   10.203
   11.016   11.779   12.209   12.225   12.436   12.573   13.146   13.425   13.475   13.539
   14.122   14.757   15.081   15.212   15.350   15.567   17.671   17.978   18.520   18.540
            0.338759  0.566839  0.000000
  -60.218  -34.468  -34.423  -34.314  -11.327  -11.249   -4.755   -3.956   -3.413   -2.913
   -2.241   -1.516    0.608    2.296    3.686    4.152    5.473    7.826    8.227   10.198
   11.005   11.771   12.192   12.221   12.445   12.563   13.121   13.447   13.496   13.554
   14.103   14.772   15.074   15.171   15.410   15.576   17.659   17.979   18.466   18.617
            0.344517  0.556904  0.000000
  -60.218  -34.470  -34.420  -34.314  -11.330  -11.250   -4.748   -3.990   -3.383   -2.900
   -2.250   -1.506    0.598    2.308    3.690    4.140    5.465    7.798    8.273   10.184
   10.975   11.749   12.137   12.209   12.475   12.542   13.055   13.502   13.510   13.638
   14.056   14.805   15.072   15.098   15.523   15.607   17.628   17.983   18.412   18.735
            0.350276  0.546970  0.000000
  -60.218  -34.474  -34.416  -34.314  -11.335  -11.253   -4.738   -4.038   -3.345   -2.875
   -2.264   -1.490    0.583    2.328    3.699    4.121    5.453    7.757    8.343   10.163
   10.930   11.715   12.049   12.184   12.516   12.526   12.965   13.487   13.606   13.774
   13.994   14.841   15.019   15.083   15.655   15.662   17.586   17.989   18.364   18.878
            0.356034  0.537035  0.000000
  -60.218  -34.478  -34.410  -34.314  -11.342  -11.257   -4.724   -4.095   -3.310   -2.834
   -2.282   -1.471    0.563    2.355    3.711    4.097    5.435    7.709    8.430   10.136
   10.872   11.667   11.940   12.144   12.490   12.594   12.861   13.465   13.728   13.924
   13.937   14.869   14.943   15.103   15.745   15.802   17.538   17.996   18.323   18.956
            0.361793  0.527101  0.000000
  -60.218  -34.483  -34.403  -34.314  -11.350  -11.262   -4.707   -4.156   -3.282   -2.776
   -2.302   -1.448    0.540    2.386    3.728    4.067    5.413    7.657    8.530   10.105
   10.804   11.599   11.828   12.090   12.460   12.673   12.752   13.442   13.852   13.870
   14.116   14.869   14.887   15.131   15.850   15.962   17.489   18.001   18.288   18.953
            0.367552  0.517166  0.000000
  -60.218  -34.488  -34.396  -34.315  -11.360  -11.267   -4.686   -4.220   -3.264   -2.700
   -2.325   -1.424    0.515    2.422    3.749    4.032    5.385    7.603    8.640   10.071
   10.729   11.500   11.731   12.025   12.419   12.644   12.760   13.421   13.788   14.020
   14.306   14.800   14.897   15.165   15.974   16.135   17.442   18.002   18.261   18.951
            0.373310  0.507232  0.000000
  -60.219  -34.493  -34.389  -34.315  -11.371  -11.274   -4.663   -4.285   -3.254   -2.609
   -2.348   -1.399    0.489    2.460    3.775    3.994    5.353    7.548    8.759   10.035
   10.649   11.368   11.656   11.950   12.356   12.553   12.847   13.404   13.731   14.182
   14.496   14.745   14.900   15.205   16.111   16.319   17.399   17.997   18.242   18.950
            0.379069  0.497298  0.000000
  -60.219  -34.498  -34.381  -34.315  -11.383  -11.280   -4.636   -4.350   -3.252   -2.507
   -2.371   -1.375    0.462    2.501    3.805    3.952    5.316    7.493    8.884    9.999
   10.564   11.215   11.596   11.865   12.265   12.484   12.930   13.391   13.689   14.349
   14.607   14.777   14.901   15.252   16.253   16.514   17.364   17.984   18.230   18.947
            0.384828  0.487363  0.000000
  -60.219  -34.503  -34.374  -34.316  -11.395  -11.288   -4.608   -4.414   -3.254   -2.397
   -2.394   -1.351    0.436    2.542    3.841    3.908    5.276    7.439    9.015    9.963
   10.475   11.050   11.544   11.772   12.161   12.431   12.999   13.382   13.670   14.518
   14.575   14.903   14.955   15.311   16.395   16.719   17.341   17.963   18.226   18.938
            0.390586  0.477429  0.000000
  -60.219  -34.508  -34.366  -34.316  -11.409  -11.296   -4.578   -4.476   -3.260   -2.416
   -2.280   -1.328    0.410    2.583    3.863    3.881    5.232    7.386    9.149    9.926
   10.384   10.879   11.496   11.670   12.058   12.382   13.044   13.376   13.682   14.522
   14.684   14.912   15.140   15.398   16.528   16.932   17.338   17.935   18.230   18.921
            0.396345  0.467494  0.000000
  -60.220  -34.513  -34.358  -34.317  -11.422  -11.304   -4.547   -4.537   -3.269   -2.437
   -2.160   -1.307    0.386    2.624    3.816    3.926    5.184    7.334    9.284    9.891
   10.292   10.705   11.451   11.560   11.963   12.335   13.061   13.370   13.728   14.468
   14.815   14.959   15.279   15.546   16.641   17.152   17.363   17.899   18.243   18.894
            0.402103  0.457560  0.000000
  -60.220  -34.517  -34.351  -34.317  -11.436  -11.312   -4.596   -4.514   -3.279   -2.456
   -2.035   -1.288    0.362    2.663    3.770    3.976    5.135    7.283    9.419    9.857
   10.201   10.531   11.408   11.445   11.878   12.289   13.053   13.363   13.803   14.414
   14.862   15.095   15.372   15.752   16.724   17.378   17.424   17.858   18.265   18.856
            0.407862  0.447626  0.000000
  -60.220  -34.521  -34.343  -34.318  -11.450  -11.320   -4.652   -4.480   -3.290   -2.473
   -1.909   -1.272    0.340    2.701    3.723    4.031    5.083    7.234    9.547    9.823
   10.115   10.357   11.331   11.367   11.802   12.243   13.029   13.355   13.896   14.363
   14.880   15.263   15.449   15.984   16.777   17.521   17.603   17.816   18.298   18.811
            0.413621  0.437691  0.000000
  -60.220  -34.526  -34.336  -34.318  -11.464  -11.329   -4.706   -4.447   -3.301   -2.489
   -1.782   -1.258    0.319    2.736    3.678    4.089    5.031    7.186    9.652    9.790
   10.048   10.187   11.221   11.328   11.735   12.197   12.996   13.345   13.996   14.312
   14.899   15.436   15.524   16.227   16.806   17.643   17.735   17.864   18.345   18.761
            0.419379  0.427757  0.000000
  -60.221  -34.530  -34.329  -34.319  -11.478  -11.337   -4.757   -4.413   -3.314   -2.502
   -1.655   -1.246    0.300    2.768    3.634    4.151    4.978    7.140    9.696    9.755
   10.022   10.039   11.119   11.291   11.675   12.153   12.960   13.334   14.096   14.262
   14.927   15.601   15.606   16.476   16.826   17.694   17.773   18.076   18.409   18.717
            0.425138  0.417822  0.000000
  -60.221  -34.533  -34.322  -34.319  -11.492  -11.345   -4.806   -4.380   -3.326   -2.513
   -1.528   -1.237    0.281    2.796    3.592    4.216    4.926    7.096    9.658    9.709
    9.873   10.107   11.029   11.256   11.621   12.111   12.923   13.320   14.187   14.212
   14.968   15.682   15.768   16.727   16.846   17.644   17.897   18.271   18.496   18.702
            0.430897  0.407888  0.000000
  -60.221  -34.537  -34.320  -34.316  -11.505  -11.353   -4.851   -4.349   -3.338   -2.522
   -1.402   -1.230    0.263    2.821    3.553    4.283    4.875    7.053    9.578    9.622
    9.772   10.207   10.957   11.224   11.572   12.071   12.887   13.304   14.163   14.265
   15.027   15.765   15.917   16.876   16.971   17.600   18.005   18.373   18.609   18.782
            0.436655  0.397954  0.000000
  -60.221  -34.540  -34.320  -34.310  -11.517  -11.361   -4.893   -4.318   -3.350   -2.529
   -1.278   -1.225    0.245    2.841    3.518    4.352    4.825    7.013    9.485    9.489
    9.724   10.304   10.910   11.194   11.529   12.033   12.852   13.287   14.114   14.326
   15.103   15.850   16.045   16.925   17.185   17.591   18.092   18.366   18.745   18.975
            0.442414  0.388019  0.000000
  -60.221  -34.543  -34.321  -34.304  -11.529  -11.368   -4.932   -4.289   -3.362   -2.533
   -1.223   -1.158    0.226    2.857    3.486    4.420    4.780    6.975    9.345    9.390
    9.695   10.375   10.900   11.166   11.491   11.998   12.819   13.269   14.066   14.370
   15.196   15.936   16.147   17.001   17.296   17.688   18.161   18.317   18.894   19.212
            0.448172  0.378085  0.000000
  -60.222  -34.546  -34.321  -34.299  -11.540  -11.375   -4.968   -4.262   -3.373   -2.536
   -1.222   -1.040    0.207    2.868    3.459    4.485    4.740    6.939    9.205    9.296
    9.672   10.409   10.934   11.141   11.459   11.965   12.790   13.249   14.017   14.401
   15.302   16.021   16.220   17.106   17.298   17.898   18.218   18.257   19.041   19.465
            0.453931  0.368150  0.000000
  -60.222  -34.548  -34.321  -34.294  -11.550  -11.381   -5.000   -4.237   -3.383   -2.537
   -1.222   -0.928    0.187    2.875    3.436    4.540    4.711    6.906    9.071    9.207
    9.654   10.410   11.002   11.118   11.435   11.936   12.763   13.229   13.969   14.421
   15.414   16.102   16.267   17.237   17.269   18.116   18.226   18.264   19.168   19.724
            0.459690  0.358216  0.000000
  -60.222  -34.550  -34.322  -34.289  -11.559  -11.387   -5.028   -4.215   -3.392   -2.537
   -1.224   -0.820    0.164    2.878    3.417    4.571    4.708    6.875    8.948    9.125
    9.637   10.393   11.084   11.098   11.422   11.909   12.739   13.209   13.923   14.434
   15.529   16.177   16.295   17.239   17.387   18.101   18.304   18.437   19.254   19.948
            0.465448  0.348282  0.000000
  -60.222  -34.552  -34.322  -34.286  -11.567  -11.392   -5.053   -4.195   -3.400   -2.536
   -1.226   -0.719    0.140    2.879    3.403    4.568    4.739    6.848    8.835    9.051
    9.624   10.370   11.080   11.160   11.425   11.885   12.718   13.188   13.879   14.442
   15.641   16.243   16.310   17.218   17.548   18.034   18.337   18.703   19.287   19.946
            0.471207  0.338347  0.000000
  -60.222  -34.554  -34.322  -34.282  -11.574  -11.396   -5.074   -4.178   -3.407   -2.534
   -1.229   -0.625    0.114    2.876    3.392    4.550    4.784    6.824    8.736    8.986
    9.612   10.346   11.066   11.210   11.456   11.864   12.700   13.168   13.838   14.446
   15.747   16.296   16.317   17.210   17.715   17.964   18.365   18.974   19.271   19.926
            0.476966  0.328413  0.000000
  -60.222  -34.555  -34.322  -34.280  -11.580  -11.400   -5.091   -4.165   -3.413   -2.532
   -1.232   -0.540    0.085    2.873    3.384    4.530    4.829    6.804    8.652    8.932
    9.603   10.324   11.053   11.232   11.510   11.845   12.685   13.149   13.802   14.449
   15.842   16.318   16.337   17.219   17.880   17.895   18.388   19.220   19.242   19.907
            0.482724  0.318478  0.000000
  -60.222  -34.556  -34.323  -34.278  -11.584  -11.402   -5.105   -4.154   -3.418   -2.530
   -1.235   -0.465    0.056    2.869    3.378    4.513    4.867    6.787    8.584    8.890
    9.596   10.307   11.044   11.238   11.571   11.829   12.674   13.132   13.772   14.450
   15.923   16.317   16.364   17.240   17.829   18.038   18.405   19.150   19.501   19.893
            0.488483  0.308544  0.000000
  -60.223  -34.557  -34.323  -34.276  -11.587  -11.405   -5.115   -4.146   -3.422   -2.528
   -1.237   -0.404    0.029    2.866    3.375    4.500    4.896    6.776    8.535    8.859
    9.591   10.294   11.037   11.238   11.625   11.814   12.666   13.118   13.750   14.451
   15.985   16.313   16.380   17.269   17.772   18.178   18.417   19.077   19.727   19.906
            0.494241  0.298610  0.000000
  -60.223  -34.557  -34.323  -34.275  -11.589  -11.406   -5.121   -4.141   -3.424   -2.527
   -1.238   -0.363    0.007    2.864    3.373    4.492    4.914    6.769    8.504    8.840
    9.588   10.286   11.033   11.237   11.664   11.803   12.661   13.109   13.736   14.451
   16.024   16.310   16.389   17.296   17.730   18.282   18.423   19.015   19.814   19.885
            0.500000  0.288675  0.000000
  -60.223  -34.558  -34.323  -34.275  -11.590  -11.406   -5.122   -4.140   -3.424   -2.526
   -1.239   -0.348   -0.001    2.863    3.372    4.489    4.920    6.766    8.494    8.834
    9.587   10.283   11.031   11.237   11.678   11.798   12.660   13.105   13.731   14.451
   16.038   16.309   16.391   17.306   17.714   18.322   18.424   18.989   19.822   19.864
            0.489796  0.282784  0.000000
  -60.223  -34.557  -34.323  -34.275  -11.592  -11.407   -5.120   -4.137   -3.423   -2.525
   -1.238   -0.349   -0.004    2.863    3.370    4.487    4.919    6.775    8.492    8.828
    9.585   10.281   11.029   11.201   11.723   11.803   12.667   13.081   13.762   14.447
   16.032   16.315   16.380   17.305   17.704   18.311   18.423   18.993   19.812   19.860
            0.479592  0.276892  0.000000
  -60.223  -34.556  -34.323  -34.274  -11.600  -11.410   -5.112   -4.130   -3.419   -2.521
   -1.235   -0.354   -0.013    2.861    3.362    4.482    4.917    6.800    8.487    8.812
    9.579   10.273   11.024   11.125   11.818   11.830   12.690   13.021   13.840   14.437
   16.015   16.335   16.349   17.300   17.676   18.280   18.417   19.005   19.785   19.850
            0.469388  0.271001  0.000000
  -60.223  -34.554  -34.323  -34.274  -11.612  -11.415   -5.100   -4.117   -3.413   -2.515
   -1.231   -0.361   -0.027    2.858    3.349    4.474    4.913    6.841    8.479    8.786
    9.569   10.255   11.018   11.045   11.842   11.960   12.725   12.948   13.946   14.423
   15.987   16.301   16.365   17.289   17.629   18.230   18.408   19.021   19.748   19.835
            0.459184  0.265110  0.000000
  -60.223  -34.552  -34.324  -34.273  -11.630  -11.421   -5.083   -4.100   -3.405   -2.507
   -1.224   -0.372   -0.047    2.854    3.332    4.462    4.908    6.897    8.468    8.751
    9.553   10.222   10.979   11.012   11.877   12.094   12.769   12.881   14.065   14.408
   15.948   16.240   16.402   17.268   17.564   18.169   18.396   19.036   19.708   19.820
            0.448980  0.259218  0.000000
  -60.224  -34.548  -34.325  -34.273  -11.652  -11.429   -5.061   -4.077   -3.394   -2.496
   -1.216   -0.385   -0.071    2.850    3.311    4.446    4.901    6.968    8.456    8.708
    9.532   10.171   10.935   11.010   11.920   12.213   12.817   12.841   14.188   14.397
   15.899   16.172   16.443   17.234   17.482   18.100   18.381   19.047   19.673   19.810
            0.438776  0.253327  0.000000
  -60.224  -34.544  -34.325  -34.272  -11.678  -11.439   -5.034   -4.050   -3.382   -2.482
   -1.206   -0.401   -0.099    2.845    3.287    4.427    4.893    7.051    8.442    8.659
    9.503   10.103   10.910   11.013   11.973   12.293   12.853   12.862   14.307   14.395
   15.841   16.103   16.480   17.186   17.384   18.030   18.364   19.046   19.646   19.811
            0.428571  0.247436  0.000000
  -60.224  -34.540  -34.326  -34.271  -11.709  -11.451   -5.004   -4.019   -3.368   -2.467
   -1.194   -0.421   -0.129    2.840    3.259    4.403    4.883    7.146    8.428    8.604
    9.469   10.022   10.900   11.023   12.034   12.321   12.901   12.933   14.407   14.416
   15.774   16.040   16.508   17.126   17.271   17.967   18.344   19.032   19.629   19.829
            0.418367  0.241545  0.000000
  -60.225  -34.534  -34.328  -34.269  -11.743  -11.464   -4.970   -3.983   -3.354   -2.449
   -1.181   -0.443   -0.161    2.835    3.230    4.376    4.871    7.251    8.413    8.546
    9.429    9.933   10.896   11.041   12.103   12.314   12.928   13.062   14.439   14.506
   15.699   15.991   16.519   17.058   17.146   17.917   18.322   19.002   19.622   19.866
            0.408163  0.235653  0.000000
  -60.226  -34.529  -34.329  -34.268  -11.782  -11.478   -4.932   -3.942   -3.339   -2.428
   -1.165   -0.468   -0.193    2.830    3.199    4.346    4.857    7.363    8.398    8.485
    9.385    9.841   10.892   11.064   12.180   12.298   12.941   13.215   14.491   14.572
   15.617   15.963   16.506   16.988   17.009   17.887   18.298   18.959   19.623   19.922
            0.397959  0.229762  0.000000
  -60.226  -34.522  -34.330  -34.266  -11.824  -11.494   -4.891   -3.898   -3.325   -2.405
   -1.147   -0.496   -0.225    2.826    3.166    4.311    4.842    7.479    8.382    8.422
    9.341    9.749   10.882   11.094   12.264   12.287   12.938   13.373   14.566   14.610
   15.529   15.959   16.465   16.862   16.924   17.879   18.273   18.911   19.629   19.996
            0.387755  0.223871  0.000000
  -60.227  -34.515  -34.332  -34.265  -11.869  -11.512   -4.847   -3.849   -3.311   -2.380
   -1.128   -0.527   -0.255    2.823    3.133    4.272    4.825    7.597    8.362    8.364
    9.297    9.660   10.864   11.128   12.289   12.354   12.921   13.522   14.628   14.662
   15.436   15.973   16.398   16.708   16.878   17.888   18.245   18.866   19.636   20.083
            0.377551  0.217979  0.000000
  -60.228  -34.507  -34.333  -34.263  -11.916  -11.530   -4.801   -3.797   -3.298   -2.353
   -1.106   -0.561   -0.281    2.822    3.100    4.230    4.806    7.710    8.307    8.342
    9.258    9.575   10.836   11.165   12.304   12.449   12.894   13.642   14.645   14.773
   15.339   15.992   16.309   16.547   16.864   17.905   18.217   18.833   19.642   20.182
            0.367347  0.212088  0.000000
  -60.229  -34.499  -34.335  -34.261  -11.967  -11.550   -4.753   -3.742   -3.286   -2.324
   -1.083   -0.597   -0.304    2.822    3.066    4.185    4.785    7.805    8.271    8.316
    9.227    9.495   10.798   11.203   12.332   12.550   12.859   13.711   14.690   14.895
   15.239   15.999   16.208   16.381   16.895   17.915   18.186   18.826   19.644   20.290
            0.357143  0.206197  0.000000
  -60.230  -34.490  -34.337  -34.259  -12.019  -11.570   -4.704   -3.683   -3.276   -2.292
   -1.057   -0.636   -0.321    2.823    3.034    4.135    4.762    7.859    8.275    8.282
    9.207    9.422   10.752   11.239   12.371   12.654   12.821   13.713   14.786   15.016
   15.137   15.985   16.105   16.212   16.977   17.907   18.154   18.853   19.639   20.405
            0.346939  0.200305  0.000000
  -60.231  -34.481  -34.339  -34.257  -12.073  -11.591   -4.655   -3.621   -3.269   -2.258
   -1.029   -0.678   -0.332    2.827    3.001    4.083    4.737    7.856    8.241    8.333
    9.200    9.355   10.700   11.271   12.418   12.761   12.784   13.655   14.930   15.034
   15.122   15.953   16.021   16.042   17.104   17.875   18.120   18.919   19.626   20.527
            0.336735  0.194414  0.000000
  -60.232  -34.471  -34.341  -34.254  -12.129  -11.613   -4.606   -3.556   -3.263   -2.223
   -1.000   -0.722   -0.336    2.833    2.970    4.029    4.710    7.811    8.191    8.426
    9.208    9.297   10.644   11.298   12.469   12.749   12.870   13.558   14.931   15.109
   15.183   15.872   15.914   15.985   17.263   17.821   18.084   19.020   19.605   20.652
            0.326531  0.188523  0.000000
  -60.233  -34.461  -34.343  -34.252  -12.187  -11.636   -4.558   -3.489   -3.259   -2.185
   -0.969   -0.768   -0.332    2.841    2.940    3.972    4.681    7.746    8.133    8.531
    9.230    9.248   10.585   11.317   12.520   12.719   12.978   13.439   14.828   15.174
   15.302   15.704   15.880   16.023   17.447   17.752   18.046   19.148   19.573   20.782
            0.316327  0.182631  0.000000
  -60.234  -34.450  -34.345  -34.250  -12.245  -11.659   -4.512   -3.420   -3.255   -2.145
   -0.936   -0.815   -0.322    2.852    2.912    3.913    4.650    7.671    8.069    8.630
    9.213    9.266   10.526   11.326   12.567   12.697   13.084   13.312   14.726   15.100
   15.484   15.541   15.877   16.132   17.649   17.675   18.006   19.296   19.532   20.914
            0.306122  0.176740  0.000000
  -60.235  -34.439  -34.347  -34.247  -12.304  -11.682   -4.469   -3.348   -3.252   -2.104
   -0.901   -0.865   -0.303    2.865    2.886    3.852    4.616    7.591    7.998    8.709
    9.199    9.315   10.465   11.325   12.606   12.682   13.186   13.190   14.626   14.988
   15.386   15.595   15.960   16.283   17.597   17.863   17.963   19.460   19.481   21.032
            0.295918  0.170849  0.000000
  -60.236  -34.428  -34.349  -34.244  -12.363  -11.706   -4.431   -3.275   -3.247   -2.061
   -0.915   -0.865   -0.278    2.863    2.880    3.791    4.580    7.509    7.924    8.757
    9.215    9.376   10.405   11.313   12.628   12.673   13.084   13.279   14.529   14.860
   15.242   15.620   16.148   16.451   17.525   17.919   18.087   19.422   19.634   21.135
            0.285714  0.164957  0.000000
  -60.237  -34.417  -34.352  -34.242  -12.422  -11.730   -4.398   -3.240   -3.200   -2.016
   -0.967   -0.828   -0.245    2.842    2.898    3.730    4.542    7.426    7.847    8.768
    9.258    9.446   10.345   11.292   12.622   12.668   13.010   13.359   14.434   14.729
   15.115   15.614   16.382   16.617   17.473   17.873   18.316   19.356   19.817   21.242
            0.275510  0.159066  0.000000
  -60.238  -34.405  -34.354  -34.239  -12.482  -11.754   -4.373   -3.229   -3.124   -1.970
   -1.020   -0.790   -0.207    2.824    2.918    3.669    4.502    7.342    7.768    8.753
    9.317    9.525   10.287   11.261   12.584   12.664   12.975   13.419   14.343   14.605
   15.010   15.605   16.636   16.753   17.464   17.824   18.545   19.290   20.004   21.312
            0.265306  0.153175  0.000000
  -60.239  -34.394  -34.356  -34.236  -12.541  -11.778   -4.355   -3.212   -3.047   -1.922
   -1.074   -0.751   -0.163    2.810    2.941    3.608    4.460    7.259    7.688    8.722
    9.376    9.611   10.232   11.223   12.526   12.655   12.969   13.452   14.255   14.493
   14.936   15.602   16.824   16.900   17.531   17.773   18.756   19.241   20.192   21.342
            0.255102  0.147283  0.000000
  -60.241  -34.382  -34.359  -34.234  -12.599  -11.802   -4.346   -3.188   -2.968   -1.873
   -1.127   -0.712   -0.115    2.800    2.966    3.550    4.416    7.177    7.609    8.681
    9.421    9.703   10.184   11.180   12.466   12.636   12.977   13.452   14.172   14.401
   14.899   15.608   16.825   17.172   17.679   17.721   18.885   19.273   20.375   21.369
            0.244898  0.141392  0.000000
  -60.242  -34.370  -34.361  -34.231  -12.657  -11.825   -4.346   -3.157   -2.890   -1.823
   -1.181   -0.674   -0.063    2.794    2.992    3.493    4.370    7.096    7.530    8.634
    9.441    9.800   10.150   11.133   12.416   12.602   12.991   13.416   14.092   14.334
   14.900   15.622   16.781   17.450   17.666   17.880   18.874   19.444   20.545   21.392
            0.234694  0.135501  0.000000
  -60.243  -34.364  -34.358  -34.228  -12.714  -11.848   -4.355   -3.119   -2.810   -1.772
   -1.235   -0.636   -0.009    2.792    3.021    3.439    4.322    7.017    7.452    8.583
    9.427    9.899   10.137   11.085   12.378   12.550   13.005   13.348   14.017   14.295
   14.936   15.644   16.718   17.610   17.731   18.110   18.800   19.678   20.682   21.413
            0.224490  0.129609  0.000000
  -60.244  -34.366  -34.347  -34.226  -12.770  -11.871   -4.371   -3.074   -2.730   -1.720
   -1.288   -0.600    0.046    2.796    3.051    3.389    4.272    6.940    7.376    8.529
    9.379    9.997   10.145   11.036   12.354   12.481   13.020   13.256   13.947   14.285
   15.000   15.675   16.646   17.553   18.013   18.358   18.708   19.929   20.753   21.431
            0.214286  0.123718  0.000000
  -60.245  -34.368  -34.335  -34.223  -12.825  -11.893   -4.394   -3.022   -2.650   -1.667
   -1.341   -0.565    0.102    2.805    3.083    3.343    4.221    6.865    7.301    8.471
    9.300   10.094   10.173   10.990   12.341   12.396   13.037   13.147   13.881   14.302
   15.085   15.713   16.572   17.494   18.282   18.616   18.625   20.184   20.722   21.448
            0.204082  0.117827  0.000000
  -60.246  -34.371  -34.324  -34.220  -12.878  -11.915   -4.423   -2.965   -2.569   -1.614
   -1.393   -0.534    0.156    2.820    3.116    3.301    4.169    6.792    7.229    8.411
    9.200   10.183   10.214   10.947   12.303   12.335   13.027   13.057   13.821   14.343
   15.183   15.757   16.498   17.434   18.411   18.681   18.880   20.430   20.598   21.471
            0.193878  0.111935  0.000000
  -60.248  -34.373  -34.312  -34.218  -12.929  -11.936   -4.456   -2.904   -2.489   -1.561
   -1.443   -0.505    0.210    2.840    3.151    3.265    4.116    6.721    7.159    8.346
    9.086   10.260   10.263   10.910   12.209   12.331   12.901   13.081   13.765   14.404
   15.290   15.806   16.427   17.374   18.337   18.940   19.147   20.421   20.652   21.511
            0.183673  0.106044  0.000000
  -60.249  -34.375  -34.301  -34.215  -12.979  -11.956   -4.492   -2.839   -2.408   -1.507
   -1.493   -0.481    0.261    2.866    3.186    3.234    4.061    6.653    7.092    8.278
    8.966   10.318   10.320   10.879   12.122   12.328   12.773   13.111   13.714   14.481
   15.403   15.859   16.359   17.314   18.233   19.229   19.404   20.231   20.823   21.589
            0.173469  0.100153  0.000000
  -60.250  -34.377  -34.290  -34.213  -13.026  -11.976   -4.530   -2.772   -2.328   -1.540
   -1.454   -0.461    0.309    2.898    3.210    3.221    4.007    6.588    7.028    8.203
    8.845   10.359   10.377   10.851   12.053   12.320   12.645   13.147   13.667   14.569
   15.519   15.915   16.295   17.253   18.124   19.521   19.601   20.092   20.918   21.726
            0.163265  0.094261  0.000000
  -60.251  -34.379  -34.280  -34.210  -13.072  -11.995   -4.570   -2.704   -2.247   -1.586
   -1.401   -0.446    0.353    2.936    3.192    3.257    3.952    6.525    6.967    8.122
    8.728   10.374   10.440   10.819   12.012   12.308   12.518   13.189   13.625   14.666
   15.636   15.973   16.237   17.194   18.015   19.575   19.806   20.173   20.944   21.895
            0.153061  0.088370  0.000000
  -60.252  -34.381  -34.270  -34.208  -13.116  -12.013   -4.609   -2.635   -2.167   -1.631
   -1.349   -0.437    0.394    2.978    3.180    3.293    3.898    6.464    6.909    8.033
    8.619   10.371   10.504   10.774   12.008   12.289   12.395   13.236   13.588   14.769
   15.752   16.032   16.185   17.134   17.908   19.387   20.070   20.418   20.941   22.016
            0.142857  0.082479  0.000000
  -60.253  -34.383  -34.260  -34.206  -13.157  -12.030   -4.649   -2.566   -2.087   -1.673
   -1.297   -0.433    0.431    3.026    3.175    3.328    3.844    6.407    6.854    7.935
    8.521   10.354   10.570   10.712   12.041   12.265   12.276   13.285   13.554   14.875
   15.867   16.091   16.141   17.077   17.803   19.163   20.277   20.701   20.964   22.077
            0.132653  0.076587  0.000000
  -60.254  -34.385  -34.251  -34.204  -13.196  -12.046   -4.688   -2.498   -2.008   -1.712
   -1.247   -0.437    0.464    3.077    3.176    3.363    3.791    6.352    6.802    7.831
    8.434   10.327   10.632   10.639   12.108   12.162   12.236   13.335   13.525   14.980
   15.979   16.105   16.150   17.020   17.702   18.931   20.374   20.996   21.079   22.035
            0.122449  0.070696  0.000000
  -60.254  -34.387  -34.243  -34.202  -13.232  -12.061   -4.726   -2.431   -1.928   -1.750
   -1.199   -0.446    0.493    3.132    3.183    3.397    3.739    6.300    6.754    7.721
    8.359   10.294   10.541   10.708   12.054   12.200   12.203   13.384   13.499   15.082
   16.081   16.087   16.207   16.966   17.605   18.698   20.366   21.285   21.289   21.905
            0.112245  0.064805  0.000000
  -60.255  -34.388  -34.234  -34.200  -13.266  -12.075   -4.761   -2.367   -1.850   -1.785
   -1.153   -0.462    0.519    3.188    3.195    3.429    3.689    6.251    6.710    7.610
    8.294   10.254   10.447   10.778   11.952   12.167   12.311   13.430   13.477   15.175
   16.072   16.191   16.264   16.914   17.512   18.469   20.307   21.523   21.527   21.814
            0.102041  0.058913  0.000000
  -60.256  -34.390  -34.227  -34.198  -13.297  -12.087   -4.795   -2.306   -1.817   -1.771
   -1.109   -0.484    0.541    3.212    3.246    3.460    3.642    6.205    6.669    7.499
    8.238   10.203   10.361   10.848   11.857   12.127   12.434   13.458   13.473   15.256
   16.080   16.290   16.318   16.865   17.424   18.245   20.231   21.491   21.748   21.984
            0.091837  0.053022  0.000000
  -60.257  -34.391  -34.220  -34.196  -13.325  -12.099   -4.826   -2.248   -1.846   -1.694
   -1.067   -0.512    0.559    3.232    3.304    3.490    3.597    6.162    6.632    7.392
    8.190   10.134   10.295   10.919   11.770   12.086   12.564   13.442   13.512   15.321
   16.107   16.371   16.382   16.819   17.341   18.029   20.151   21.334   21.937   22.226
            0.081633  0.047131  0.000000
  -60.257  -34.392  -34.214  -34.195  -13.351  -12.110   -4.855   -2.195   -1.873   -1.617
   -1.029   -0.546    0.575    3.254    3.361    3.517    3.555    6.121    6.598    7.292
    8.147   10.052   10.249   10.988   11.691   12.044   12.697   13.429   13.546   15.367
   16.155   16.422   16.467   16.777   17.263   17.822   20.074   21.165   22.084   22.286
            0.071429  0.041239  0.000000
  -60.258  -34.393  -34.208  -34.194  -13.374  -12.119   -4.880   -2.146   -1.897   -1.541
   -0.994   -0.585    0.588    3.278    3.415    3.517    3.541    6.084    6.568    7.199
    8.111    9.966   10.215   11.057   11.620   12.000   12.828   13.418   13.575   15.397
   16.218   16.471   16.545   16.739   17.190   17.628   20.004   20.999   22.202   22.270
            0.061224  0.035348  0.000000
  -60.258  -34.394  -34.203  -34.193  -13.394  -12.127   -4.903   -2.102   -1.917   -1.467
   -0.963   -0.628    0.598    3.301    3.466    3.483    3.563    6.051    6.542    7.115
    8.080    9.884   10.189   11.123   11.557   11.957   12.954   13.409   13.599   15.413
   16.292   16.519   16.614   16.705   17.121   17.447   19.941   20.842   22.248   22.301
            0.051020  0.029457  0.000000
  -60.259  -34.395  -34.199  -34.192  -13.410  -12.134   -4.922   -2.064   -1.935   -1.395
   -0.936   -0.674    0.607    3.324    3.453    3.512    3.582    6.022    6.520    7.043
    8.054    9.810   10.168   11.186   11.504   11.913   13.072   13.402   13.618   15.422
   16.368   16.565   16.674   16.676   17.058   17.285   19.887   20.699   22.227   22.388
            0.040816  0.023565  0.000000
  -60.259  -34.396  -34.196  -34.191  -13.424  -12.140   -4.938   -2.033   -1.949   -1.325
   -0.914   -0.723    0.613    3.344    3.429    3.552    3.598    5.996    6.502    6.982
    8.033    9.748   10.151   11.245   11.460   11.871   13.177   13.397   13.633   15.424
   16.442   16.609   16.651   16.723   16.998   17.142   19.842   20.575   22.209   22.464
            0.030612  0.017674  0.000000
  -60.259  -34.396  -34.193  -34.190  -13.435  -12.144   -4.951   -2.008   -1.961   -1.259
   -0.896   -0.773    0.618    3.360    3.409    3.584    3.611    5.976    6.488    6.934
    8.016    9.697   10.138   11.298   11.426   11.832   13.265   13.393   13.644   15.425
   16.508   16.632   16.653   16.763   16.943   17.025   19.808   20.473   22.195   22.527
            0.020408  0.011783  0.000000
  -60.260  -34.397  -34.191  -34.190  -13.443  -12.147   -4.960   -1.990   -1.969   -1.201
   -0.883   -0.820    0.622    3.373    3.395    3.608    3.620    5.961    6.478    6.900
    8.004    9.660   10.128   11.341   11.401   11.799   13.332   13.390   13.651   15.424
   16.560   16.618   16.697   16.791   16.891   16.935   19.783   20.397   22.185   22.576
            0.010204  0.005891  0.000000
  -60.260  -34.397  -34.190  -34.190  -13.447  -12.149   -4.965   -1.979   -1.974   -1.157
   -0.875   -0.857    0.624    3.381    3.386    3.622    3.625    5.952    6.472    6.879
    7.997    9.638   10.123   11.370   11.386   11.776   13.374   13.388   13.655   15.423
   16.594   16.610   16.739   16.809   16.844   16.878   19.768   20.350   22.179   22.607
            0.000000  0.000000  0.000000
  -60.260  -34.397  -34.189  -34.189  -13.449  -12.150   -4.967   -1.975   -1.975   -1.140
   -0.873   -0.873    0.624    3.384    3.384    3.627    3.627    5.949    6.470    6.872
    7.995    9.631   10.121   11.381   11.381   11.767   13.388   13.388   13.657   15.423
   16.607   16.607   16.766   16.814   16.814   16.858   19.763   20.334   22.177   22.618
