 
  kpoint:     0.1579    0.1579    0.0000
 
    n          ϵ_nk^DFT (eV)     Σ^c_nk (eV)     Σ^x_nk (eV)    v_nk^xc (eV)   ϵ_nk^G0W0 (eV)
 
    1 (occ)          -73.494          11.282         -39.703         -24.419          -77.496
    2 (occ)          -38.073           8.494         -32.000         -22.458          -39.122
    3 (occ)          -38.045           8.635         -31.972         -22.471          -38.911
    4 (occ)          -37.996           8.108         -31.967         -22.534          -39.322
    5 (occ)          -13.331           7.140         -20.256         -13.041          -13.405
    6 (occ)          -12.581           6.942         -20.129         -13.176          -12.592
    7 (occ)           -4.596           3.616         -16.098         -12.422           -4.656
    8 (occ)           -3.995           3.403         -16.096         -12.699           -3.989
    9 (occ)           -3.135           2.897         -15.822         -12.876           -3.183
   10 (occ)           -2.639           2.618         -16.194         -13.616           -2.600
   11 (occ)           -1.533           2.182         -15.580         -13.438           -1.494
   12 (occ)           -0.887           2.174         -14.939         -12.601           -1.052
   13 (occ)           -0.372           1.218         -15.856         -14.896           -0.115
   14 (vir)            2.144          -3.249          -9.695         -13.833            3.033
   15 (vir)            2.818          -3.892         -10.443         -15.293            3.775
   16 (vir)            2.925          -3.856          -9.732         -14.644            3.981
   17 (vir)            4.542          -4.433          -9.672         -15.084            5.521
   18 (vir)            7.432          -4.483          -5.753         -11.178            8.374
   19 (vir)            8.650          -4.264          -4.768          -9.855            9.473
   20 (vir)            9.622          -3.817          -3.774          -8.604           10.634
   21 (vir)           10.200          -4.709          -5.848         -11.886           11.529
   22 (vir)           10.448          -4.300          -4.356          -9.662           11.454
   23 (vir)           11.709          -5.227          -5.801         -12.322           13.004
   24 (vir)           12.010          -4.889          -4.881         -11.074           13.314
   25 (vir)           13.215          -5.084          -4.997         -11.291           14.425
   26 (vir)           13.777          -4.908          -4.639         -10.856           15.086
   27 (vir)           14.541          -5.328          -4.936         -11.542           15.819
   28 (vir)           16.291          -5.878          -5.070         -12.178           17.521
   29 (vir)           17.141          -5.723          -4.755         -11.869           18.532
   30 (vir)           19.521          -6.980          -5.339         -13.212           20.413
   31 (vir)           21.184          -4.815          -4.546         -12.208           24.030
   32 (vir)           23.038          -4.820          -3.369         -10.515           25.364
   33 (vir)           23.143          -3.976          -3.333         -10.553           26.387
   34 (vir)           23.896          -5.428          -3.419         -11.139           26.189
   35 (vir)           24.966          -4.862          -3.127         -10.374           27.351
   36 (vir)           25.408          -5.904          -3.997         -12.238           27.746
   37 (vir)           26.067          -4.852          -3.934         -12.279           29.560
   38 (vir)           26.604          -2.042          -2.620          -9.947           31.890
   39 (vir)           27.326          -6.615          -3.742         -12.251           29.220
   40 (vir)           27.533          -4.854          -3.683         -11.763           30.760
   41 (vir)           30.960          -4.294          -4.250         -13.343           35.759
   42 (vir)           30.966          -1.076          -3.114         -11.134           37.909
   43 (vir)           31.872          -7.006          -4.002         -13.226           34.090
   44 (vir)           32.762          -4.225          -3.761         -12.894           37.670
   45 (vir)           34.628          -3.707          -3.498         -12.522           39.945
   46 (vir)           35.425          -2.896          -3.504         -12.738           41.763
   47 (vir)           37.121          -4.863          -3.430         -12.628           41.457
   48 (vir)           38.716          -3.391          -3.865         -13.673           45.133
   49 (vir)           40.446          -6.733          -3.896         -13.825           43.642
   50 (vir)           41.476          -1.969          -3.679         -13.751           49.579
   51 (vir)           43.111          -1.665          -3.824         -14.293           51.915
   52 (vir)           44.057          -3.956          -3.061         -12.375           49.414
   53 (vir)           44.847           0.983          -2.651         -11.189           54.368
   54 (vir)           52.497          -2.010          -3.114         -12.862           60.237
   55 (vir)           59.843          -0.815          -2.189         -12.306           69.145
   56 (vir)           63.595           0.365          -2.089         -12.606           74.478
   57 (vir)           64.576          -0.524          -1.794         -11.968           74.227
   58 (vir)           65.546          -3.679          -1.859         -11.280           71.287
   59 (vir)           66.378          -0.305          -2.032         -12.520           76.562
   60 (vir)           66.507          -2.596          -1.640         -11.565           73.836
   61 (vir)           73.668          -0.287          -2.184         -12.395           83.592
   62 (vir)           78.010          -0.518          -2.295         -12.276           87.474
   63 (vir)           89.019           2.577          -2.553         -13.626          102.669
   64 (vir)           89.190           3.473          -5.102         -15.789          103.350
   65 (vir)           97.612          -2.619          -3.717         -16.099          107.376
   66 (vir)          103.929           3.613          -2.892         -13.069          117.718
   67 (vir)          111.280           1.707          -0.758          -8.395          120.624
   68 (vir)          124.065          -4.976          -2.191         -10.780          127.678
   69 (vir)          271.509          -0.019          -1.030         -13.611          284.071
