 
  kpoint:     0.0000    0.1842    0.0000
 
    n          ϵ_nk^DFT (eV)     Σ^c_nk (eV)     Σ^x_nk (eV)    v_nk^xc (eV)   ϵ_nk^G0W0 (eV)
 
    1 (occ)          -73.497          11.244         -39.704         -24.416          -77.541
    2 (occ)          -38.056           8.771         -31.973         -22.458          -38.800
    3 (occ)          -38.023           8.452         -31.976         -22.506          -39.041
    4 (occ)          -37.974           8.665         -31.954         -22.555          -38.708
    5 (occ)          -13.824           7.420         -20.316         -12.889          -13.831
    6 (occ)          -12.827           7.077         -20.112         -13.066          -12.796
    7 (occ)           -5.150           3.887         -16.083         -12.105           -5.241
    8 (occ)           -3.171           2.958         -16.249         -13.378           -3.085
    9 (occ)           -2.654           2.658         -15.695         -12.963           -2.727
   10 (occ)           -1.497           1.866         -16.315         -14.573           -1.374
   11 (occ)           -1.483           2.088         -16.316         -14.378           -1.333
   12 (occ)           -0.999           2.151         -14.610         -12.278           -1.180
   13 (occ)           -0.183           1.106         -15.483         -14.612            0.051
   14 (vir)            2.454          -3.398          -9.353         -13.608            3.311
   15 (vir)            2.939          -3.723          -9.755         -14.510            3.972
   16 (vir)            2.985          -3.486         -10.181         -14.591            3.908
   17 (vir)            3.990          -4.054          -9.893         -14.943            4.987
   18 (vir)            6.581          -4.204          -5.491         -10.577            7.462
   19 (vir)            8.986          -4.133          -4.829         -10.062           10.086
   20 (vir)            9.178          -3.413          -2.911          -7.137            9.991
   21 (vir)            9.633          -4.442          -5.270         -10.886           10.807
   22 (vir)           10.178          -4.107          -5.197         -10.924           11.798
   23 (vir)           12.024          -4.504          -4.719         -10.801           13.602
   24 (vir)           12.758          -5.419          -5.614         -12.260           13.985
   25 (vir)           12.907          -5.159          -5.637         -12.156           14.267
   26 (vir)           14.291          -4.752          -4.728         -11.144           15.955
   27 (vir)           15.173          -5.503          -5.023         -11.960           16.608
   28 (vir)           15.966          -5.627          -4.947         -11.993           17.385
   29 (vir)           16.225          -5.817          -5.619         -12.919           17.707
   30 (vir)           18.863          -5.932          -5.381         -13.121           20.670
   31 (vir)           20.016          -4.875          -3.611         -10.531           22.060
   32 (vir)           21.626          -5.296          -3.632         -10.971           23.669
   33 (vir)           22.403          -3.815          -3.713         -11.469           26.344
   34 (vir)           24.036          -5.610          -3.973         -11.953           26.406
   35 (vir)           24.246          -0.248          -3.066          -9.942           30.874
   36 (vir)           24.806          -4.528          -3.648         -11.685           28.316
   37 (vir)           25.291          -7.329          -4.165         -12.807           26.603
   38 (vir)           26.819          -5.787          -3.866         -11.896           29.063
   39 (vir)           28.729          -5.405          -4.214         -13.241           32.351
   40 (vir)           28.902          -3.806          -2.851         -10.425           32.670
   41 (vir)           29.102          -3.794          -3.361         -11.516           33.464
   42 (vir)           29.726          -4.436          -3.859         -12.476           33.906
   43 (vir)           35.253          -5.713          -3.592         -12.915           38.863
   44 (vir)           35.368          -1.663          -3.421         -12.604           42.888
   45 (vir)           36.161          -2.947          -4.041         -14.000           43.173
   46 (vir)           36.840          -3.452          -3.421         -12.396           42.362
   47 (vir)           38.071          -3.609          -3.781         -13.549           44.230
   48 (vir)           39.740          -3.409          -4.112         -14.280           46.499
   49 (vir)           41.278          -3.649          -3.608         -13.379           47.399
   50 (vir)           41.298          -2.295          -3.033         -12.448           48.417
   51 (vir)           43.745          -6.148          -3.740         -14.181           48.038
   52 (vir)           44.110          -0.901          -2.720         -11.715           52.205
   53 (vir)           45.441          -0.084          -3.461         -13.442           55.337
   54 (vir)           47.276          -2.184          -1.969          -9.798           52.921
   55 (vir)           60.914          -2.271          -1.798         -12.040           68.885
   56 (vir)           63.273          -0.600          -2.018         -12.567           73.222
   57 (vir)           63.548          -3.773          -1.758         -11.747           69.765
   58 (vir)           63.665          -0.422          -2.102         -12.647           73.788
   59 (vir)           65.939           0.234          -2.120         -11.857           75.909
   60 (vir)           66.068          -1.098          -2.066         -12.785           75.689
   61 (vir)           74.264          -0.907          -1.679         -11.275           82.953
   62 (vir)           76.200          -1.190          -3.658         -15.324           86.675
   63 (vir)           94.056          -3.745          -1.538          -9.915           98.689
   64 (vir)           96.076          -2.038          -3.554         -16.493          106.977
   65 (vir)           97.376          -0.607          -3.873         -16.858          109.754
   66 (vir)          110.186          -1.815          -0.782          -8.431          116.020
   67 (vir)          112.503           0.056          -0.936          -8.902          120.525
   68 (vir)          131.338          -1.198          10.872         -14.086          155.098
   69 (vir)          261.685          -1.649          -0.757         -13.536          272.814
