 
  kpoint:     0.0000    0.4737    0.0000
 
    n          ϵ_nk^DFT (eV)     Σ^c_nk (eV)     Σ^x_nk (eV)    v_nk^xc (eV)   ϵ_nk^G0W0 (eV)
 
    1 (occ)          -73.491          11.186         -39.701         -24.422          -77.583
    2 (occ)          -38.168           7.592         -32.053         -22.368          -40.261
    3 (occ)          -38.029           9.027         -31.970         -22.491          -38.480
    4 (occ)          -38.009           8.460         -31.980         -22.524          -39.005
    5 (occ)          -12.401           6.614         -20.229         -13.420          -12.596
    6 (occ)          -12.149           6.797         -20.202         -13.417          -12.137
    7 (occ)           -5.842           4.289         -16.280         -11.936           -5.897
    8 (occ)           -4.620           3.656         -15.819         -12.053           -4.730
    9 (occ)           -3.759           3.250         -16.337         -13.023           -3.823
   10 (occ)           -2.544           2.558         -16.669         -14.146           -2.508
   11 (occ)           -1.736           2.493         -15.525         -12.864           -1.904
   12 (occ)           -0.581           1.501         -14.743         -13.350           -0.473
   13 (occ)           -0.560           1.950         -15.055         -13.046           -0.619
   14 (vir)            2.796          -4.316         -11.782         -17.148            3.847
   15 (vir)            3.121          -4.396         -10.861         -16.229            4.092
   16 (vir)            4.101          -4.132          -8.470         -13.612            5.110
   17 (vir)            4.752          -4.481          -9.767         -15.263            5.767
   18 (vir)            4.929          -3.463          -6.401         -11.529            6.594
   19 (vir)            7.673          -4.385          -5.077         -10.357            8.569
   20 (vir)            7.769          -4.072          -5.625         -10.828            8.901
   21 (vir)           10.092          -4.401          -4.434          -9.607           10.863
   22 (vir)           10.503          -4.771          -5.543         -11.359           11.547
   23 (vir)           11.274          -4.918          -5.606         -11.810           12.561
   24 (vir)           13.255          -4.263          -2.799          -7.819           14.011
   25 (vir)           13.918          -5.193          -4.683         -10.875           14.917
   26 (vir)           15.766          -5.323          -3.611          -9.996           16.828
   27 (vir)           17.176          -5.436          -4.421         -11.282           18.601
   28 (vir)           18.508          -6.283          -3.828         -11.307           19.704
   29 (vir)           19.499          -5.869          -4.874         -12.486           21.243
   30 (vir)           20.511          -6.406          -4.521         -12.298           21.881
   31 (vir)           21.513          -5.613          -3.921         -11.293           23.271
   32 (vir)           22.087          -5.955          -4.119         -11.706           23.719
   33 (vir)           23.106          -4.600          -3.751         -11.193           25.948
   34 (vir)           23.147          -6.344          -3.613         -11.533           24.724
   35 (vir)           24.934          -4.963          -4.304         -12.781           28.448
   36 (vir)           26.090          -1.897          -3.626         -11.610           32.177
   37 (vir)           26.329          -6.224          -4.356         -13.178           28.928
   38 (vir)           26.872          -5.411          -3.973         -12.419           29.907
   39 (vir)           28.447          -5.850          -4.132         -12.958           31.422
   40 (vir)           29.028          -5.375          -3.705         -12.233           32.182
   41 (vir)           30.890          -4.069          -3.077         -11.259           35.004
   42 (vir)           31.804          -4.365          -3.420         -12.149           36.168
   43 (vir)           31.969          -5.326          -3.050         -11.541           35.134
   44 (vir)           33.326          -4.678          -3.915         -13.359           38.091
   45 (vir)           34.591          -1.829          -2.411         -10.362           40.712
   46 (vir)           35.138          -5.570          -3.731         -13.228           39.064
   47 (vir)           35.538          -4.468          -2.759         -11.538           39.849
   48 (vir)           36.635          -4.177          -3.259         -12.539           41.738
   49 (vir)           38.638          -3.635          -3.216         -12.458           44.245
   50 (vir)           40.171          -2.138          -2.934         -11.421           46.521
   51 (vir)           40.299          -3.461          -3.662         -13.625           46.802
   52 (vir)           43.196          -1.868          -3.905         -14.290           51.713
   53 (vir)           44.125          -2.168          -3.572         -13.825           52.210
   54 (vir)           54.795          -0.493          -2.764         -12.733           64.271
   55 (vir)           58.534          -0.862          -1.442         -10.613           66.842
   56 (vir)           62.119          -5.054          -2.550         -13.197           67.713
   57 (vir)           62.703          -3.363          -2.051         -12.610           69.899
   58 (vir)           65.446          -0.843          -1.953         -12.597           75.247
   59 (vir)           68.526          -1.112          -2.717         -14.080           78.777
   60 (vir)           68.966          -1.333          -2.091         -13.014           78.556
   61 (vir)           77.749          -1.087          -2.066         -13.464           88.060
   62 (vir)           82.151          -0.534          -2.236         -13.877           93.257
   63 (vir)           88.326          -0.577          -3.091         -15.091           99.749
   64 (vir)           94.736          -3.321          -3.759         -17.020          104.676
   65 (vir)          115.968          -3.269          -0.666          -8.335          120.367
   66 (vir)          118.252          -0.886          -0.673          -8.448          125.141
   67 (vir)          151.931          -8.959           4.264         -11.658          158.894
   68 (vir)          194.892          -2.144          12.703         -19.889          225.340
   69 (vir)          267.970          -1.666          -0.633         -13.446          279.117
