 
  kpoint:     0.0702    0.0702    0.0000
 
    n          ϵ_nk^DFT (eV)     Σ^c_nk (eV)     Σ^x_nk (eV)    v_nk^xc (eV)   ϵ_nk^G0W0 (eV)
 
    1 (occ)          -73.498          11.218         -39.704         -24.415          -77.569
    2 (occ)          -38.063           8.346         -31.972         -22.451          -39.238
    3 (occ)          -37.988           8.322         -31.958         -22.540          -39.086
    4 (occ)          -37.967           8.303         -31.949         -22.562          -39.050
    5 (occ)          -14.083           7.585         -20.357         -12.817          -14.037
    6 (occ)          -12.957           7.505         -20.104         -13.013          -12.544
    7 (occ)           -5.467           4.059         -16.155         -12.012           -5.550
    8 (occ)           -2.539           2.614         -16.408         -13.938           -2.395
    9 (occ)           -2.202           2.508         -15.233         -12.572           -2.355
   10 (occ)           -1.724           2.191         -16.495         -14.481           -1.547
   11 (occ)           -1.251           1.723         -16.151         -14.568           -1.111
   12 (occ)           -0.744           1.826         -15.164         -13.297           -0.785
   13 (occ)            0.013           1.000         -15.289         -14.501            0.226
   14 (vir)            2.796          -3.455          -9.355         -13.658            3.644
   15 (vir)            2.935          -3.636          -9.810         -14.459            3.949
   16 (vir)            3.193          -3.542          -9.942         -14.355            4.064
   17 (vir)            3.689          -3.854          -9.868         -14.700            4.667
   18 (vir)            6.036          -4.100          -5.815         -10.837            6.958
   19 (vir)            8.460          -4.066          -4.185          -8.905            9.114
   20 (vir)            8.805          -3.632          -2.815          -6.916            9.274
   21 (vir)           10.039          -4.503          -5.339         -11.125           11.322
   22 (vir)           10.324          -4.819          -5.248         -11.083           11.340
   23 (vir)           11.966          -5.101          -5.729         -12.133           13.269
   24 (vir)           12.083          -4.764          -4.758         -10.775           13.336
   25 (vir)           12.915          -5.537          -5.753         -12.317           13.942
   26 (vir)           13.905          -2.824          -4.916         -11.278           17.442
   27 (vir)           16.312          -5.788          -4.997         -12.178           17.704
   28 (vir)           16.692          -5.740          -5.482         -12.888           18.358
   29 (vir)           17.348          -5.911          -5.513         -13.031           18.954
   30 (vir)           18.372          -7.505          -5.231         -12.823           18.460
   31 (vir)           19.030          -2.898          -3.365         -10.000           22.767
   32 (vir)           20.502          -5.456          -3.773         -11.024           22.297
   33 (vir)           21.637          -5.738          -3.922         -11.793           23.771
   34 (vir)           23.042          -6.248          -4.226         -12.469           25.038
   35 (vir)           23.979          -5.833          -2.420          -8.736           24.462
   36 (vir)           24.292          -5.100          -4.258         -12.734           27.668
   37 (vir)           25.154          -6.147          -4.289         -12.968           27.686
   38 (vir)           27.984          -4.266          -3.560         -11.410           31.568
   39 (vir)           28.842          -5.154          -4.292         -13.291           32.687
   40 (vir)           29.370          -0.594          -3.185         -10.841           36.432
   41 (vir)           30.217          -7.344          -3.960         -12.754           31.667
   42 (vir)           30.642           0.435          -3.662         -12.191           39.605
   43 (vir)           36.344          -4.328          -3.990         -13.930           41.956
   44 (vir)           36.633           3.113          -3.648         -12.950           49.048
   45 (vir)           37.021          -4.486          -3.708         -13.419           42.246
   46 (vir)           37.939          -4.872          -3.557         -12.973           42.484
   47 (vir)           38.255          -0.865          -3.474         -12.524           46.440
   48 (vir)           38.818          -3.930          -3.903         -13.819           44.804
   49 (vir)           42.215           1.313          -3.326         -13.038           53.239
   50 (vir)           42.818          -6.539          -3.923         -14.383           46.740
   51 (vir)           43.252          -0.186          -2.432         -12.230           52.864
   52 (vir)           44.027          -0.272          -3.717         -13.880           53.918
   53 (vir)           51.894          -1.538          -2.281         -10.692           58.768
   54 (vir)           52.660          -3.949          -1.758         -10.200           57.152
   55 (vir)           60.854          -1.934          -1.506         -11.045           68.460
   56 (vir)           62.624          -3.673          -1.688         -11.461           68.723
   57 (vir)           63.020          -1.355          -2.003         -12.478           72.140
   58 (vir)           63.162          -0.669          -1.948         -12.220           72.764
   59 (vir)           65.121          -3.252          -1.499         -11.302           71.672
   60 (vir)           65.491          -2.470          -1.884         -12.094           73.231
   61 (vir)           70.349          -1.718          -2.444         -10.029           76.216
   62 (vir)           70.350          -1.477          -1.648         -12.276           79.502
   63 (vir)           74.263          -1.823          -3.858         -14.880           83.462
   64 (vir)           95.778          -8.805          -2.508         -15.268           99.732
   65 (vir)           98.948          -1.338          -3.936         -16.679          110.354
   66 (vir)          109.433          -1.488          -0.804          -8.466          115.607
   67 (vir)          109.667          -6.584          -0.920         -11.271          113.435
   68 (vir)          115.783         -11.416          -0.369         -12.104          116.101
   69 (vir)          260.316          -2.220          -0.784         -13.547          270.859
