 
  kpoint:     0.1228    0.1228    0.0000
 
    n          ϵ_nk^DFT (eV)     Σ^c_nk (eV)     Σ^x_nk (eV)    v_nk^xc (eV)   ϵ_nk^G0W0 (eV)
 
    1 (occ)          -73.496          11.254         -39.703         -24.417          -77.528
    2 (occ)          -38.053           8.664         -31.973         -22.462          -38.900
    3 (occ)          -38.038           3.965         -31.983         -22.492          -43.564
    4 (occ)          -37.982           8.353         -31.958         -22.548          -39.039
    5 (occ)          -13.679           7.333         -20.297         -12.932          -13.712
    6 (occ)          -12.754           7.112         -20.114         -13.097          -12.659
    7 (occ)           -4.969           3.782         -16.047         -12.161           -5.073
    8 (occ)           -3.439           3.098         -16.237         -13.209           -3.368
    9 (occ)           -2.733           2.712         -15.729         -12.946           -2.804
   10 (occ)           -2.088           2.247         -16.094         -13.905           -2.030
   11 (occ)           -1.474           2.125         -16.069         -14.050           -1.368
   12 (occ)           -0.772           2.068         -14.860         -12.648           -0.917
   13 (occ)           -0.257           1.134         -15.647         -14.767           -0.002
   14 (vir)            2.326          -3.303          -9.468         -13.628            3.182
   15 (vir)            2.811          -3.764          -9.813         -14.629            3.863
   16 (vir)            2.845          -3.616         -10.147         -14.686            3.768
   17 (vir)            4.234          -4.246          -9.800         -15.006            5.193
   18 (vir)            6.986          -4.293          -5.521         -10.718            7.890
   19 (vir)            9.195          -4.378          -4.706          -9.989           10.100
   20 (vir)            9.377          -3.717          -2.966          -7.268            9.961
   21 (vir)            9.534          -4.180          -5.544         -11.192           11.002
   22 (vir)           10.616          -4.243          -4.931         -10.542           11.984
   23 (vir)           11.509          -5.069          -5.057         -11.341           12.724
   24 (vir)           12.109          -5.229          -6.064         -12.720           13.535
   25 (vir)           13.635          -5.156          -5.012         -11.504           14.971
   26 (vir)           13.840          -5.138          -4.410         -10.569           14.861
   27 (vir)           14.695          -5.698          -5.320         -12.178           15.855
   28 (vir)           15.900          -5.869          -5.209         -12.368           17.191
   29 (vir)           16.886          -5.833          -5.159         -12.417           18.311
   30 (vir)           18.946          -6.184          -5.410         -13.203           20.555
   31 (vir)           20.393          -5.395          -3.856         -11.050           22.192
   32 (vir)           22.145          -4.764          -3.502         -10.811           24.690
   33 (vir)           22.822          -3.906          -3.591         -11.301           26.626
   34 (vir)           23.801          -3.871          -3.700         -11.335           27.565
   35 (vir)           24.401          -6.114          -2.933          -9.949           25.304
   36 (vir)           25.244          -3.205          -4.248         -12.843           30.634
   37 (vir)           25.676          -5.558          -3.567         -11.706           28.256
   38 (vir)           26.862          -6.182          -4.040         -12.587           29.227
   39 (vir)           27.543          -4.636          -3.066         -10.896           30.736
   40 (vir)           27.680          -5.660          -3.644         -11.712           30.087
   41 (vir)           30.172          -4.968          -2.924         -11.016           33.296
   42 (vir)           30.458          -6.212          -4.132         -13.217           33.332
   43 (vir)           33.608          -4.485          -3.731         -13.034           38.426
   44 (vir)           34.337          -2.709          -3.547         -12.756           40.836
   45 (vir)           36.154          -5.850          -3.444         -12.670           39.529
   46 (vir)           36.293           0.374          -3.877         -13.681           46.470
   47 (vir)           37.927          -4.105          -3.620         -13.200           43.402
   48 (vir)           39.121          -2.341          -3.618         -13.180           46.342
   49 (vir)           40.460          -4.798          -3.461         -13.280           45.479
   50 (vir)           42.533          -3.371          -3.693         -13.957           49.426
   51 (vir)           42.963          -7.260          -3.897         -14.404           46.210
   52 (vir)           44.386          -6.730          -3.104         -12.765           47.317
   53 (vir)           46.630          -0.160          -2.106         -10.924           55.288
   54 (vir)           51.357           0.725          -2.638         -11.516           60.959
   55 (vir)           59.229          -2.057          -2.289         -11.774           66.658
   56 (vir)           63.536          -4.584          -1.963         -12.438           69.426
   57 (vir)           64.065           0.025          -1.801         -12.097           74.386
   58 (vir)           64.568          -1.006          -1.528         -10.478           72.512
   59 (vir)           65.139           0.255          -2.219         -12.604           75.780
   60 (vir)           65.826           0.500          -1.895         -12.442           76.873
   61 (vir)           72.233          -1.062          -2.362         -12.342           81.151
   62 (vir)           75.104          -3.667          -1.621         -11.785           81.601
   63 (vir)           83.011          -0.680          -1.863         -13.874           94.343
   64 (vir)           92.995          -3.930          -3.282         -16.270          102.054
   65 (vir)           98.375          -1.625          -3.311         -16.395          109.834
   66 (vir)          108.292           2.076           0.903         -11.151          122.422
   67 (vir)          110.556          -0.073          -0.760          -8.431          118.154
   68 (vir)          125.687           5.485           5.040         -11.950          148.161
   69 (vir)          267.013          -1.779          -0.274         -13.600          278.560
