 
  kpoint:     0.0000    0.3158    0.0000
 
    n          ϵ_nk^DFT (eV)     Σ^c_nk (eV)     Σ^x_nk (eV)    v_nk^xc (eV)   ϵ_nk^G0W0 (eV)
 
    1 (occ)          -73.493          11.248         -39.702         -24.420          -77.528
    2 (occ)          -38.107           8.164         -32.018         -22.425          -39.537
    3 (occ)          -38.040           8.238         -31.972         -22.477          -39.296
    4 (occ)          -37.995           8.095         -31.967         -22.537          -39.330
    5 (occ)          -13.081           7.171         -20.236         -13.129          -13.018
    6 (occ)          -12.462           6.907         -20.144         -13.237          -12.462
    7 (occ)           -4.877           3.818         -16.369         -12.565           -4.863
    8 (occ)           -4.055           3.344         -15.841         -12.337           -4.214
    9 (occ)           -3.759           3.232         -15.878         -12.599           -3.806
   10 (occ)           -2.156           2.308         -16.516         -14.284           -2.081
   11 (occ)           -1.502           2.405         -14.954         -12.342           -1.708
   12 (occ)           -0.910           1.936         -15.683         -13.790           -0.867
   13 (occ)           -0.747           1.403         -15.354         -14.175           -0.523
   14 (vir)            2.507          -3.667          -9.931         -14.521            3.429
   15 (vir)            2.686          -3.774         -10.918         -15.663            3.658
   16 (vir)            3.517          -3.974          -9.201         -14.173            4.515
   17 (vir)            4.528          -4.362          -9.845         -15.234            5.555
   18 (vir)            6.676          -4.287          -5.718         -11.067            7.737
   19 (vir)            7.893          -4.417          -5.470         -10.716            8.722
   20 (vir)            8.425          -3.915          -5.066         -10.272            9.715
   21 (vir)           10.440          -4.233          -3.774          -8.764           11.197
   22 (vir)           10.658          -3.713          -5.227         -11.105           12.822
   23 (vir)           12.620          -5.564          -5.780         -12.503           13.780
   24 (vir)           12.789          -4.664          -4.882         -11.018           14.261
   25 (vir)           13.209          -4.700          -4.590         -10.530           14.450
   26 (vir)           14.975          -5.228          -4.016         -10.505           16.235
   27 (vir)           15.367          -5.953          -4.565         -11.642           16.491
   28 (vir)           15.591          -5.088          -4.308         -10.842           17.037
   29 (vir)           16.824          -5.746          -5.166         -12.384           18.295
   30 (vir)           19.848          -6.730          -5.417         -13.337           21.038
   31 (vir)           21.715          -4.761          -4.280         -11.606           24.280
   32 (vir)           22.478          -4.842          -3.736         -11.232           25.131
   33 (vir)           23.213          -6.166          -3.751         -11.287           24.582
   34 (vir)           24.076          -6.131          -3.849         -12.034           26.131
   35 (vir)           24.846          -5.004          -3.520         -11.380           27.701
   36 (vir)           25.085          -6.430          -2.711          -9.826           25.769
   37 (vir)           28.007          -2.837          -2.830         -10.596           32.936
   38 (vir)           28.018          -0.591          -3.500         -12.056           35.983
   39 (vir)           28.151          -5.863          -3.898         -12.655           31.046
   40 (vir)           29.224          -7.287          -3.789         -12.375           30.524
   41 (vir)           29.545          -6.548          -4.166         -13.325           32.155
   42 (vir)           30.394          -1.797          -2.832         -10.803           36.567
   43 (vir)           31.597          -3.216          -3.453         -12.012           36.939
   44 (vir)           31.952          -2.606          -3.748         -12.839           38.438
   45 (vir)           33.623          -3.139          -3.546         -12.436           39.375
   46 (vir)           34.244          -4.414          -3.820         -13.221           39.230
   47 (vir)           37.052          -3.055          -3.638         -13.159           43.518
   48 (vir)           38.084          -2.204          -2.993         -11.777           44.664
   49 (vir)           40.239          -1.565          -3.336         -12.550           47.888
   50 (vir)           40.456          -9.220          -3.099         -12.675           40.812
   51 (vir)           40.836          -8.317          -3.808         -14.026           42.738
   52 (vir)           43.750          -3.271          -3.688         -14.067           50.858
   53 (vir)           44.268          -1.913          -3.108         -12.635           51.882
   54 (vir)           50.390          -0.526          -3.045         -13.084           59.902
   55 (vir)           61.890          -5.355          -2.035         -12.419           66.918
   56 (vir)           63.813          -3.337          -2.279         -12.927           71.124
   57 (vir)           64.526          -1.969          -1.381         -11.275           72.452
   58 (vir)           64.606          -1.390          -1.983         -12.578           73.810
   59 (vir)           66.622          -0.766          -2.234         -13.019           76.641
   60 (vir)           67.645          -1.379          -2.105         -12.936           77.098
   61 (vir)           76.857          -0.399          -1.674         -12.427           87.212
   62 (vir)           83.792           1.134          -3.287         -15.222           96.862
   63 (vir)           88.234          -1.482          -3.234         -15.549           99.068
   64 (vir)           96.127          -1.880          -3.773         -17.068          107.542
   65 (vir)          112.371          -1.240          -0.730          -8.376          118.777
   66 (vir)          115.571          -3.485          -0.769          -8.742          120.059
   67 (vir)          129.829          -4.488           0.433         -11.054          136.827
   68 (vir)          160.315          -1.572          -9.660         -16.240          165.323
   69 (vir)          266.623          -1.914          -0.635         -13.503          277.578
