 
  kpoint:     0.0000    0.1579    0.0000
 
    n          ϵ_nk^DFT (eV)     Σ^c_nk (eV)     Σ^x_nk (eV)    v_nk^xc (eV)   ϵ_nk^G0W0 (eV)
 
    1 (occ)          -73.498          11.246         -39.704         -24.416          -77.540
    2 (occ)          -38.059           8.939         -31.973         -22.455          -38.639
    3 (occ)          -38.007           8.357         -31.968         -22.521          -39.098
    4 (occ)          -37.971           7.985         -31.952         -22.558          -39.379
    5 (occ)          -13.943           7.464         -20.334         -12.855          -13.958
    6 (occ)          -12.887           7.157         -20.108         -13.041          -12.797
    7 (occ)           -5.293           3.962         -16.110         -12.058           -5.384
    8 (occ)           -2.897           2.812         -16.311         -13.611           -2.785
    9 (occ)           -2.459           2.578         -15.546         -12.869           -2.559
   10 (occ)           -1.589           2.128         -16.406         -14.439           -1.427
   11 (occ)           -1.354           1.775         -16.284         -14.649           -1.215
   12 (occ)           -0.907           2.051         -14.733         -12.536           -1.053
   13 (occ)           -0.085           1.056         -15.415         -14.585            0.141
   14 (vir)            2.567          -3.412          -9.323         -13.586            3.417
   15 (vir)            2.918          -3.686          -9.791         -14.502            3.944
   16 (vir)            3.081          -3.509         -10.081         -14.483            3.974
   17 (vir)            3.853          -3.959          -9.890         -14.845            4.850
   18 (vir)            6.376          -4.253          -5.627         -10.696            7.192
   19 (vir)            8.739          -3.727          -4.536          -9.506            9.982
   20 (vir)            9.023          -3.480          -2.791          -6.916            9.668
   21 (vir)            9.904          -4.482          -5.269         -11.000           11.153
   22 (vir)           10.269          -4.336          -5.399         -11.271           11.805
   23 (vir)           11.829          -4.153          -4.628         -10.590           13.637
   24 (vir)           12.460          -5.269          -5.617         -12.147           13.720
   25 (vir)           12.900          -5.221          -5.755         -12.311           14.235
   26 (vir)           14.137          -5.112          -4.833         -11.269           15.462
   27 (vir)           15.578          -5.557          -4.982         -11.998           17.038
   28 (vir)           16.414          -5.720          -5.103         -12.309           17.900
   29 (vir)           16.536          -6.148          -5.653         -13.050           17.786
   30 (vir)           18.663          -5.430          -5.317         -13.006           20.922
   31 (vir)           19.571          -4.717          -3.487         -10.277           21.643
   32 (vir)           21.126          -4.977          -3.689         -10.993           23.452
   33 (vir)           22.042          -3.608          -3.843         -11.596           26.188
   34 (vir)           23.895          -3.082          -3.892         -11.630           28.551
   35 (vir)           24.140          -5.471          -4.115         -12.328           26.881
   36 (vir)           24.194          -1.691          -2.748          -9.806           29.560
   37 (vir)           25.344          -6.940          -4.238         -12.947           27.113
   38 (vir)           27.136          -3.891          -3.770         -11.666           31.141
   39 (vir)           28.786          -5.690          -4.226         -13.247           32.118
   40 (vir)           29.124           1.298          -2.842         -10.542           38.121
   41 (vir)           29.627          -5.766          -3.478         -11.834           32.217
   42 (vir)           29.907          -4.653          -3.867         -12.534           33.922
   43 (vir)           35.967           1.046          -3.586         -13.001           46.429
   44 (vir)           36.128          -2.081          -3.418         -12.642           43.271
   45 (vir)           36.282          -6.865          -4.053         -14.028           39.392
   46 (vir)           37.523           0.590          -3.255         -12.340           47.198
   47 (vir)           38.043          -4.121          -3.710         -13.394           43.606
   48 (vir)           39.354          -4.533          -4.155         -14.364           45.029
   49 (vir)           41.664          -0.970          -3.031         -12.475           50.137
   50 (vir)           41.791          -2.736          -3.786         -13.878           49.146
   51 (vir)           43.892           2.524          -3.700         -14.114           56.829
   52 (vir)           44.566          -1.292          -3.309         -13.278           53.243
   53 (vir)           45.796          -1.965          -2.328         -10.991           52.493
   54 (vir)           48.555          -3.764          -1.949          -9.678           52.520
   55 (vir)           60.842          -0.944          -1.850         -11.881           69.929
   56 (vir)           62.999          -0.442          -2.030         -12.579           73.105
   57 (vir)           63.011          -6.226          -1.807         -11.899           66.876
   58 (vir)           63.398          -0.594          -2.061         -12.574           73.317
   59 (vir)           65.876          -1.230          -2.028         -12.735           75.353
   60 (vir)           66.203           0.740          -2.254         -11.702           76.391
   61 (vir)           73.566          -0.221          -1.792         -11.081           82.633
   62 (vir)           74.752           0.086          -3.652         -15.312           86.498
   63 (vir)           87.126           6.517          -0.836          -9.683          102.490
   64 (vir)           97.133          -3.951          -4.352         -16.550          105.381
   65 (vir)           97.287          -2.288          -3.325         -16.615          108.290
   66 (vir)          109.815          -2.535          -0.785          -8.443          114.938
   67 (vir)          112.055           0.840          -0.963          -8.909          120.840
   68 (vir)          123.986          -0.374           2.708         -13.958          140.278
   69 (vir)          260.781          -1.481          -0.762         -13.538          272.076
