 
  kpoint:     0.1930    0.1930    0.0000
 
    n          ϵ_nk^DFT (eV)     Σ^c_nk (eV)     Σ^x_nk (eV)    v_nk^xc (eV)   ϵ_nk^G0W0 (eV)
 
    1 (occ)          -73.493          11.275         -39.703         -24.420          -77.499
    2 (occ)          -38.104           8.620         -32.015         -22.429          -39.070
    3 (occ)          -38.038           8.326         -31.972         -22.480          -39.203
    4 (occ)          -38.014           8.159         -31.977         -22.517          -39.315
    5 (occ)          -12.958           7.070         -20.227         -13.172          -12.942
    6 (occ)          -12.397           6.748         -20.154         -13.268          -12.535
    7 (occ)           -4.637           3.709         -16.334         -12.655           -4.607
    8 (occ)           -4.048           3.430         -15.855         -12.352           -4.121
    9 (occ)           -3.673           3.161         -15.993         -12.815           -3.691
   10 (occ)           -2.924           2.813         -16.155         -13.315           -2.951
   11 (occ)           -1.902           2.338         -15.258         -12.911           -1.910
   12 (occ)           -1.084           2.247         -15.113         -12.678           -1.273
   13 (occ)           -0.320           1.233         -15.760         -14.774           -0.073
   14 (vir)            2.153          -3.306          -9.849         -14.067            3.064
   15 (vir)            2.936          -4.238         -10.985         -16.226            3.939
   16 (vir)            3.121          -3.932          -9.619         -14.607            4.177
   17 (vir)            4.733          -4.578          -9.505         -15.063            5.713
   18 (vir)            7.485          -4.832          -6.649         -12.503            8.507
   19 (vir)            8.251          -3.839          -4.028          -8.660            9.043
   20 (vir)            9.714          -3.904          -4.411          -9.600           10.999
   21 (vir)           10.256          -5.292          -6.262         -12.631           11.333
   22 (vir)           10.647          -4.458          -4.409          -9.842           11.622
   23 (vir)           11.576          -4.859          -4.990         -11.084           12.811
   24 (vir)           12.551          -5.481          -4.291         -10.159           12.939
   25 (vir)           12.810          -4.947          -5.347         -11.699           14.215
   26 (vir)           13.787          -4.946          -4.781         -11.102           15.163
   27 (vir)           14.828          -5.142          -4.493         -10.948           16.141
   28 (vir)           16.458          -5.763          -5.205         -12.290           17.780
   29 (vir)           17.881          -5.431          -4.266         -11.286           19.470
   30 (vir)           20.590          -6.894          -4.902         -12.838           21.633
   31 (vir)           21.299          -5.860          -4.526         -12.352           23.264
   32 (vir)           22.732          -5.240          -3.514         -10.681           24.660
   33 (vir)           23.653          -3.820          -3.272         -10.466           27.028
   34 (vir)           24.132          -5.721          -3.887         -11.832           26.355
   35 (vir)           24.988          -5.396          -3.208         -10.709           27.092
   36 (vir)           25.041          -4.119          -3.609         -11.655           28.969
   37 (vir)           26.455          -2.814          -3.428         -11.455           31.668
   38 (vir)           26.926          -2.045          -2.577          -9.832           32.136
   39 (vir)           27.651          -5.900          -3.418         -11.943           30.275
   40 (vir)           28.527          -4.772          -3.532         -12.050           32.273
   41 (vir)           30.571          -3.159          -4.246         -13.373           36.539
   42 (vir)           31.138          -4.237          -4.236         -13.465           36.130
   43 (vir)           32.545          -0.038          -3.626         -12.600           41.481
   44 (vir)           32.614          -4.357          -3.366         -12.151           37.042
   45 (vir)           33.113          -4.067          -3.295         -11.937           37.688
   46 (vir)           33.918          -3.555          -3.310         -12.152           39.206
   47 (vir)           36.626          -6.168          -3.494         -13.130           40.094
   48 (vir)           38.069          -4.667          -3.879         -13.724           43.247
   49 (vir)           40.285          -3.386          -3.681         -13.572           46.790
   50 (vir)           40.761          -3.425          -3.449         -13.821           47.709
   51 (vir)           43.159          -2.314          -3.740         -14.108           51.213
   52 (vir)           43.280          -5.395          -2.999         -12.490           47.376
   53 (vir)           44.590          -4.208          -2.526         -11.057           48.913
   54 (vir)           54.698          -1.781          -2.528         -13.345           63.734
   55 (vir)           60.915          -2.804          -2.301         -12.518           68.328
   56 (vir)           63.296          -2.820          -2.160         -12.683           70.998
   57 (vir)           64.837          -1.603          -1.785         -11.958           73.408
   58 (vir)           65.199          -2.556          -1.746         -11.714           72.610
   59 (vir)           67.201          -1.367          -2.058         -12.565           76.341
   60 (vir)           68.478          -1.592          -1.436         -11.049           76.500
   61 (vir)           74.722          -1.179          -1.949         -12.747           84.342
   62 (vir)           80.726           0.125          -2.322         -12.388           90.917
   63 (vir)           86.647          -4.850          -0.503         -15.017           96.310
   64 (vir)           92.626          -0.883          -2.527         -13.591          102.807
   65 (vir)           95.876          -0.654           0.217         -15.665          111.103
   66 (vir)          100.427          -7.405           3.373         -14.569          110.964
   67 (vir)          113.190          -1.405          -0.757          -8.404          119.433
   68 (vir)          123.562          -7.455           5.888         -10.109          132.105
   69 (vir)          273.178          -2.779           0.414         -13.578          284.391
