 
  kpoint:     0.3333    0.3333    0.0000
 
    n          ϵ_nk^DFT (eV)     Σ^c_nk (eV)     Σ^x_nk (eV)    v_nk^xc (eV)   ϵ_nk^G0W0 (eV)
 
    1 (occ)          -73.489          11.165         -39.700         -24.423          -77.601
    2 (occ)          -38.117           8.506         -31.985         -22.418          -39.178
    3 (occ)          -38.095           8.592         -32.054         -22.439          -39.117
    4 (occ)          -38.023           8.092         -31.973         -22.498          -39.406
    5 (occ)          -12.101           6.483         -20.229         -13.547          -12.300
    6 (occ)          -11.976           6.821         -20.237         -13.510          -11.880
    7 (occ)           -4.904           3.761         -16.494         -12.748           -4.888
    8 (occ)           -4.809           4.042         -16.293         -12.326           -4.734
    9 (occ)           -3.913           3.219         -15.028         -11.713           -4.009
   10 (occ)           -3.338           3.066         -16.228         -13.047           -3.453
   11 (occ)           -2.865           2.961         -15.138         -11.992           -3.050
   12 (occ)           -1.944           2.533         -16.131         -13.478           -2.064
   13 (occ)            0.433           0.428         -14.931         -14.802            0.732
   14 (vir)            1.993          -3.331         -11.686         -16.062            3.037
   15 (vir)            3.258          -3.853          -9.108         -13.996            4.294
   16 (vir)            3.874          -4.560         -10.428         -15.921            4.807
   17 (vir)            5.268          -5.078          -9.843         -15.982            6.330
   18 (vir)            6.222          -4.246          -5.590         -10.729            7.116
   19 (vir)            6.990          -4.331          -6.841         -12.212            8.030
   20 (vir)           10.604          -5.660          -5.345         -11.320           10.919
   21 (vir)           10.654          -4.211          -4.301          -9.676           11.818
   22 (vir)           12.192          -5.049          -4.029         -10.019           13.133
   23 (vir)           12.294          -4.812          -4.859         -11.015           13.638
   24 (vir)           13.640          -5.440          -5.073         -11.668           14.795
   25 (vir)           13.659          -5.766          -5.331         -12.304           14.865
   26 (vir)           14.512          -4.224          -2.937          -8.318           15.669
   27 (vir)           14.568          -5.441          -5.841         -12.684           15.970
   28 (vir)           17.783          -4.937          -4.826         -11.587           19.608
   29 (vir)           17.950          -4.804          -3.093          -9.045           19.099
   30 (vir)           18.730          -6.025          -3.780         -10.690           19.615
   31 (vir)           18.920          -6.789          -4.390         -12.093           19.833
   32 (vir)           20.434          -5.404          -3.922         -10.969           22.077
   33 (vir)           25.403          -6.706          -4.254         -12.923           27.365
   34 (vir)           25.667          -5.612          -3.040         -10.365           27.379
   35 (vir)           25.771          -5.507          -3.606         -11.295           27.953
   36 (vir)           27.161          -6.333          -3.717         -11.940           29.051
   37 (vir)           28.649          -5.341          -3.773         -12.260           31.795
   38 (vir)           28.795          -7.304          -3.749         -12.599           30.341
   39 (vir)           29.432          -5.352          -3.948         -13.002           33.135
   40 (vir)           29.459           0.063          -3.636         -12.387           38.272
   41 (vir)           30.064          -7.760          -3.978         -12.658           30.984
   42 (vir)           30.721          -5.892          -4.234         -13.567           34.162
   43 (vir)           31.376          -4.620          -3.742         -12.722           35.736
   44 (vir)           32.738          -1.202          -2.632         -10.641           39.545
   45 (vir)           34.799          -5.183          -3.775         -13.418           39.260
   46 (vir)           34.882          -3.463          -2.079          -9.744           39.084
   47 (vir)           36.386          -2.910          -3.789         -13.581           43.268
   48 (vir)           38.186          -0.862          -3.688         -13.456           47.092
   49 (vir)           38.817          -1.650          -3.546         -12.899           46.520
   50 (vir)           40.133          -6.065          -4.102         -14.375           44.341
   51 (vir)           41.224          -0.740          -3.195         -12.361           49.651
   52 (vir)           42.745          -2.518          -3.592         -13.807           50.441
   53 (vir)           51.769          -2.815          -3.262         -13.730           59.421
   54 (vir)           58.163          -4.169          -1.099         -10.163           63.059
   55 (vir)           61.263          -0.727          -2.461         -13.020           71.095
   56 (vir)           63.515          -2.656          -1.789         -11.536           70.606
   57 (vir)           67.423          -0.638          -2.138         -12.929           77.575
   58 (vir)           69.122          -1.920          -2.511         -13.495           78.186
   59 (vir)           71.885           0.403          -1.695         -10.793           81.386
   60 (vir)           73.126          -1.414          -1.448         -11.687           81.951
   61 (vir)           77.593          -4.952          -1.282         -11.607           82.966
   62 (vir)           85.641          -2.660          -2.211         -11.585           92.355
   63 (vir)           87.492          -2.184          -3.510         -15.776           97.575
   64 (vir)           92.547          -0.796          -3.388         -15.629          103.994
   65 (vir)           92.822          -1.463          -4.141         -17.456          104.674
   66 (vir)          103.360          -4.329           0.169         -10.170          109.370
   67 (vir)          118.583          -0.916          -0.601          -8.109          125.175
   68 (vir)          129.707          -1.997           0.104         -10.949          138.763
   69 (vir)          268.750          -1.736          -0.648         -13.446          279.812
