 
  kpoint:     0.0351    0.0351    0.0000
 
    n          ϵ_nk^DFT (eV)     Σ^c_nk (eV)     Σ^x_nk (eV)    v_nk^xc (eV)   ϵ_nk^G0W0 (eV)
 
    1 (occ)          -73.499          11.284         -39.705         -24.414          -77.506
    2 (occ)          -38.067           8.295         -31.973         -22.445          -39.299
    3 (occ)          -37.967           8.179         -31.949         -22.561          -39.176
    4 (occ)          -37.961           8.497         -31.946         -22.567          -38.843
    5 (occ)          -14.240           7.754         -20.382         -12.775          -14.094
    6 (occ)          -13.037           6.834         -20.103         -12.982          -13.324
    7 (occ)           -5.669           4.178         -16.220         -11.971           -5.739
    8 (occ)           -2.089           2.370         -16.563         -14.379           -1.902
    9 (occ)           -1.900           2.496         -14.621         -11.872           -2.153
   10 (occ)           -1.866           2.243         -16.609         -14.554           -1.677
   11 (occ)           -0.927           1.510         -16.227         -14.901           -0.742
   12 (occ)           -0.790           1.589         -15.781         -14.287           -0.695
   13 (occ)            0.086           0.956         -15.089         -14.325            0.278
   14 (vir)            3.178          -3.571          -9.805         -14.382            4.184
   15 (vir)            3.225          -3.563          -9.545         -13.959            4.076
   16 (vir)            3.396          -3.615          -9.850         -14.302            4.234
   17 (vir)            3.415          -3.643          -9.845         -14.480            4.407
   18 (vir)            5.385          -3.958          -5.791         -10.683            6.318
   19 (vir)            8.288          -3.575          -3.866          -8.324            9.171
   20 (vir)            8.496          -3.839          -3.426          -7.838            9.070
   21 (vir)            9.402          -3.907          -4.651          -9.871           10.715
   22 (vir)           10.945          -4.836          -5.412         -11.445           12.143
   23 (vir)           11.504          -4.876          -5.653         -11.874           12.850
   24 (vir)           12.674          -5.184          -5.753         -12.306           14.043
   25 (vir)           13.216          -5.229          -5.072         -11.402           14.317
   26 (vir)           13.839          -4.748          -5.210         -11.710           15.591
   27 (vir)           17.255          -5.831          -4.858         -12.152           18.719
   28 (vir)           17.668          -4.503          -5.623         -13.275           20.818
   29 (vir)           17.776          -6.125          -5.624         -13.286           19.312
   30 (vir)           18.096          -6.243          -5.113         -12.612           19.352
   31 (vir)           18.525           0.609          -3.164          -9.589           25.559
   32 (vir)           19.822          -5.688          -3.796         -10.882           21.221
   33 (vir)           21.477          -5.078          -4.037         -11.976           24.338
   34 (vir)           21.605          -7.192          -4.365         -12.441           22.489
   35 (vir)           24.521          -5.613          -4.320         -13.028           27.616
   36 (vir)           24.852          -5.676          -4.364         -13.107           27.919
   37 (vir)           26.131          -7.534          -2.708          -9.323           25.211
   38 (vir)           28.944          -8.231          -3.408         -11.291           28.597
   39 (vir)           29.712          -5.746          -4.335         -13.520           33.150
   40 (vir)           29.953          -1.655          -3.332         -11.099           36.065
   41 (vir)           30.243          -1.164          -3.937         -12.670           37.812
   42 (vir)           31.580          -5.230          -3.707         -12.598           35.241
   43 (vir)           36.501          -5.032          -4.039         -14.001           41.431
   44 (vir)           36.921          -4.635          -3.935         -13.999           42.350
   45 (vir)           37.679          -5.274          -4.121         -14.225           42.508
   46 (vir)           38.359         -10.766          -3.442         -12.854           37.005
   47 (vir)           39.117         -11.174          -2.834         -11.504           36.614
   48 (vir)           39.484          -1.594          -3.517         -12.545           46.919
   49 (vir)           41.486          -0.752          -3.478         -13.235           50.491
   50 (vir)           43.610         -12.327          -3.890         -14.247           41.640
   51 (vir)           45.276          -1.896          -3.530         -13.291           53.140
   52 (vir)           47.869         -10.619          -0.629         -11.278           47.899
   53 (vir)           53.791          -3.512          -2.071         -10.680           58.888
   54 (vir)           56.410           0.174          -2.225         -11.208           65.566
   55 (vir)           61.680          -2.150          -1.626         -11.595           69.499
   56 (vir)           62.171          -3.932          -2.268         -12.897           68.869
   57 (vir)           62.520          -2.453          -1.483         -10.476           69.059
   58 (vir)           63.067           0.546          -1.822         -11.904           73.694
   59 (vir)           65.489          -0.171          -1.766         -11.273           74.825
   60 (vir)           66.578           1.102          -1.684          -9.642           75.639
   61 (vir)           68.578          -3.588          -1.752         -12.869           76.107
   62 (vir)           70.179          -6.693          -0.897         -10.272           72.861
   63 (vir)           70.576          -1.584          -3.738         -14.642           79.895
   64 (vir)           88.565          -1.790          -1.091         -12.740           98.423
   65 (vir)          100.871          -0.798          -3.990         -16.857          112.939
   66 (vir)          106.436          -4.459          -2.597         -16.473          115.852
   67 (vir)          107.850           0.993          -0.860          -8.547          116.529
   68 (vir)          110.812          -2.119          -0.916          -9.062          116.840
   69 (vir)          258.487          -1.719          -0.812         -13.540          269.496
