 
  kpoint:     0.1404    0.1404    0.0000
 
    n          ϵ_nk^DFT (eV)     Σ^c_nk (eV)     Σ^x_nk (eV)    v_nk^xc (eV)   ϵ_nk^G0W0 (eV)
 
    1 (occ)          -73.495          11.279         -39.703         -24.418          -77.501
    2 (occ)          -38.056           7.860         -31.992         -22.474          -39.713
    3 (occ)          -38.049           8.688         -31.973         -22.467          -38.868
    4 (occ)          -37.989           8.213         -31.963         -22.541          -39.197
    5 (occ)          -13.510           7.229         -20.275         -12.983          -13.573
    6 (occ)          -12.670           7.054         -20.120         -13.135          -12.602
    7 (occ)           -4.776           3.692         -16.041         -12.257           -4.868
    8 (occ)           -3.735           3.258         -16.187         -12.972           -3.692
    9 (occ)           -2.920           2.803         -15.784         -12.924           -2.977
   10 (occ)           -2.387           2.441         -16.142         -13.750           -2.337
   11 (occ)           -1.462           2.141         -15.827         -13.756           -1.393
   12 (occ)           -0.819           2.123         -14.883         -12.601           -0.978
   13 (occ)           -0.338           1.177         -15.770         -14.853           -0.078
   14 (vir)            2.221          -3.257          -9.587         -13.719            3.095
   15 (vir)            2.804          -3.744         -10.264         -14.942            3.737
   16 (vir)            2.853          -3.811          -9.779         -14.646            3.908
   17 (vir)            4.401          -4.341          -9.744         -15.060            5.376
   18 (vir)            7.232          -4.367          -5.551         -10.823            8.136
   19 (vir)            8.966          -4.446          -4.892         -10.173            9.802
   20 (vir)            9.532          -3.779          -3.293          -7.825           10.286
   21 (vir)            9.833          -4.334          -5.592         -11.361           11.268
   22 (vir)           10.477          -4.261          -4.631         -10.081           11.666
   23 (vir)           11.767          -5.694          -5.057         -11.353           12.369
   24 (vir)           11.949          -5.363          -6.028         -12.671           13.229
   25 (vir)           13.571          -5.176          -4.914         -11.308           14.789
   26 (vir)           13.795          -5.057          -4.502         -10.669           14.905
   27 (vir)           14.435          -6.161          -5.186         -11.895           14.983
   28 (vir)           16.077          -5.878          -5.119         -12.252           17.332
   29 (vir)           16.931          -5.784          -4.975         -12.146           18.318
   30 (vir)           19.194          -6.479          -5.419         -13.259           20.556
   31 (vir)           20.855          -5.279          -4.236         -11.637           22.977
   32 (vir)           22.669          -5.657          -3.400         -10.675           24.287
   33 (vir)           23.099          -3.708          -3.445         -10.877           26.823
   34 (vir)           23.650          -6.955          -3.569         -11.203           24.330
   35 (vir)           24.762          -6.234          -2.989         -10.096           25.636
   36 (vir)           25.560          -3.950          -4.123         -12.631           30.117
   37 (vir)           26.173          -5.674          -4.049         -12.431           28.881
   38 (vir)           26.475          -6.369          -3.326         -11.372           28.152
   39 (vir)           26.988          -5.441          -3.212         -11.109           29.444
   40 (vir)           27.613          -4.928          -3.622         -11.664           30.727
   41 (vir)           30.493          -6.454          -2.943         -10.942           32.038
   42 (vir)           30.707          -4.553          -4.224         -13.311           35.241
   43 (vir)           32.656          -6.215          -3.895         -13.175           35.721
   44 (vir)           33.469          -3.530          -3.657         -12.833           39.114
   45 (vir)           35.405          -4.772          -3.487         -12.612           39.757
   46 (vir)           35.975          -2.911          -3.761         -13.345           42.647
   47 (vir)           37.566          -3.619          -3.409         -12.595           43.133
   48 (vir)           38.894          -4.441          -3.747         -13.426           44.132
   49 (vir)           40.395          -9.331          -3.859         -13.715           40.920
   50 (vir)           42.035          -3.120          -3.693         -13.884           49.106
   51 (vir)           43.041          -9.062          -3.857         -14.348           44.469
   52 (vir)           44.352          -4.076          -3.010         -12.462           49.729
   53 (vir)           45.549           0.003          -2.344         -11.075           54.283
   54 (vir)           51.691          -0.172          -3.144         -12.337           60.711
   55 (vir)           59.432          -0.659          -2.402         -12.058           68.429
   56 (vir)           63.606           1.687          -2.014         -12.533           75.812
   57 (vir)           64.345           0.652          -1.767         -12.011           75.242
   58 (vir)           65.234          -0.959          -1.648         -10.421           73.049
   59 (vir)           65.674          -4.749          -1.974         -12.545           71.496
   60 (vir)           66.066           0.800          -1.941         -12.490           77.415
   61 (vir)           72.967           0.054          -2.495         -12.346           82.873
   62 (vir)           76.567          -1.437          -1.876         -12.084           85.337
   63 (vir)           86.185          -0.365          -1.922         -13.716           97.614
   64 (vir)           91.090           1.314          -5.290         -16.078          103.193
   65 (vir)           98.083          -5.768          -3.678         -16.299          104.937
   66 (vir)          106.396           3.535          -1.999         -12.017          119.948
   67 (vir)          110.831           4.548          -0.760          -8.414          123.032
   68 (vir)          125.026           9.403          -3.170         -11.387          142.646
   69 (vir)          269.528          -0.767          -0.978         -13.612          281.395
