 
  kpoint:     0.0000    0.3684    0.0000
 
    n          ϵ_nk^DFT (eV)     Σ^c_nk (eV)     Σ^x_nk (eV)    v_nk^xc (eV)   ϵ_nk^G0W0 (eV)
 
    1 (occ)          -73.492          11.248         -39.702         -24.421          -77.525
    2 (occ)          -38.136           8.305         -32.033         -22.398          -39.467
    3 (occ)          -38.035           8.493         -31.971         -22.484          -39.028
    4 (occ)          -38.001           8.134         -31.973         -22.530          -39.310
    5 (occ)          -12.781           7.081         -20.222         -13.246          -12.676
    6 (occ)          -12.320           6.827         -20.168         -13.314          -12.347
    7 (occ)           -5.286           4.035         -16.332         -12.292           -5.291
    8 (occ)           -4.160           3.424         -15.855         -12.347           -4.243
    9 (occ)           -3.904           3.272         -16.015         -12.595           -4.052
   10 (occ)           -2.346           2.440         -16.590         -14.214           -2.281
   11 (occ)           -1.626           2.455         -15.219         -12.579           -1.812
   12 (occ)           -0.787           1.467         -15.113         -13.834           -0.599
   13 (occ)           -0.733           1.930         -15.402         -13.469           -0.736
   14 (vir)            2.694          -3.988         -11.279         -16.273            3.700
   15 (vir)            2.704          -3.899         -10.215         -15.063            3.653
   16 (vir)            3.791          -4.051          -8.909         -13.965            4.796
   17 (vir)            4.647          -4.436          -9.811         -15.262            5.663
   18 (vir)            6.127          -4.378          -6.336         -11.762            7.176
   19 (vir)            7.622          -4.170          -5.081         -10.160            8.531
   20 (vir)            8.048          -3.948          -5.272         -10.446            9.273
   21 (vir)           10.616          -4.577          -4.499          -9.896           11.436
   22 (vir)           10.670          -4.595          -5.044         -10.786           11.816
   23 (vir)           12.031          -5.261          -5.740         -12.251           13.281
   24 (vir)           12.975          -4.626          -4.675         -10.652           14.325
   25 (vir)           13.096          -4.373          -3.897          -9.412           14.239
   26 (vir)           15.406          -5.303          -3.865         -10.422           16.659
   27 (vir)           16.250          -6.093          -4.279         -10.923           16.800
   28 (vir)           16.565          -5.704          -4.315         -11.558           18.105
   29 (vir)           17.852          -6.104          -5.031         -12.417           19.134
   30 (vir)           20.155          -7.485          -5.203         -13.107           20.574
   31 (vir)           21.306          -4.892          -3.994         -11.074           23.492
   32 (vir)           22.831          -6.174          -3.780         -11.268           24.145
   33 (vir)           22.839          -5.962          -4.179         -11.921           24.619
   34 (vir)           23.624          -5.398          -3.758         -11.808           26.276
   35 (vir)           25.167          -5.807          -3.834         -11.895           27.421
   36 (vir)           25.831          -5.996          -2.965         -10.393           27.263
   37 (vir)           27.611          -1.956          -3.214         -11.173           33.613
   38 (vir)           28.030          -2.999          -3.673         -12.190           33.548
   39 (vir)           29.251          -7.235          -3.646         -12.454           30.824
   40 (vir)           29.574          -5.955          -4.133         -13.243           32.728
   41 (vir)           29.858          -4.065          -3.760         -12.361           34.394
   42 (vir)           30.048          -5.152          -3.734         -12.434           33.596
   43 (vir)           31.993          -2.928          -3.572         -12.299           37.792
   44 (vir)           32.582          -0.962          -2.522         -10.251           39.348
   45 (vir)           32.739          -2.034          -3.456         -12.146           39.395
   46 (vir)           33.396          -4.626          -3.785         -13.059           38.044
   47 (vir)           36.321          -3.048          -3.663         -13.037           42.648
   48 (vir)           37.370          -7.282          -3.033         -11.923           38.977
   49 (vir)           40.161          -2.008          -3.184         -12.604           47.573
   50 (vir)           40.199          -2.314          -3.175         -12.106           46.816
   51 (vir)           40.270          -0.749          -3.840         -14.018           49.698
   52 (vir)           43.887          -1.747          -3.529         -13.454           52.065
   53 (vir)           43.899          -2.638          -3.633         -13.962           51.591
   54 (vir)           51.930           2.349          -2.981         -12.693           63.990
   55 (vir)           62.258          -2.397          -1.990         -12.503           70.374
   56 (vir)           63.322          -1.581          -2.382         -13.034           72.393
   57 (vir)           63.607          -0.375          -2.380         -11.265           72.116
   58 (vir)           65.014          -1.738          -1.973         -12.587           73.889
   59 (vir)           67.281          -0.081          -2.535         -13.493           78.159
   60 (vir)           68.257          -0.668          -2.111         -12.971           78.449
   61 (vir)           77.467          -0.784          -2.410         -12.920           87.192
   62 (vir)           85.080          -2.198          -3.174         -14.893           94.601
   63 (vir)           86.092          -0.186          -3.235         -15.164           97.834
   64 (vir)           95.485          -2.276          -3.919         -17.034          106.324
   65 (vir)          113.658          -0.622          -0.706          -8.356          120.686
   66 (vir)          116.831          -1.191          -0.761          -8.623          123.503
   67 (vir)          140.768           7.431          -0.559         -11.367          159.008
   68 (vir)          171.333          -0.381          10.552         -17.475          198.979
   69 (vir)          267.756          -1.872          -0.672         -13.479          278.691
