 
  kpoint:     0.0877    0.0877    0.0000
 
    n          ϵ_nk^DFT (eV)     Σ^c_nk (eV)     Σ^x_nk (eV)    v_nk^xc (eV)   ϵ_nk^G0W0 (eV)
 
    1 (occ)          -73.498          11.191         -39.704         -24.416          -77.595
    2 (occ)          -38.060           8.583         -31.973         -22.454          -38.995
    3 (occ)          -38.003           8.281         -31.965         -22.525          -39.163
    4 (occ)          -37.971           8.676         -31.951         -22.558          -38.688
    5 (occ)          -13.968           7.453         -20.339         -12.849          -14.006
    6 (occ)          -12.899           7.198         -20.107         -13.036          -12.773
    7 (occ)           -5.322           3.975         -16.114         -12.047           -5.414
    8 (occ)           -2.826           2.770         -16.341         -13.691           -2.705
    9 (occ)           -2.377           2.559         -15.459         -12.784           -2.493
   10 (occ)           -1.632           2.157         -16.397         -14.399           -1.472
   11 (occ)           -1.496           1.882         -16.107         -14.335           -1.386
   12 (occ)           -0.737           1.922         -14.983         -12.971           -0.827
   13 (occ)           -0.059           1.039         -15.408         -14.596            0.168
   14 (vir)            2.607          -3.402          -9.337         -13.589            3.457
   15 (vir)            2.851          -3.667          -9.825         -14.527            3.886
   16 (vir)            3.064          -3.522         -10.000         -14.414            3.955
   17 (vir)            3.866          -3.974          -9.862         -14.817            4.847
   18 (vir)            6.380          -4.143          -5.711         -10.802            7.328
   19 (vir)            8.686          -3.731          -4.442          -9.341            9.853
   20 (vir)            8.989          -3.595          -2.758          -6.856            9.492
   21 (vir)           10.009          -4.688          -5.235         -10.985           11.070
   22 (vir)           10.438          -4.541          -5.470         -11.411           11.838
   23 (vir)           11.611          -4.315          -4.676         -10.607           13.226
   24 (vir)           12.139          -5.271          -5.868         -12.405           13.404
   25 (vir)           13.100          -5.303          -5.550         -12.076           14.322
   26 (vir)           13.917          -5.157          -4.671         -10.949           15.038
   27 (vir)           15.998          -6.225          -5.142         -12.310           16.941
   28 (vir)           16.028          -5.738          -5.410         -12.652           17.532
   29 (vir)           17.139          -6.017          -5.419         -12.862           18.564
   30 (vir)           18.545          -7.338          -5.294         -12.952           18.865
   31 (vir)           19.427          -4.722          -3.442         -10.256           21.519
   32 (vir)           21.023          -5.504          -3.710         -11.005           22.814
   33 (vir)           21.976          -3.211          -3.803         -11.610           26.572
   34 (vir)           23.732          -3.912          -3.981         -11.765           27.605
   35 (vir)           24.063          -2.357          -2.646          -9.571           28.631
   36 (vir)           24.183          -6.450          -4.164         -12.401           25.970
   37 (vir)           25.156          -6.752          -4.204         -12.842           27.042
   38 (vir)           27.720          -4.323          -3.602         -11.531           31.326
   39 (vir)           28.277          -5.368          -4.261         -13.108           31.757
   40 (vir)           28.885          -3.286          -3.062         -10.901           33.438
   41 (vir)           30.218          -6.224          -3.971         -12.886           32.909
   42 (vir)           30.237          -2.323          -3.455         -11.712           36.171
   43 (vir)           35.659          -8.081          -3.664         -12.909           36.823
   44 (vir)           36.016          -3.207          -3.709         -13.253           42.353
   45 (vir)           36.663          -2.632          -3.725         -13.397           43.702
   46 (vir)           37.562          -2.693          -3.388         -12.632           44.113
   47 (vir)           37.918          -4.778          -3.772         -13.541           42.910
   48 (vir)           39.155          -2.830          -3.978         -13.966           46.313
   49 (vir)           41.548          -1.708          -2.901         -12.231           49.169
   50 (vir)           42.774          -2.603          -3.910         -14.347           50.607
   51 (vir)           43.465          -0.959          -3.285         -13.175           52.396
   52 (vir)           43.525          -2.884          -3.726         -14.038           50.953
   53 (vir)           49.856          -2.612          -2.208         -10.696           55.732
   54 (vir)           52.097          -3.261          -1.551         -10.248           57.532
   55 (vir)           60.020          -1.216          -1.520         -11.137           68.421
   56 (vir)           63.157           1.041          -1.551         -11.315           73.961
   57 (vir)           63.258          -3.315          -1.912         -12.264           70.295
   58 (vir)           63.418          -1.318          -1.999         -12.346           72.447
   59 (vir)           64.637          -1.771          -1.979         -11.774           72.660
   60 (vir)           65.541          -1.934          -1.914         -12.255           73.948
   61 (vir)           70.886          -1.938          -1.580         -12.351           79.719
   62 (vir)           72.064          -5.128          -2.213         -10.712           75.435
   63 (vir)           76.799          -8.827          -3.542         -14.515           78.945
   64 (vir)           95.965          -6.391          -1.737         -16.167          104.004
   65 (vir)           98.548          -0.047          -3.544         -16.423          111.380
   66 (vir)          109.797          -2.233          -0.459         -10.541          117.647
   67 (vir)          109.952          -1.626          -0.784          -8.451          115.993
   68 (vir)          121.041          -7.644           4.727         -12.389          130.513
   69 (vir)          262.037          -2.330          -0.570         -13.560          272.697
