 
  kpoint:     0.0000    0.4474    0.0000
 
    n          ϵ_nk^DFT (eV)     Σ^c_nk (eV)     Σ^x_nk (eV)    v_nk^xc (eV)   ϵ_nk^G0W0 (eV)
 
    1 (occ)          -73.491          11.172         -39.701         -24.422          -77.598
    2 (occ)          -38.163           8.011         -32.049         -22.371          -39.830
    3 (occ)          -38.029           9.029         -31.970         -22.490          -38.479
    4 (occ)          -38.008           8.390         -31.979         -22.524          -39.073
    5 (occ)          -12.454           6.855         -20.227         -13.394          -12.432
    6 (occ)          -12.172           6.785         -20.197         -13.402          -12.182
    7 (occ)           -5.765           4.250         -16.288         -11.985           -5.818
    8 (occ)           -4.559           3.625         -15.824         -12.092           -4.667
    9 (occ)           -3.772           3.244         -16.291         -12.964           -3.855
   10 (occ)           -2.519           2.545         -16.659         -14.155           -2.478
   11 (occ)           -1.723           2.486         -15.485         -12.826           -1.896
   12 (occ)           -0.629           1.499         -14.793         -13.416           -0.507
   13 (occ)           -0.581           1.944         -15.101         -13.104           -0.634
   14 (vir)            2.776          -4.271         -11.709         -17.020            3.817
   15 (vir)            3.039          -4.294         -10.692         -15.953            4.007
   16 (vir)            4.061          -4.125          -8.537         -13.669            5.069
   17 (vir)            4.740          -4.508          -9.773         -15.264            5.723
   18 (vir)            5.133          -4.319          -6.498         -11.700            6.016
   19 (vir)            7.646          -4.417          -5.039         -10.266            8.455
   20 (vir)            7.794          -4.062          -5.565         -10.757            8.924
   21 (vir)           10.199          -4.426          -4.541          -9.821           11.054
   22 (vir)           10.540          -4.774          -5.418         -11.197           11.545
   23 (vir)           11.378          -4.866          -5.634         -11.879           12.757
   24 (vir)           13.214          -4.314          -2.938          -8.011           13.972
   25 (vir)           13.722          -5.172          -4.655         -10.763           14.658
   26 (vir)           15.783          -5.455          -3.685         -10.143           16.786
   27 (vir)           17.041          -5.748          -4.389         -11.206           18.109
   28 (vir)           18.177          -6.171          -3.933         -11.373           19.445
   29 (vir)           19.237          -5.736          -4.894         -12.475           21.081
   30 (vir)           20.462          -6.706          -4.661         -12.464           21.558
   31 (vir)           21.362          -5.914          -3.919         -11.183           22.712
   32 (vir)           22.236          -5.996          -4.033         -11.603           23.810
   33 (vir)           23.103          -4.938          -3.913         -11.467           25.719
   34 (vir)           23.210          -6.652          -3.641         -11.575           24.492
   35 (vir)           25.003          -4.129          -4.290         -12.651           29.235
   36 (vir)           26.151          -7.870          -3.509         -11.421           26.194
   37 (vir)           26.670          -5.644          -4.205         -12.999           29.820
   38 (vir)           26.995           0.597          -3.866         -12.209           35.935
   39 (vir)           28.693          -6.006          -4.119         -12.991           31.559
   40 (vir)           29.030          -4.893          -3.681         -12.194           32.651
   41 (vir)           30.672          -4.163          -3.249         -11.610           34.871
   42 (vir)           31.496          -3.430          -3.439         -12.131           36.758
   43 (vir)           32.054          -0.677          -3.131         -11.633           39.879
   44 (vir)           33.258          -4.727          -3.889         -13.297           37.939
   45 (vir)           34.291          -1.810          -2.361         -10.221           40.340
   46 (vir)           34.499          -0.696          -3.240         -12.134           42.696
   47 (vir)           35.499          -3.028          -3.476         -12.737           41.733
   48 (vir)           36.802          -4.393          -3.201         -12.429           41.638
   49 (vir)           39.114          -1.154          -3.158         -12.439           47.240
   50 (vir)           40.176          -3.718          -3.713         -13.722           46.467
   51 (vir)           40.180          -2.342          -2.983         -11.548           46.404
   52 (vir)           43.313          -1.820          -3.848         -14.164           51.809
   53 (vir)           44.092          -3.368          -3.578         -13.844           50.990
   54 (vir)           54.014          -0.434          -2.802         -12.462           63.240
   55 (vir)           59.889          -0.157          -2.157         -10.980           68.554
   56 (vir)           62.340          -1.288          -2.522         -13.171           71.701
   57 (vir)           62.640          -2.060          -2.055         -12.594           71.119
   58 (vir)           65.391          -1.411          -1.958         -12.596           74.617
   59 (vir)           68.317          -0.674          -2.838         -14.013           78.818
   60 (vir)           68.871          -0.493          -2.096         -13.008           79.290
   61 (vir)           77.722           0.071          -2.211         -13.416           88.998
   62 (vir)           82.470          -0.374          -2.519         -13.998           93.574
   63 (vir)           88.059          -0.172          -3.137         -15.101           99.850
   64 (vir)           94.836          -3.183          -3.863         -17.020          104.810
   65 (vir)          115.587           0.683          -0.673          -8.337          123.935
   66 (vir)          118.070          -0.993          -0.727          -8.474          124.824
   67 (vir)          150.539          -6.596           2.012         -11.624          157.579
   68 (vir)          190.447          -1.342           5.891         -19.455          214.452
   69 (vir)          268.031          -1.617          -0.659         -13.450          279.205
