 
  kpoint:     0.0000    0.4211    0.0000
 
    n          ϵ_nk^DFT (eV)     Σ^c_nk (eV)     Σ^x_nk (eV)    v_nk^xc (eV)   ϵ_nk^G0W0 (eV)
 
    1 (occ)          -73.491          11.174         -39.701         -24.422          -77.597
    2 (occ)          -38.157           8.306         -32.043         -22.378          -39.516
    3 (occ)          -38.031           9.226         -31.970         -22.489          -38.286
    4 (occ)          -38.007           8.283         -31.978         -22.526          -39.175
    5 (occ)          -12.538           6.962         -20.223         -13.353          -12.447
    6 (occ)          -12.210           6.676         -20.189         -13.379          -12.344
    7 (occ)           -5.642           4.192         -16.300         -12.063           -5.687
    8 (occ)           -4.459           3.574         -15.833         -12.155           -4.563
    9 (occ)           -3.798           3.239         -16.217         -12.868           -3.907
   10 (occ)           -2.477           2.527         -16.643         -14.169           -2.424
   11 (occ)           -1.701           2.476         -15.419         -12.765           -1.879
   12 (occ)           -0.692           1.494         -14.875         -13.524           -0.549
   13 (occ)           -0.616           1.935         -15.177         -13.197           -0.660
   14 (vir)            2.748          -4.203         -11.594         -16.820            3.770
   15 (vir)            2.931          -4.166         -10.517         -15.645            3.894
   16 (vir)            3.996          -4.108          -8.640         -13.755            5.003
   17 (vir)            4.719          -4.472          -9.782         -15.266            5.730
   18 (vir)            5.427          -4.345          -6.542         -11.829            6.370
   19 (vir)            7.616          -4.184          -5.008         -10.168            8.592
   20 (vir)            7.843          -4.040          -5.478         -10.658            8.982
   21 (vir)           10.355          -4.420          -4.694         -10.124           11.365
   22 (vir)           10.587          -4.737          -5.200         -10.903           11.553
   23 (vir)           11.544          -5.059          -5.671         -11.984           12.798
   24 (vir)           13.159          -4.332          -3.174          -8.344           13.997
   25 (vir)           13.465          -4.999          -4.642         -10.668           14.492
   26 (vir)           15.743          -5.417          -3.756         -10.283           16.853
   27 (vir)           16.829          -6.594          -4.346         -11.105           16.994
   28 (vir)           17.706          -4.379          -4.060         -11.444           20.712
   29 (vir)           18.846          -5.441          -4.929         -12.458           20.934
   30 (vir)           20.383          -7.114          -4.847         -12.686           21.108
   31 (vir)           21.236          -5.968          -3.936         -11.091           22.423
   32 (vir)           22.424          -6.373          -3.935         -11.477           23.593
   33 (vir)           23.062          -5.205          -4.070         -11.727           25.514
   34 (vir)           23.311          -6.936          -3.678         -11.637           24.334
   35 (vir)           25.090          -3.939          -4.196         -12.449           29.405
   36 (vir)           26.180          -4.851          -3.330         -11.111           29.111
   37 (vir)           27.142          -3.912          -4.049         -12.777           31.959
   38 (vir)           27.177          -2.289          -3.693         -11.900           33.096
   39 (vir)           29.028          -6.085          -4.112         -13.055           31.885
   40 (vir)           29.081          -4.556          -3.653         -12.178           33.051
   41 (vir)           30.355          -5.278          -3.476         -12.046           33.647
   42 (vir)           31.051          -2.967          -3.493         -12.146           36.737
   43 (vir)           32.203          -2.338          -3.244         -11.778           38.400
   44 (vir)           33.199          -4.935          -3.852         -13.208           37.620
   45 (vir)           33.564           0.276          -3.340         -12.042           42.541
   46 (vir)           33.843          -2.833          -2.344         -10.105           38.771
   47 (vir)           35.707          -2.880          -3.601         -12.931           42.157
   48 (vir)           36.982          -4.383          -3.128         -12.263           41.732
   49 (vir)           39.561           0.189          -3.150         -12.477           49.077
   50 (vir)           40.086          -3.651          -3.770         -13.847           46.512
   51 (vir)           40.188          -2.587          -3.047         -11.723           46.278
   52 (vir)           43.485          -2.257          -3.767         -13.976           51.437
   53 (vir)           44.040         -10.207          -3.590         -13.875           44.118
   54 (vir)           53.281          -0.376          -2.926         -12.433           62.412
   55 (vir)           61.346           0.911          -2.639         -11.149           70.767
   56 (vir)           62.540          -3.601          -2.047         -12.570           69.462
   57 (vir)           62.651          -0.763          -2.481         -13.132           72.539
   58 (vir)           65.300          -1.480          -1.964         -12.594           74.450
   59 (vir)           68.006          -0.528          -2.852         -13.894           78.520
   60 (vir)           68.717          -0.282          -2.102         -12.998           79.331
   61 (vir)           77.688          -0.408          -2.398         -13.313           88.195
   62 (vir)           83.032          -0.561          -2.878         -14.218           93.810
   63 (vir)           87.603           0.062          -3.188         -15.116           99.593
   64 (vir)           94.998          -2.897          -3.941         -17.020          105.181
   65 (vir)          115.023           0.676          -0.682          -8.341          123.358
   66 (vir)          117.768          -0.930          -0.770          -8.514          124.582
   67 (vir)          148.214          -0.636          -0.120         -11.565          159.023
   68 (vir)          184.326          -0.788           6.239         -18.844          208.621
   69 (vir)          268.066          -1.683          -0.683         -13.458          279.157
