 
  kpoint:     0.1754    0.1754    0.0000
 
    n          ϵ_nk^DFT (eV)     Σ^c_nk (eV)     Σ^x_nk (eV)    v_nk^xc (eV)   ϵ_nk^G0W0 (eV)
 
    1 (occ)          -73.494          11.279         -39.703         -24.420          -77.498
    2 (occ)          -38.089           8.624         -32.008         -22.442          -39.031
    3 (occ)          -38.041           8.428         -31.972         -22.476          -39.109
    4 (occ)          -38.005           8.068         -31.971         -22.526          -39.383
    5 (occ)          -13.145           7.094         -20.239         -13.104          -13.185
    6 (occ)          -12.489           6.810         -20.141         -13.221          -12.599
    7 (occ)           -4.516           3.594         -16.297         -12.700           -4.518
    8 (occ)           -4.134           3.451         -15.885         -12.347           -4.220
    9 (occ)           -3.392           3.016         -15.896         -12.844           -3.427
   10 (occ)           -2.815           2.731         -16.197         -13.466           -2.816
   11 (occ)           -1.688           2.249         -15.389         -13.157           -1.670
   12 (occ)           -0.976           2.221         -15.019         -12.630           -1.143
   13 (occ)           -0.359           1.244         -15.851         -14.859           -0.107
   14 (vir)            2.116          -3.270          -9.781         -13.954            3.018
   15 (vir)            2.869          -4.062         -10.691         -15.732            3.849
   16 (vir)            3.018          -3.897          -9.677         -14.631            4.075
   17 (vir)            4.652          -4.518          -9.589         -15.080            5.625
   18 (vir)            7.551          -4.677          -6.243         -11.947            8.577
   19 (vir)            8.373          -3.992          -4.334          -9.117            9.164
   20 (vir)            9.664          -3.859          -4.180          -9.239           10.864
   21 (vir)           10.410          -5.126          -6.236         -12.580           11.628
   22 (vir)           10.523          -4.300          -4.267          -9.567           11.522
   23 (vir)           11.504          -4.911          -5.289         -11.517           12.822
   24 (vir)           12.261          -4.658          -4.607         -10.639           13.635
   25 (vir)           12.946          -4.996          -5.148         -11.435           14.236
   26 (vir)           13.780          -4.824          -4.740         -11.015           15.232
   27 (vir)           14.678          -5.414          -4.704         -11.232           15.793
   28 (vir)           16.438          -5.930          -5.109         -12.204           17.603
   29 (vir)           17.491          -5.539          -4.516         -11.595           19.031
   30 (vir)           19.978          -7.693          -5.152         -13.052           20.185
   31 (vir)           21.313          -5.184          -4.618         -12.439           23.950
   32 (vir)           22.901          -4.912          -3.427         -10.580           25.142
   33 (vir)           23.522          -4.385          -3.299         -10.470           26.308
   34 (vir)           24.288          -5.169          -3.350         -11.063           26.832
   35 (vir)           24.864          -4.253          -3.960         -12.091           28.741
   36 (vir)           24.954          -4.234          -3.192         -10.609           28.137
   37 (vir)           26.377          -2.272          -3.637         -11.790           32.258
   38 (vir)           26.657          -8.102          -2.601          -9.843           25.798
   39 (vir)           27.532          -6.349          -3.658         -11.983           29.509
   40 (vir)           28.006          -5.205          -3.607         -12.108           31.302
   41 (vir)           30.930          -5.184          -4.011         -12.950           34.685
   42 (vir)           31.085          -3.613          -4.224         -13.392           36.641
   43 (vir)           31.930          -1.977          -3.334         -11.813           38.432
   44 (vir)           32.426          -3.289          -3.771         -12.836           38.203
   45 (vir)           33.840          -3.741          -3.473         -12.394           39.019
   46 (vir)           34.687          -4.991          -3.323         -12.269           38.641
   47 (vir)           36.816          -5.715          -3.425         -12.917           40.593
   48 (vir)           38.454          -3.255          -3.897         -13.746           45.048
   49 (vir)           40.569          -4.940          -3.661         -13.829           45.798
   50 (vir)           40.881          -2.106          -3.680         -13.631           48.726
   51 (vir)           43.153          -1.901          -3.787         -14.214           51.679
   52 (vir)           43.669          -5.947          -3.065         -12.426           47.083
   53 (vir)           44.522          -0.025          -2.759         -11.200           52.938
   54 (vir)           53.568          -1.912          -2.747         -13.144           62.054
   55 (vir)           60.350          -5.000          -2.148         -12.483           65.685
   56 (vir)           63.491          -0.937          -2.153         -12.654           73.055
   57 (vir)           64.743          -1.312          -1.806         -11.956           73.581
   58 (vir)           65.532          -1.968          -1.986         -11.573           73.150
   59 (vir)           66.759           0.236          -2.087         -12.543           77.452
   60 (vir)           67.473          -4.168          -1.468         -11.185           73.023
   61 (vir)           74.265          -1.182          -1.966         -12.526           83.643
   62 (vir)           79.411           0.934          -2.492         -12.378           90.231
   63 (vir)           87.589           2.838          -2.305         -15.416          103.538
   64 (vir)           91.226           3.851          -2.866         -13.583          105.794
   65 (vir)           96.873          -0.040          -2.305         -15.814          110.342
   66 (vir)          101.713          -0.617           1.139         -14.039          116.275
   67 (vir)          112.050           0.179          -0.768          -8.389          119.850
   68 (vir)          123.551           1.782           3.428         -10.340          139.101
   69 (vir)          272.741          -1.389          -0.159         -13.598          284.792
