 
  kpoint:     0.0000    0.0789    0.0000
 
    n          ϵ_nk^DFT (eV)     Σ^c_nk (eV)     Σ^x_nk (eV)    v_nk^xc (eV)   ϵ_nk^G0W0 (eV)
 
    1 (occ)          -73.499          11.265         -39.705         -24.414          -77.524
    2 (occ)          -38.066           8.471         -31.972         -22.447          -39.120
    3 (occ)          -37.972           8.331         -31.951         -22.556          -39.036
    4 (occ)          -37.962           8.273         -31.947         -22.566          -39.070
    5 (occ)          -14.204           7.759         -20.376         -12.784          -14.036
    6 (occ)          -13.018           6.848         -20.103         -12.989          -13.284
    7 (occ)           -5.622           4.150         -16.204         -11.980           -5.695
    8 (occ)           -2.201           2.430         -16.516         -14.261           -2.026
    9 (occ)           -1.981           2.485         -14.824         -12.120           -2.200
   10 (occ)           -1.830           2.230         -16.587         -14.544           -1.643
   11 (occ)           -0.981           1.540         -16.238         -14.878           -0.802
   12 (occ)           -0.791           1.670         -15.537         -13.902           -0.755
   13 (occ)            0.072           0.965         -15.138         -14.370            0.269
   14 (vir)            3.094          -3.536          -9.463         -13.844            3.940
   15 (vir)            3.110          -3.588          -9.799         -14.393            4.116
   16 (vir)            3.352          -3.578          -9.879         -14.319            4.215
   17 (vir)            3.477          -3.679          -9.855         -14.537            4.481
   18 (vir)            5.560          -4.006          -5.829         -10.760            6.485
   19 (vir)            8.294          -3.630          -3.960          -8.449            9.154
   20 (vir)            8.579          -3.795          -3.170          -7.449            9.064
   21 (vir)            9.544          -4.001          -4.920         -10.329           10.953
   22 (vir)           10.764          -4.879          -5.353         -11.319           11.850
   23 (vir)           11.636          -4.789          -5.646         -11.906           13.107
   24 (vir)           12.740          -5.361          -5.797         -12.368           13.950
   25 (vir)           12.878          -5.356          -4.939         -11.166           13.750
   26 (vir)           13.872          -4.780          -5.148         -11.653           15.598
   27 (vir)           16.929          -5.989          -4.843         -12.087           18.184
   28 (vir)           17.529          -6.061          -5.681         -13.314           19.101
   29 (vir)           17.564          -6.068          -5.500         -13.069           19.065
   30 (vir)           18.174          -6.066          -5.135         -12.672           19.645
   31 (vir)           18.636          -6.102          -3.218          -9.713           19.030
   32 (vir)           19.961          -5.651          -3.799         -10.948           21.458
   33 (vir)           21.488          -7.723          -4.323         -12.191           21.633
   34 (vir)           21.919          -5.041          -4.070         -12.093           24.901
   35 (vir)           24.447          -5.918          -4.351         -12.956           27.134
   36 (vir)           24.974          -5.166          -4.361         -13.114           28.562
   37 (vir)           25.077         -10.258          -2.496          -9.072           21.395
   38 (vir)           28.595          -6.653          -3.481         -11.365           29.827
   39 (vir)           29.525          -5.627          -4.318         -13.452           33.032
   40 (vir)           29.822          -1.664          -3.078         -11.002           36.082
   41 (vir)           30.232           1.206          -3.946         -12.642           40.135
   42 (vir)           31.314          -5.310          -3.696         -12.533           34.841
   43 (vir)           36.456          -4.248          -4.047         -14.011           42.171
   44 (vir)           37.019          -4.461          -3.944         -13.992           42.606
   45 (vir)           37.865         -10.590          -3.455         -12.983           36.803
   46 (vir)           37.980          -3.992          -4.142         -14.272           44.118
   47 (vir)           38.785          -8.826          -2.917         -11.625           38.666
   48 (vir)           39.249          -1.126          -3.178         -12.448           47.393
   49 (vir)           41.702          -0.429          -3.552         -13.301           51.022
   50 (vir)           43.144         -12.553          -3.876         -14.323           41.038
   51 (vir)           44.941          -1.268          -3.400         -13.490           53.763
   52 (vir)           46.045          -3.129          -1.826         -11.572           52.663
   53 (vir)           52.724           0.806          -1.694         -10.274           62.109
   54 (vir)           53.742          -1.129          -1.976         -10.531           61.169
   55 (vir)           61.585          -1.839          -1.598         -10.860           69.009
   56 (vir)           61.830          -4.800          -1.845         -12.018           67.204
   57 (vir)           62.234          -7.778          -2.131         -12.746           65.071
   58 (vir)           62.745          -0.680          -1.875         -12.093           72.283
   59 (vir)           65.604           1.286          -1.927         -12.469           77.433
   60 (vir)           67.775          -0.596          -1.475         -12.091           77.796
   61 (vir)           70.505           4.705          -1.247          -9.039           83.003
   62 (vir)           71.126           0.255          -3.699         -14.993           82.675
   63 (vir)           71.248          -2.289          -0.873         -10.485           78.570
   64 (vir)           91.011           7.097          -3.549         -13.449          108.008
   65 (vir)          100.259           0.257          -4.279         -16.858          113.096
   66 (vir)          107.794           6.489          -4.606         -16.037          125.713
   67 (vir)          108.314           1.029          -0.830          -8.516          117.028
   68 (vir)          110.991          -1.029          -0.829          -8.943          118.076
   69 (vir)          258.780          -1.673          -0.814         -13.539          269.831
