 
  kpoint:     0.0000    0.0000    0.0000
 
    n          ϵ_nk^DFT (eV)     Σ^c_nk (eV)     Σ^x_nk (eV)    v_nk^xc (eV)   ϵ_nk^G0W0 (eV)
 
    1 (occ)          -73.500          11.272         -39.705         -24.414          -77.519
    2 (occ)          -38.068           8.191         -31.973         -22.443          -39.406
    3 (occ)          -37.959           8.712         -31.945         -22.568          -38.623
    4 (occ)          -37.959           8.770         -31.945         -22.568          -38.566
    5 (occ)          -14.294           7.826         -20.391         -12.760          -14.098
    6 (occ)          -13.064           6.654         -20.105         -12.971          -13.544
    7 (occ)           -5.738           4.217         -16.244         -11.959           -5.806
    8 (occ)           -1.917           2.275         -16.646         -14.572           -1.716
    9 (occ)           -1.917           2.265         -16.645         -14.572           -1.725
   10 (occ)           -1.768           2.541         -14.199         -11.333           -2.093
   11 (occ)           -0.825           1.447         -16.243         -14.991           -0.630
   12 (occ)           -0.825           1.443         -16.244         -14.991           -0.634
   13 (occ)            0.103           0.944         -15.012         -14.254            0.288
   14 (vir)            3.313          -3.561          -9.828         -14.386            4.311
   15 (vir)            3.313          -3.566          -9.827         -14.386            4.306
   16 (vir)            3.470          -3.594          -9.812         -14.288            4.351
   17 (vir)            3.470          -3.614          -9.813         -14.288            4.332
   18 (vir)            5.076          -3.867          -5.538         -10.377            6.048
   19 (vir)            8.348          -4.018          -4.011          -8.726            9.045
   20 (vir)            8.430          -3.305          -3.813          -8.198            9.510
   21 (vir)            9.233          -3.693          -4.060          -8.926           10.407
   22 (vir)           11.307          -4.351          -5.676         -11.814           13.094
   23 (vir)           11.307          -4.502          -5.679         -11.814           12.939
   24 (vir)           12.519          -5.346          -5.650         -12.145           13.669
   25 (vir)           13.807          -4.805          -5.288         -11.833           15.546
   26 (vir)           13.807          -4.610          -5.294         -11.833           15.735
   27 (vir)           17.984          -5.134          -5.060         -12.523           20.313
   28 (vir)           17.984          -5.529          -5.057         -12.523           19.920
   29 (vir)           17.988          -6.320          -5.686         -13.421           19.403
   30 (vir)           17.988          -6.308          -5.685         -13.421           19.416
   31 (vir)           18.402          -1.365          -2.929          -9.351           23.460
   32 (vir)           19.660          -5.377          -3.699         -10.620           21.203
   33 (vir)           20.600          -6.186          -3.885         -11.679           22.209
   34 (vir)           22.382          -0.107          -4.852         -13.275           30.697
   35 (vir)           24.648          -8.337          -4.415         -13.102           24.998
   36 (vir)           24.648          -5.373          -4.405         -13.102           27.971
   37 (vir)           29.759           0.272          -2.877         -10.190           37.344
   38 (vir)           30.054          -5.412          -4.369         -13.619           33.892
   39 (vir)           30.054          -4.654          -4.356         -13.619           34.664
   40 (vir)           30.172           0.896          -3.297         -11.264           39.034
   41 (vir)           30.172           1.054          -3.297         -11.264           39.192
   42 (vir)           31.741          -3.973          -3.591         -12.288           36.465
   43 (vir)           36.698          -7.678          -4.036         -13.941           38.925
   44 (vir)           36.698          -2.205          -4.022         -13.941           44.412
   45 (vir)           37.072          -5.709          -4.162         -14.200           41.401
   46 (vir)           39.705           0.029          -2.760         -11.310           48.283
   47 (vir)           39.908          -1.203          -3.431         -12.735           48.009
   48 (vir)           39.908           0.761          -3.430         -12.735           49.975
   49 (vir)           41.180          -0.899          -3.335         -12.959           49.906
   50 (vir)           46.143           0.037          -3.338         -12.908           55.750
   51 (vir)           46.143           1.741          -3.336         -12.908           57.455
   52 (vir)           54.620           9.444          -3.480         -11.156           71.739
   53 (vir)           54.620           5.888          -3.492         -11.156           68.173
   54 (vir)           61.344          -0.682          -2.492         -12.687           70.857
   55 (vir)           61.344           0.117          -2.480         -12.687           71.668
   56 (vir)           63.453           2.076          -1.208          -9.645           73.967
   57 (vir)           63.454           0.175          -1.213          -9.645           72.060
   58 (vir)           63.489          -0.337          -2.679         -13.743           74.216
   59 (vir)           64.258           0.627          -1.205          -8.932           72.611
   60 (vir)           64.258           0.615          -1.206          -8.932           72.599
   61 (vir)           67.544          -2.634          -3.335         -14.010           75.585
   62 (vir)           68.502          -1.474          -2.092         -13.136           78.073
   63 (vir)           82.833          -1.919         -10.289         -12.255           82.880
   64 (vir)           82.834          -0.331         -11.470         -12.255           83.288
   65 (vir)          105.228          -3.938          -5.139         -17.065          113.215
   66 (vir)          105.228           4.141          -5.794         -17.064          120.639
   67 (vir)          106.409          -0.348          -0.923          -8.673          113.811
   68 (vir)          108.016          -0.843          -0.850          -8.615          114.938
   69 (vir)          257.647          -0.536          -0.837         -13.543          269.818
