 
  kpoint:     0.2456    0.2456    0.0000
 
    n          ϵ_nk^DFT (eV)     Σ^c_nk (eV)     Σ^x_nk (eV)    v_nk^xc (eV)   ϵ_nk^G0W0 (eV)
 
    1 (occ)          -73.491          11.120         -39.701         -24.422          -77.648
    2 (occ)          -38.130           8.228         -32.024         -22.404          -39.522
    3 (occ)          -38.046           8.168         -31.997         -22.487          -39.388
    4 (occ)          -38.029           8.879         -31.972         -22.491          -38.631
    5 (occ)          -12.453           6.928         -20.214         -13.379          -12.359
    6 (occ)          -12.151           6.888         -20.197         -13.405          -12.055
    7 (occ)           -5.026           3.929         -16.228         -12.275           -5.050
    8 (occ)           -4.420           3.524         -16.262         -12.729           -4.428
    9 (occ)           -3.651           3.245         -16.070         -12.765           -3.711
   10 (occ)           -3.006           2.924         -15.869         -12.850           -3.101
   11 (occ)           -2.691           2.704         -15.099         -12.316           -2.770
   12 (occ)           -1.488           2.406         -15.468         -12.901           -1.649
   13 (occ)           -0.106           0.981         -15.321         -14.600            0.154
   14 (vir)            2.471          -3.466         -10.498         -14.881            3.388
   15 (vir)            3.137          -4.569         -11.243         -16.842            4.166
   16 (vir)            3.347          -3.921          -9.399         -14.403            4.430
   17 (vir)            4.915          -4.764          -9.442         -15.209            5.919
   18 (vir)            6.672          -4.420          -6.246         -11.619            7.624
   19 (vir)            8.079          -4.201          -5.743         -11.057            9.192
   20 (vir)            9.714          -4.644          -4.927         -10.533           10.676
   21 (vir)           10.107          -3.923          -4.587          -9.953           11.550
   22 (vir)           11.154          -4.960          -5.121         -11.098           12.170
   23 (vir)           12.005          -4.907          -4.654         -10.772           13.217
   24 (vir)           13.063          -5.359          -5.639         -12.249           14.313
   25 (vir)           13.520          -4.102          -3.254          -8.588           14.752
   26 (vir)           13.815          -5.402          -5.051         -11.729           15.092
   27 (vir)           15.729          -5.329          -4.295         -10.722           16.827
   28 (vir)           15.934          -8.122          -5.410         -12.369           14.771
   29 (vir)           18.295          -5.876          -3.514          -9.991           18.895
   30 (vir)           20.599          -5.674          -4.032         -11.382           22.275
   31 (vir)           21.739          -5.928          -3.965         -11.519           23.365
   32 (vir)           22.209          -5.555          -3.853         -11.290           24.091
   33 (vir)           23.136          -6.114          -3.787         -11.618           24.853
   34 (vir)           23.953          -5.261          -4.260         -12.473           26.905
   35 (vir)           25.790          -5.088          -4.282         -12.882           29.302
   36 (vir)           26.077          -5.875          -3.381         -11.102           27.923
   37 (vir)           26.248          -0.454          -3.579         -11.572           33.787
   38 (vir)           28.354          -6.653          -2.986         -10.892           29.607
   39 (vir)           28.939          -3.449          -3.245         -11.173           33.418
   40 (vir)           29.155          -7.052          -3.608         -12.002           30.498
   41 (vir)           30.371          -5.603          -3.676         -12.378           33.469
   42 (vir)           31.460          -7.011          -3.535         -12.435           33.349
   43 (vir)           31.808          -0.263          -3.728         -12.648           40.466
   44 (vir)           32.211          -3.199          -3.455         -12.273           37.830
   45 (vir)           34.052           0.848          -3.848         -12.821           43.874
   46 (vir)           34.706          -5.691          -3.411         -12.496           38.100
   47 (vir)           35.800          -2.849          -3.827         -13.186           42.310
   48 (vir)           37.308          -1.236          -3.741         -13.555           45.886
   49 (vir)           38.749          -3.945          -3.745         -13.664           44.724
   50 (vir)           41.286          -6.815          -4.057         -14.402           44.816
   51 (vir)           42.264          -2.831          -2.992         -11.908           48.349
   52 (vir)           43.029          -1.243          -3.650         -13.921           52.057
   53 (vir)           47.718          -1.052          -1.665          -9.982           54.984
   54 (vir)           55.105          -0.553          -3.315         -13.597           64.834
   55 (vir)           62.300          -1.133          -2.164         -12.733           71.735
   56 (vir)           64.169          -3.058          -2.340         -11.819           70.590
   57 (vir)           64.674          -4.629          -1.771         -11.956           70.230
   58 (vir)           64.918          -4.079          -2.395         -13.122           71.566
   59 (vir)           68.795          -4.643          -2.025         -12.555           74.683
   60 (vir)           71.336          -1.973          -1.362         -10.892           78.894
   61 (vir)           76.414          -0.861          -2.199         -13.189           86.543
   62 (vir)           83.281          -0.206          -1.508         -11.683           93.251
   63 (vir)           87.649          -0.782          -3.294         -14.638           98.210
   64 (vir)           93.009          -2.274          -2.171         -14.364          102.928
   65 (vir)           93.436          -1.707          -3.682         -16.265          104.314
   66 (vir)          100.889          -5.767          -2.403         -13.246          105.966
   67 (vir)          117.173          -2.099          -0.606          -8.372          122.840
   68 (vir)          125.678          -7.333          -1.031         -10.275          127.589
   69 (vir)          271.111          -1.948          -0.645         -13.508          282.026
