 
  kpoint:     0.1053    0.1053    0.0000
 
    n          ϵ_nk^DFT (eV)     Σ^c_nk (eV)     Σ^x_nk (eV)    v_nk^xc (eV)   ϵ_nk^G0W0 (eV)
 
    1 (occ)          -73.497          11.214         -39.704         -24.416          -77.571
    2 (occ)          -38.056           8.659         -31.973         -22.458          -38.913
    3 (occ)          -38.020           7.538         -31.974         -22.509          -39.947
    4 (occ)          -37.976           8.127         -31.954         -22.553          -39.250
    5 (occ)          -13.833           7.416         -20.318         -12.887          -13.848
    6 (occ)          -12.831           7.157         -20.110         -13.064          -12.720
    7 (occ)           -5.154           3.881         -16.076         -12.095           -5.254
    8 (occ)           -3.131           2.934         -16.285         -13.446           -3.035
    9 (occ)           -2.555           2.627         -15.623         -12.904           -2.647
   10 (occ)           -1.782           2.060         -16.083         -14.104           -1.701
   11 (occ)           -1.541           2.130         -16.260         -14.264           -1.407
   12 (occ)           -0.745           2.004         -14.888         -12.763           -0.866
   13 (occ)           -0.154           1.086         -15.527         -14.682            0.088
   14 (vir)            2.452          -3.356          -9.376         -13.580            3.300
   15 (vir)            2.809          -3.699          -9.828         -14.589            3.870
   16 (vir)            2.939          -3.541         -10.066         -14.516            3.848
   17 (vir)            4.052          -4.112          -9.840         -14.922            5.022
   18 (vir)            6.701          -4.241          -5.593         -10.740            7.608
   19 (vir)            8.978          -3.777          -4.671          -9.777           10.308
   20 (vir)            9.185          -3.570          -2.806          -6.973            9.781
   21 (vir)            9.705          -4.551          -5.294         -10.972           10.833
   22 (vir)           10.698          -4.381          -5.369         -11.219           12.168
   23 (vir)           11.363          -4.606          -4.751         -10.815           12.821
   24 (vir)           12.180          -5.312          -6.007         -12.629           13.491
   25 (vir)           13.374          -5.073          -5.268         -11.785           14.818
   26 (vir)           13.892          -5.041          -4.464         -10.665           15.052
   27 (vir)           15.326          -5.630          -5.352         -12.403           16.747
   28 (vir)           15.856          -6.059          -5.235         -12.404           16.967
   29 (vir)           16.972          -5.941          -5.303         -12.658           18.387
   30 (vir)           18.736          -6.925          -5.358         -13.087           19.540
   31 (vir)           19.895          -5.031          -3.584         -10.593           21.873
   32 (vir)           21.587          -5.158          -3.615         -10.930           23.745
   33 (vir)           22.400          -2.708          -3.691         -11.466           27.468
   34 (vir)           24.032          -4.283          -3.943         -11.857           27.663
   35 (vir)           24.038          -4.633          -3.063         -10.052           26.393
   36 (vir)           24.833          -4.097          -3.502         -11.446           28.679
   37 (vir)           25.124          -4.638          -4.229         -12.848           29.104
   38 (vir)           27.479          -5.891          -3.811         -12.255           30.032
   39 (vir)           27.786          -5.627          -3.964         -12.259           30.454
   40 (vir)           28.234          -3.921          -3.059         -10.956           32.210
   41 (vir)           30.078          -3.942          -3.114         -11.262           34.285
   42 (vir)           30.290          -6.138          -4.032         -13.058           33.177
   43 (vir)           34.627          -4.212          -3.650         -12.938           39.704
   44 (vir)           35.240          -1.889          -3.520         -12.773           42.604
   45 (vir)           36.474          -5.512          -3.867         -13.733           40.828
   46 (vir)           36.869          -4.901          -3.393         -12.683           41.258
   47 (vir)           37.995          -3.919          -3.788         -13.603           43.891
   48 (vir)           39.289          -1.944          -3.859         -13.646           47.132
   49 (vir)           40.821          -1.436          -2.962         -12.505           48.927
   50 (vir)           42.797          -1.398          -3.831         -14.210           51.778
   51 (vir)           43.085          -3.337          -3.783         -14.202           50.167
   52 (vir)           44.045          -1.900          -3.288         -13.100           51.957
   53 (vir)           48.078          -2.771          -2.087         -10.787           54.006
   54 (vir)           51.568           0.388          -1.880         -10.695           60.771
   55 (vir)           59.392          -1.743          -1.845         -11.456           67.260
   56 (vir)           63.410          -3.487          -1.929         -12.337           70.331
   57 (vir)           63.751          -3.082          -1.909         -12.218           70.978
   58 (vir)           63.825          -2.326          -1.461         -10.971           71.009
   59 (vir)           64.770          -1.365          -2.240         -12.177           73.343
   60 (vir)           65.653          -1.659          -1.903         -12.367           74.457
   61 (vir)           71.524           0.204          -1.872         -12.354           82.209
   62 (vir)           73.618          -5.694          -1.784         -11.339           77.479
   63 (vir)           79.793         -11.697          -2.646         -14.134           79.585
   64 (vir)           94.713          -2.492          -1.614         -16.350          106.958
   65 (vir)           98.514           0.016          -3.236         -16.408          111.702
   66 (vir)          109.369           0.296           0.884         -10.641          121.190
   67 (vir)          110.302          -0.880          -0.765          -8.441          117.098
   68 (vir)          124.646          -3.850          10.190         -12.283          143.269
   69 (vir)          264.362          -2.507          -0.174         -13.579          275.260
