 
  kpoint:     0.0000    0.0263    0.0000
 
    n          ϵ_nk^DFT (eV)     Σ^c_nk (eV)     Σ^x_nk (eV)    v_nk^xc (eV)   ϵ_nk^G0W0 (eV)
 
    1 (occ)          -73.500          11.272         -39.705         -24.414          -77.519
    2 (occ)          -38.068           8.201         -31.973         -22.444          -39.396
    3 (occ)          -37.961           8.681         -31.946         -22.567          -38.658
    4 (occ)          -37.960           8.676         -31.945         -22.568          -38.661
    5 (occ)          -14.284           7.811         -20.390         -12.763          -14.099
    6 (occ)          -13.059           6.694         -20.104         -12.973          -13.496
    7 (occ)           -5.725           4.210         -16.239         -11.961           -5.794
    8 (occ)           -1.950           2.294         -16.628         -14.533           -1.752
    9 (occ)           -1.907           2.262         -16.638         -14.569           -1.715
   10 (occ)           -1.795           2.528         -14.296         -11.459           -2.103
   11 (occ)           -0.843           1.458         -16.242         -14.977           -0.650
   12 (occ)           -0.817           1.476         -16.136         -14.829           -0.648
   13 (occ)            0.100           0.946         -15.027         -14.267            0.287
   14 (vir)            3.285          -3.560          -9.822         -14.383            4.286
   15 (vir)            3.333          -3.580          -9.831         -14.404            4.326
   16 (vir)            3.416          -3.604          -9.735         -14.197            4.274
   17 (vir)            3.456          -3.593          -9.820         -14.291            4.333
   18 (vir)            5.140          -3.880          -5.617         -10.467            6.109
   19 (vir)            8.375          -3.300          -3.832          -8.211            9.453
   20 (vir)            8.379          -3.974          -3.882          -8.532            9.054
   21 (vir)            9.259          -3.731          -4.188          -9.125           10.465
   22 (vir)           11.224          -4.588          -5.597         -11.712           12.752
   23 (vir)           11.345          -4.523          -5.672         -11.825           12.974
   24 (vir)           12.556          -5.369          -5.679         -12.187           13.696
   25 (vir)           13.687          -4.722          -5.250         -11.742           15.457
   26 (vir)           13.813          -4.810          -5.272         -11.811           15.543
   27 (vir)           17.802          -5.386          -4.977         -12.388           19.827
   28 (vir)           17.933          -6.326          -5.686         -13.408           19.329
   29 (vir)           17.941          -6.264          -5.660         -13.378           19.396
   30 (vir)           18.006          -5.630          -5.067         -12.540           19.850
   31 (vir)           18.421          -1.626          -2.988          -9.403           23.211
   32 (vir)           19.686          -5.203          -3.736         -10.705           21.452
   33 (vir)           20.803          -6.154          -3.934         -11.760           22.475
   34 (vir)           22.124          -9.349          -4.787         -13.031           21.018
   35 (vir)           24.621          -7.438          -4.379         -13.091           25.895
   36 (vir)           24.690          -5.658          -4.399         -13.106           27.739
   37 (vir)           28.981           2.041          -3.077         -10.472           38.417
   38 (vir)           29.515           0.666          -3.268         -10.986           37.900
   39 (vir)           29.986          -5.839          -4.364         -13.597           33.381
   40 (vir)           30.129           0.461          -3.271         -11.231           38.549
   41 (vir)           30.158          -0.930          -4.007         -12.868           38.089
   42 (vir)           31.795          -4.234          -3.664         -12.502           36.398
   43 (vir)           36.623          -3.527          -4.041         -13.974           43.029
   44 (vir)           36.748          -6.799          -3.992         -13.958           39.914
   45 (vir)           37.231          -4.986          -4.140         -14.187           42.292
   46 (vir)           39.477          -0.603          -3.421         -12.674           48.126
   47 (vir)           39.579           0.115          -2.785         -11.343           48.252
   48 (vir)           39.835           0.777          -3.397         -12.692           49.907
   49 (vir)           41.233          -0.735          -3.360         -13.037           50.174
   50 (vir)           45.118           0.010          -3.585         -13.492           55.035
   51 (vir)           45.948           1.314          -3.329         -12.986           56.919
   52 (vir)           53.002           6.726          -2.969         -11.005           67.763
   53 (vir)           54.407           5.003          -3.111         -11.030           67.329
   54 (vir)           59.374           0.262          -2.432         -12.038           69.241
   55 (vir)           61.573          -0.071          -2.420         -12.841           71.923
   56 (vir)           62.841           1.105          -1.467         -10.475           72.954
   57 (vir)           63.091           0.152          -1.263          -9.841           71.822
   58 (vir)           63.187          -2.422          -1.775         -11.648           70.637
   59 (vir)           64.893           0.913          -1.256          -8.799           73.349
   60 (vir)           65.265           0.043          -1.832         -11.549           75.025
   61 (vir)           68.463          -0.794          -3.595         -14.269           78.343
   62 (vir)           68.670          -0.871          -2.118         -13.085           78.767
   63 (vir)           76.622          12.935          -4.868         -11.376           96.066
   64 (vir)           84.020           6.718          -8.837         -12.316           94.216
   65 (vir)          102.623          -2.686          -3.252         -16.589          113.274
   66 (vir)          105.415          -0.714          -5.271         -16.990          116.421
   67 (vir)          106.805          -0.688          -0.906          -8.632          113.844
   68 (vir)          109.788          -0.790          -1.327          -9.319          116.989
   69 (vir)          257.908          -2.018          -0.835         -13.542          268.597
