 
  kpoint:     0.0000    0.1316    0.0000
 
    n          ϵ_nk^DFT (eV)     Σ^c_nk (eV)     Σ^x_nk (eV)    v_nk^xc (eV)   ϵ_nk^G0W0 (eV)
 
    1 (occ)          -73.498          11.247         -39.704         -24.415          -77.540
    2 (occ)          -38.062           9.040         -31.973         -22.452          -38.543
    3 (occ)          -37.994           8.306         -31.961         -22.535          -39.114
    4 (occ)          -37.967           7.899         -31.950         -22.561          -39.457
    5 (occ)          -14.047           7.488         -20.350         -12.827          -14.083
    6 (occ)          -12.939           6.949         -20.105         -13.020          -13.076
    7 (occ)           -5.423           4.034         -16.143         -12.023           -5.508
    8 (occ)           -2.637           2.671         -16.376         -13.840           -2.502
    9 (occ)           -2.281           2.521         -15.348         -12.694           -2.414
   10 (occ)           -1.684           2.167         -16.480         -14.485           -1.512
   11 (occ)           -1.216           1.687         -16.260         -14.727           -1.062
   12 (occ)           -0.839           1.933         -14.939         -12.910           -0.934
   13 (occ)           -0.011           1.015         -15.324         -14.524            0.205
   14 (vir)            2.719          -3.444          -9.334         -13.625            3.566
   15 (vir)            2.945          -3.653          -9.801         -14.468            3.959
   16 (vir)            3.179          -3.531          -9.998         -14.406            4.056
   17 (vir)            3.717          -3.863          -9.882         -14.739            4.713
   18 (vir)            6.121          -4.067          -5.750         -10.785            7.089
   19 (vir)            8.525          -3.609          -4.310          -9.066            9.673
   20 (vir)            8.863          -3.609          -2.795          -6.897            9.357
   21 (vir)           10.111          -4.224          -5.386         -11.218           11.718
   22 (vir)           10.195          -4.593          -5.265         -11.071           11.408
   23 (vir)           11.986          -4.425          -4.652         -10.631           13.540
   24 (vir)           12.155          -5.112          -5.629         -12.052           13.466
   25 (vir)           12.875          -5.345          -5.823         -12.401           14.108
   26 (vir)           14.019          -5.008          -4.942         -11.403           15.471
   27 (vir)           16.014          -5.523          -4.929         -12.027           17.590
   28 (vir)           16.851          -5.827          -5.253         -12.594           18.365
   29 (vir)           16.881          -6.237          -5.668         -13.156           18.131
   30 (vir)           18.477          -6.424          -5.250         -12.887           19.690
   31 (vir)           19.183          -4.835          -3.394         -10.069           21.023
   32 (vir)           20.658          -5.488          -3.741         -11.010           22.438
   33 (vir)           21.728          -4.200          -4.024         -11.737           25.240
   34 (vir)           23.305          -7.165          -4.249         -12.544           24.435
   35 (vir)           23.989          -2.159          -2.279          -8.735           28.286
   36 (vir)           24.236          -5.296          -4.259         -12.616           27.297
   37 (vir)           25.288          -5.334          -4.294         -13.044           28.704
   38 (vir)           27.581          -4.636          -3.678         -11.515           30.782
   39 (vir)           28.964          -5.276          -4.253         -13.289           32.724
   40 (vir)           29.360          -0.755          -2.869         -10.686           36.422
   41 (vir)           30.059          -5.683          -3.894         -12.582           33.065
   42 (vir)           30.234          -4.285          -3.577         -12.121           34.494
   43 (vir)           36.355          -5.192          -4.054         -14.032           41.142
   44 (vir)           36.622           1.732          -3.550         -13.057           47.862
   45 (vir)           36.767          -3.750          -3.573         -13.037           42.481
   46 (vir)           38.057          -4.786          -3.479         -12.864           42.656
   47 (vir)           38.173          -0.690          -3.124         -12.317           46.676
   48 (vir)           38.909          -5.653          -4.167         -14.368           43.456
   49 (vir)           42.025          -2.567          -3.173         -12.750           49.035
   50 (vir)           42.235          -3.317          -3.858         -14.156           49.216
   51 (vir)           44.030          -2.245          -3.262         -12.797           51.321
   52 (vir)           44.128          -0.210          -3.620         -13.981           54.279
   53 (vir)           48.020          -4.280          -2.064         -10.545           52.221
   54 (vir)           49.967          -2.458          -1.833          -9.725           55.400
   55 (vir)           60.889          -1.551          -1.849         -11.654           69.143
   56 (vir)           62.502          -0.062          -1.842         -12.006           72.604
   57 (vir)           62.736          -0.805          -2.044         -12.605           72.492
   58 (vir)           63.108          -2.273          -2.015         -12.476           71.296
   59 (vir)           65.742          -1.045          -1.985         -12.675           75.387
   60 (vir)           66.563           0.303          -2.249         -11.637           76.254
   61 (vir)           72.786          -0.229          -1.820         -10.914           81.651
   62 (vir)           73.426          10.635          -3.650         -15.270           95.681
   63 (vir)           80.773           3.361          -0.654          -9.463           92.942
   64 (vir)           96.296          -4.041          -4.478         -15.915          103.692
   65 (vir)           98.380          -1.006          -3.544         -16.720          110.550
   66 (vir)          109.403          -2.885          -0.790          -8.460          114.189
   67 (vir)          111.665          -1.668          -0.996          -8.912          117.913
   68 (vir)          116.965          -0.192          -2.053         -14.187          128.908
   69 (vir)          259.992          -3.257          -0.783         -13.539          269.490
