 
  kpoint:     0.0000    0.3947    0.0000
 
    n          ϵ_nk^DFT (eV)     Σ^c_nk (eV)     Σ^x_nk (eV)    v_nk^xc (eV)   ϵ_nk^G0W0 (eV)
 
    1 (occ)          -73.491          11.210         -39.701         -24.421          -77.562
    2 (occ)          -38.147           8.365         -32.038         -22.387          -39.434
    3 (occ)          -38.032           9.177         -31.970         -22.487          -38.339
    4 (occ)          -38.004           8.194         -31.976         -22.528          -39.258
    5 (occ)          -12.649           7.009         -20.221         -13.302          -12.559
    6 (occ)          -12.260           6.793         -20.179         -13.349          -12.297
    7 (occ)           -5.479           4.121         -16.314         -12.167           -5.505
    8 (occ)           -4.325           3.506         -15.843         -12.241           -4.421
    9 (occ)           -3.841           3.245         -16.121         -12.741           -3.976
   10 (occ)           -2.419           2.490         -16.619         -14.188           -2.360
   11 (occ)           -1.669           2.467         -15.330         -12.681           -1.850
   12 (occ)           -0.751           1.484         -14.986         -13.667           -0.585
   13 (occ)           -0.667           1.933         -15.278         -13.321           -0.691
   14 (vir)            2.718          -4.107         -11.448         -16.564            3.728
   15 (vir)            2.817          -4.032         -10.360         -15.348            3.772
   16 (vir)            3.905          -4.083          -8.768         -13.857            4.912
   17 (vir)            4.689          -4.450          -9.795         -15.266            5.709
   18 (vir)            5.772          -4.371          -6.493         -11.861            6.770
   19 (vir)            7.601          -4.149          -5.012         -10.114            8.554
   20 (vir)            7.925          -4.000          -5.377         -10.549            9.097
   21 (vir)           10.526          -4.576          -4.871         -10.463           11.543
   22 (vir)           10.620          -4.658          -4.885         -10.462           11.538
   23 (vir)           11.766          -5.166          -5.708         -12.113           13.005
   24 (vir)           13.112          -4.318          -3.504          -8.823           14.113
   25 (vir)           13.200          -4.974          -4.647         -10.624           14.204
   26 (vir)           15.613          -5.364          -3.814         -10.377           16.812
   27 (vir)           16.558          -6.866          -4.305         -11.005           16.393
   28 (vir)           17.156          -5.840          -4.189         -11.507           18.635
   29 (vir)           18.370          -5.787          -4.975         -12.438           20.047
   30 (vir)           20.280          -7.337          -5.038         -12.912           20.818
   31 (vir)           21.210          -5.342          -3.961         -11.048           22.954
   32 (vir)           22.624          -6.053          -3.847         -11.356           24.080
   33 (vir)           22.975          -5.482          -4.170         -11.892           25.215
   34 (vir)           23.449          -6.670          -3.718         -11.716           24.777
   35 (vir)           25.160          -4.217          -4.032         -12.191           29.102
   36 (vir)           26.087          -7.420          -3.132         -10.738           26.273
   37 (vir)           27.391          -2.153          -3.465         -11.538           33.311
   38 (vir)           27.639          -3.094          -3.882         -12.512           33.175
   39 (vir)           29.234          -4.663          -3.603         -12.201           33.169
   40 (vir)           29.355          -6.075          -4.118         -13.147           32.310
   41 (vir)           29.991          -6.231          -3.710         -12.413           32.462
   42 (vir)           30.547           0.718          -3.598         -12.249           39.917
   43 (vir)           32.429          -2.202          -3.362         -11.958           38.822
   44 (vir)           32.669          -0.841          -3.468         -12.114           40.475
   45 (vir)           33.220          -4.735          -3.812         -13.114           37.787
   46 (vir)           33.264          -1.436          -2.397         -10.104           39.534
   47 (vir)           35.990          -2.948          -3.648         -12.993           42.387
   48 (vir)           37.157          -4.637          -3.068         -12.077           41.530
   49 (vir)           39.910          -0.630          -3.171         -12.540           48.649
   50 (vir)           40.113          -3.156          -3.816         -13.954           47.095
   51 (vir)           40.194          -2.636          -3.112         -11.914           46.359
   52 (vir)           43.685          -1.928          -3.663         -13.740           51.833
   53 (vir)           43.974          -1.986          -3.608         -13.915           52.295
   54 (vir)           52.605           1.092          -2.977         -12.529           63.249
   55 (vir)           62.411          -2.633          -2.016         -12.539           70.301
   56 (vir)           62.637           1.633          -2.723         -11.226           72.774
   57 (vir)           62.995          -0.938          -2.433         -13.085           72.708
   58 (vir)           65.173          -1.570          -1.969         -12.591           74.225
   59 (vir)           67.644          -0.470          -2.724         -13.719           78.169
   60 (vir)           68.509          -0.334          -2.107         -12.986           79.054
   61 (vir)           77.618          -0.483          -2.520         -13.143           87.758
   62 (vir)           83.890          -0.893          -3.120         -14.531           94.409
   63 (vir)           86.950           0.060          -3.222         -15.138           98.925
   64 (vir)           95.217          -2.670          -3.958         -17.025          105.614
   65 (vir)          114.355          -0.085          -0.694          -8.348          121.924
   66 (vir)          117.351          -1.111          -0.779          -8.565          124.026
   67 (vir)          144.952           5.796          -0.998         -11.480          161.231
   68 (vir)          177.694          -0.321          11.236         -18.159          206.767
   69 (vir)          267.998          -1.773          -0.690         -13.468          279.003
