 
  kpoint:     0.0000    0.2632    0.0000
 
    n          ϵ_nk^DFT (eV)     Σ^c_nk (eV)     Σ^x_nk (eV)    v_nk^xc (eV)   ϵ_nk^G0W0 (eV)
 
    1 (occ)          -73.495          11.236         -39.703         -24.418          -77.544
    2 (occ)          -38.074           8.448         -32.000         -22.457          -39.169
    3 (occ)          -38.047           8.281         -31.973         -22.470          -39.268
    4 (occ)          -37.987           8.551         -31.961         -22.544          -38.854
    5 (occ)          -13.396           7.267         -20.264         -13.020          -13.373
    6 (occ)          -12.615           6.967         -20.125         -13.161          -12.612
    7 (occ)           -4.751           3.705         -16.184         -12.429           -4.801
    8 (occ)           -3.940           3.358         -16.000         -12.617           -3.964
    9 (occ)           -3.309           2.987         -15.879         -12.850           -3.352
   10 (occ)           -1.916           2.139         -16.432         -14.379           -1.830
   11 (occ)           -1.323           2.337         -14.694         -12.139           -1.541
   12 (occ)           -1.131           1.976         -15.966         -14.082           -1.039
   13 (occ)           -0.558           1.291         -15.497         -14.446           -0.318
   14 (vir)            2.383          -3.495          -9.653         -14.039            3.274
   15 (vir)            2.754          -3.623         -10.579         -15.127            3.679
   16 (vir)            3.229          -3.822          -9.475         -14.358            4.290
   17 (vir)            4.352          -4.284          -9.874         -15.162            5.356
   18 (vir)            6.838          -4.284          -5.330         -10.491            7.715
   19 (vir)            8.497          -4.661          -5.640         -11.146            9.343
   20 (vir)            8.940          -4.164          -4.743          -9.939            9.971
   21 (vir)           10.106          -4.070          -3.538          -8.314           10.812
   22 (vir)           10.160          -4.535          -5.178         -10.880           11.327
   23 (vir)           12.864          -5.026          -5.197         -11.542           14.184
   24 (vir)           13.075          -5.560          -5.747         -12.596           14.364
   25 (vir)           13.221          -4.682          -4.783         -11.011           14.767
   26 (vir)           14.540          -5.773          -4.891         -11.794           15.670
   27 (vir)           14.960          -5.347          -4.358         -10.928           16.182
   28 (vir)           14.977          -5.552          -4.443         -10.882           15.864
   29 (vir)           16.072          -5.548          -5.346         -12.456           17.633
   30 (vir)           19.477          -6.677          -5.481         -13.357           20.676
   31 (vir)           21.408          -5.591          -4.210         -11.662           23.268
   32 (vir)           22.700          -4.421          -3.444         -10.740           25.575
   33 (vir)           23.011          -5.746          -3.669         -11.189           24.785
   34 (vir)           24.196          -4.922          -3.577         -11.316           27.013
   35 (vir)           24.623          -6.026          -3.949         -12.315           26.964
   36 (vir)           24.785          -4.514          -2.624          -9.566           27.214
   37 (vir)           26.760          -6.097          -3.961         -12.557           29.259
   38 (vir)           27.158           0.140          -3.922         -12.339           35.715
   39 (vir)           28.347          -2.900          -2.774         -10.333           33.006
   40 (vir)           29.155          -5.571          -4.204         -13.302           32.683
   41 (vir)           29.180          -5.272          -3.769         -12.278           32.417
   42 (vir)           29.264          -6.035          -2.845         -10.595           30.979
   43 (vir)           32.866          -7.113          -3.630         -12.660           34.784
   44 (vir)           33.108          -4.333          -3.662         -12.864           37.977
   45 (vir)           34.800          -2.828          -3.597         -12.527           40.903
   46 (vir)           35.270          -5.997          -3.932         -13.629           38.970
   47 (vir)           37.703          -3.518          -3.709         -13.363           43.839
   48 (vir)           39.238          -9.014          -2.976         -11.869           39.117
   49 (vir)           40.275          -4.880          -3.680         -13.289           45.005
   50 (vir)           40.658          -8.669          -3.099         -12.619           41.509
   51 (vir)           41.625          -3.913          -3.672         -13.779           47.819
   52 (vir)           43.650          -3.247          -3.731         -14.160           50.832
   53 (vir)           44.847           0.376          -2.482         -11.342           54.083
   54 (vir)           48.507           0.638          -3.336         -13.387           59.196
   55 (vir)           61.465          -1.113          -1.925         -12.312           70.739
   56 (vir)           64.006           0.572          -2.198         -12.819           75.199
   57 (vir)           64.105          -0.655          -1.994         -12.567           74.024
   58 (vir)           64.634          -0.332          -1.626         -11.147           73.824
   59 (vir)           65.971          -1.506          -2.102         -12.743           75.105
   60 (vir)           66.959           0.778          -2.092         -12.890           78.535
   61 (vir)           75.956          -0.051          -1.752         -11.951           86.104
   62 (vir)           80.888          -2.882          -3.482         -15.278           89.803
   63 (vir)           91.667          -0.711          -3.752         -16.016          103.220
   64 (vir)           96.810          -3.670          -3.553         -17.089          106.676
   65 (vir)          111.349           2.882          -0.753          -8.398          121.876
   66 (vir)          114.223          -1.339          -0.901          -8.835          120.819
   67 (vir)          116.202           1.480          -1.699         -10.636          126.618
   68 (vir)          150.218          -0.687           0.519         -15.215          165.265
   69 (vir)          264.775          -2.211          -0.716         -13.521          275.368
