 
  kpoint:     0.2105    0.2105    0.0000
 
    n          ϵ_nk^DFT (eV)     Σ^c_nk (eV)     Σ^x_nk (eV)    v_nk^xc (eV)   ϵ_nk^G0W0 (eV)
 
    1 (occ)          -73.492          11.254         -39.702         -24.421          -77.519
    2 (occ)          -38.115           8.666         -32.020         -22.418          -39.052
    3 (occ)          -38.034           8.751         -31.973         -22.484          -38.772
    4 (occ)          -38.024           8.353         -31.983         -22.508          -39.146
    5 (occ)          -12.776           7.028         -20.219         -13.242          -12.724
    6 (occ)          -12.308           6.667         -20.168         -13.316          -12.494
    7 (occ)           -4.803           3.803         -16.295         -12.502           -4.793
    8 (occ)           -3.948           3.294         -16.090         -12.781           -3.964
    9 (occ)           -3.897           3.316         -15.921         -12.496           -4.006
   10 (occ)           -2.985           2.869         -16.086         -13.169           -3.033
   11 (occ)           -2.151           2.458         -15.170         -12.687           -2.176
   12 (occ)           -1.209           2.290         -15.219         -12.738           -1.400
   13 (occ)           -0.267           1.182         -15.622         -14.688           -0.019
   14 (vir)            2.251          -3.344          -9.920         -14.175            3.162
   15 (vir)            2.999          -4.404         -11.274         -16.706            4.027
   16 (vir)            3.220          -3.966          -9.556         -14.568            4.265
   17 (vir)            4.794          -4.633          -9.439         -15.059            5.781
   18 (vir)            7.238          -4.694          -6.516         -12.200            8.227
   19 (vir)            8.269          -4.006          -4.423          -9.253            9.093
   20 (vir)            9.805          -4.069          -4.527          -9.794           11.003
   21 (vir)            9.932          -5.081          -5.907         -12.030           10.975
   22 (vir)           10.794          -4.780          -4.660         -10.281           11.635
   23 (vir)           11.793          -4.915          -4.878         -11.003           13.003
   24 (vir)           12.786          -4.940          -5.555         -12.001           14.293
   25 (vir)           12.883          -5.213          -3.974          -9.697           13.394
   26 (vir)           13.786          -4.832          -4.792         -11.157           15.319
   27 (vir)           15.038          -4.890          -4.354         -10.746           16.541
   28 (vir)           16.356          -6.033          -5.304         -12.368           17.388
   29 (vir)           18.185          -5.572          -4.008         -10.895           19.500
   30 (vir)           21.219          -5.922          -4.392         -12.188           23.093
   31 (vir)           21.322          -6.429          -4.661         -12.635           22.867
   32 (vir)           22.462          -5.467          -3.536         -10.655           24.114
   33 (vir)           23.427          -4.753          -3.260         -10.534           25.948
   34 (vir)           23.854          -5.748          -4.112         -12.169           26.163
   35 (vir)           25.272          -5.063          -3.245         -10.787           27.750
   36 (vir)           25.405          -4.635          -3.917         -12.246           29.099
   37 (vir)           26.443          -1.992          -3.420         -11.398           32.429
   38 (vir)           27.310          -4.181          -2.576          -9.919           30.472
   39 (vir)           27.851          -3.940          -3.140         -11.469           32.241
   40 (vir)           28.809          -5.294          -3.585         -12.140           32.070
   41 (vir)           30.506          -4.225          -4.178         -13.261           35.364
   42 (vir)           31.352          -2.645          -4.176         -13.418           37.949
   43 (vir)           32.251          -4.735          -3.545         -12.480           36.451
   44 (vir)           32.881           0.040          -3.301         -11.929           41.548
   45 (vir)           33.280          -4.319          -3.593         -12.664           38.033
   46 (vir)           33.510          -5.317          -3.131         -11.841           36.902
   47 (vir)           36.444          -5.250          -3.719         -13.293           40.768
   48 (vir)           37.642          -7.658          -3.801         -13.638           39.822
   49 (vir)           39.712          -6.412          -3.670         -13.575           43.206
   50 (vir)           40.997          -3.528          -3.526         -13.871           47.814
   51 (vir)           42.913          -1.286          -2.995         -12.467           51.099
   52 (vir)           43.134          -2.871          -3.696         -14.019           50.587
   53 (vir)           45.104          -8.794          -2.054         -10.744           45.000
   54 (vir)           55.585          -2.039          -2.773         -13.564           64.337
   55 (vir)           61.606          -3.914          -2.267         -12.325           67.750
   56 (vir)           63.018          -3.466          -2.120         -12.701           70.132
   57 (vir)           64.730          -1.401          -1.629         -11.955           73.655
   58 (vir)           64.856          -2.775          -1.756         -11.961           72.286
   59 (vir)           67.692          -1.462          -1.996         -12.583           76.817
   60 (vir)           69.478          -0.946          -1.392         -10.995           78.135
   61 (vir)           75.116          -1.918          -1.956         -12.988           84.231
   62 (vir)           81.887          -1.893          -1.958         -12.289           90.325
   63 (vir)           86.505          -6.845          -1.493         -14.708           92.875
   64 (vir)           93.244          -5.555          -2.015         -13.693           99.367
   65 (vir)           94.906          -6.429           0.000         -15.789          104.267
   66 (vir)          100.026          -4.334           1.980         -14.485          112.158
   67 (vir)          114.580          -1.519          -0.676          -8.420          120.806
   68 (vir)          123.984          -3.380           4.159         -10.047          134.810
   69 (vir)          272.906          -3.504           0.131         -13.555          283.087
