 
  kpoint:     0.0000    0.2105    0.0000
 
    n          ϵ_nk^DFT (eV)     Σ^c_nk (eV)     Σ^x_nk (eV)    v_nk^xc (eV)   ϵ_nk^G0W0 (eV)
 
    1 (occ)          -73.496          11.239         -39.704         -24.417          -77.544
    2 (occ)          -38.053           8.571         -31.973         -22.462          -38.993
    3 (occ)          -38.039           8.533         -31.984         -22.490          -39.000
    4 (occ)          -37.978           9.645         -31.957         -22.551          -37.739
    5 (occ)          -13.691           7.367         -20.298         -12.928          -13.694
    6 (occ)          -12.761           7.040         -20.115         -13.094          -12.742
    7 (occ)           -5.000           3.815         -16.073         -12.173           -5.085
    8 (occ)           -3.449           3.104         -16.189         -13.142           -3.392
    9 (occ)           -2.863           2.759         -15.795         -12.983           -2.916
   10 (occ)           -1.641           1.958         -16.351         -14.502           -1.533
   11 (occ)           -1.369           2.048         -16.212         -14.299           -1.233
   12 (occ)           -1.106           2.230         -14.571         -12.137           -1.310
   13 (occ)           -0.302           1.163         -15.520         -14.597           -0.062
   14 (vir)            2.388          -3.406          -9.424         -13.696            3.253
   15 (vir)            2.895          -3.565         -10.298         -14.732            3.764
   16 (vir)            3.004          -3.766          -9.688         -14.485            4.035
   17 (vir)            4.121          -4.145          -9.891         -15.031            5.116
   18 (vir)            6.727          -4.200          -5.379         -10.475            7.623
   19 (vir)            9.074          -4.690          -5.337         -10.913            9.960
   20 (vir)            9.271          -3.636          -3.376          -7.895           10.153
   21 (vir)            9.557          -4.173          -5.070         -10.483           10.797
   22 (vir)           10.000          -4.275          -4.703         -10.100           11.123
   23 (vir)           12.437          -4.935          -4.771         -10.984           13.715
   24 (vir)           12.903          -5.136          -5.491         -11.961           14.237
   25 (vir)           13.000          -5.377          -5.637         -12.393           14.379
   26 (vir)           14.483          -4.654          -4.629         -11.034           16.233
   27 (vir)           14.822          -5.419          -5.041         -11.912           16.275
   28 (vir)           15.543          -5.555          -4.774         -11.647           16.861
   29 (vir)           16.001          -5.692          -5.555         -12.758           17.513
   30 (vir)           19.069          -6.296          -5.434         -13.223           20.562
   31 (vir)           20.493          -5.141          -3.771         -10.844           22.426
   32 (vir)           22.129          -5.867          -3.594         -10.975           23.643
   33 (vir)           22.726          -4.142          -3.608         -11.303           26.278
   34 (vir)           23.935          -5.329          -3.854         -11.586           26.338
   35 (vir)           24.571          -6.984          -2.802          -9.583           24.368
   36 (vir)           25.130          -7.131          -4.084         -12.643           26.559
   37 (vir)           25.448          -5.684          -3.905         -12.260           28.120
   38 (vir)           26.704          -3.840          -3.967         -12.147           31.044
   39 (vir)           28.700          -0.864          -2.851         -10.344           35.329
   40 (vir)           28.794          -4.287          -4.216         -13.257           33.548
   41 (vir)           28.800          -5.280          -3.218         -11.177           31.479
   42 (vir)           29.529          -4.653          -3.853         -12.409           33.431
   43 (vir)           34.483          -6.289          -3.590         -12.820           37.424
   44 (vir)           34.589          -2.050          -3.494         -12.680           41.724
   45 (vir)           35.966          -4.202          -4.016         -13.933           41.681
   46 (vir)           36.146          -1.061          -3.547         -12.458           43.995
   47 (vir)           38.043          -3.515          -3.789         -13.550           44.288
   48 (vir)           40.033          -3.837          -4.026         -14.075           46.246
   49 (vir)           40.652          -6.680          -3.324         -12.689           43.337
   50 (vir)           41.010          -0.720          -3.113         -12.488           49.665
   51 (vir)           42.937          -0.674          -3.164         -12.631           51.731
   52 (vir)           43.666          -4.614          -3.750         -14.201           49.503
   53 (vir)           46.207          -0.843          -2.023         -10.117           53.458
   54 (vir)           46.439         -11.450          -3.604         -13.489           44.874
   55 (vir)           61.061          -3.744          -1.764         -12.154           67.708
   56 (vir)           63.553          -0.501          -2.007         -12.563           73.607
   57 (vir)           63.864          -0.349          -2.138         -12.708           74.086
   58 (vir)           64.056          -2.849          -1.700         -11.531           71.038
   59 (vir)           65.779          -1.305          -2.123         -12.121           74.473
   60 (vir)           66.320          -0.689          -2.086         -12.826           76.372
   61 (vir)           74.883          -1.838          -1.741         -11.491           82.796
   62 (vir)           77.737          -0.868          -3.641         -15.318           88.546
   63 (vir)           94.738          -1.383          -3.876         -16.354          105.833
   64 (vir)           97.320           3.165          -3.522         -17.004          113.966
   65 (vir)          101.361          -3.411          -2.318         -10.157          105.790
   66 (vir)          110.549          -1.839          -0.775          -8.420          116.354
   67 (vir)          113.015          -1.989          -0.941          -8.889          118.975
   68 (vir)          138.329          -1.341          16.481         -14.387          167.855
   69 (vir)          262.679          -1.751          -0.764         -13.532          273.696
