 
  kpoint:     0.0000    0.3421    0.0000
 
    n          ϵ_nk^DFT (eV)     Σ^c_nk (eV)     Σ^x_nk (eV)    v_nk^xc (eV)   ϵ_nk^G0W0 (eV)
 
    1 (occ)          -73.493          11.256         -39.702         -24.420          -77.518
    2 (occ)          -38.122           8.202         -32.027         -22.411          -39.536
    3 (occ)          -38.037           8.302         -31.971         -22.481          -39.225
    4 (occ)          -37.998           8.093         -31.970         -22.533          -39.342
    5 (occ)          -12.927           7.134         -20.227         -13.187          -12.832
    6 (occ)          -12.389           6.867         -20.156         -13.276          -12.401
    7 (occ)           -5.077           3.929         -16.353         -12.433           -5.068
    8 (occ)           -3.982           3.311         -15.914         -12.448           -4.136
    9 (occ)           -3.969           3.333         -15.867         -12.468           -4.035
   10 (occ)           -2.258           2.380         -16.554         -14.246           -2.187
   11 (occ)           -1.570           2.430         -15.092         -12.463           -1.769
   12 (occ)           -0.814           1.930         -15.539         -13.628           -0.795
   13 (occ)           -0.788           1.441         -15.241         -14.008           -0.580
   14 (vir)            2.599          -3.778         -10.073         -14.787            3.535
   15 (vir)            2.682          -3.874         -11.099         -15.966            3.674
   16 (vir)            3.660          -4.015          -9.055         -14.071            4.661
   17 (vir)            4.594          -4.410          -9.828         -15.253            5.609
   18 (vir)            6.445          -4.352          -6.061         -11.488            7.520
   19 (vir)            7.709          -4.299          -5.245         -10.368            8.533
   20 (vir)            8.215          -3.905          -5.170         -10.356            9.496
   21 (vir)           10.556          -4.372          -4.103          -9.292           11.373
   22 (vir)           10.729          -4.527          -5.173         -11.020           12.048
   23 (vir)           12.323          -5.307          -5.765         -12.386           13.638
   24 (vir)           12.830          -4.581          -4.748         -10.780           14.282
   25 (vir)           13.130          -4.546          -4.285         -10.020           14.320
   26 (vir)           15.171          -5.257          -3.925         -10.447           16.436
   27 (vir)           15.922          -5.422          -4.279         -10.867           17.088
   28 (vir)           15.958          -5.918          -4.438         -11.600           17.202
   29 (vir)           17.325          -5.947          -5.094         -12.396           18.680
   30 (vir)           20.010          -6.912          -5.330         -13.250           21.018
   31 (vir)           21.501          -4.854          -4.068         -11.211           23.790
   32 (vir)           22.660          -5.455          -4.064         -11.753           24.894
   33 (vir)           23.041          -6.168          -3.747         -11.241           24.367
   34 (vir)           23.834          -6.129          -3.802         -11.914           25.818
   35 (vir)           25.068          -5.701          -3.646         -11.601           27.321
   36 (vir)           25.462          -6.109          -2.833         -10.101           26.620
   37 (vir)           27.818          -2.025          -2.988         -10.849           33.654
   38 (vir)           28.179          -2.448          -3.485         -11.962           34.208
   39 (vir)           28.777          -7.090          -3.826         -12.652           30.512
   40 (vir)           29.579          -4.090          -3.814         -12.509           34.184
   41 (vir)           29.632          -6.297          -4.150         -13.305           32.489
   42 (vir)           30.237          -2.119          -3.475         -11.974           36.617
   43 (vir)           31.739          -3.301          -3.688         -12.606           37.356
   44 (vir)           31.890          -1.514          -2.780         -10.682           38.279
   45 (vir)           33.139          -2.076          -3.514         -12.313           39.861
   46 (vir)           33.754          -6.532          -3.786         -13.091           36.527
   47 (vir)           36.683          -2.963          -3.651         -13.089           43.157
   48 (vir)           37.671          -1.800          -3.015         -11.823           44.679
   49 (vir)           40.213          -1.895          -3.243         -12.307           47.382
   50 (vir)           40.335          -2.150          -3.156         -12.653           47.682
   51 (vir)           40.522          -7.685          -3.837         -14.041           43.041
   52 (vir)           43.822          -3.786          -3.661         -14.014           50.390
   53 (vir)           44.078          -2.054          -3.348         -13.097           51.773
   54 (vir)           51.202          -5.293          -2.997         -12.888           55.799
   55 (vir)           62.083          -3.496          -2.003         -12.463           69.048
   56 (vir)           63.601          -2.124          -2.330         -12.981           72.128
   57 (vir)           64.214          -1.701          -1.798         -11.287           72.003
   58 (vir)           64.824          -1.659          -1.978         -12.583           73.770
   59 (vir)           66.945          -0.325          -2.368         -13.243           77.494
   60 (vir)           67.966          -1.236          -2.111         -12.955           77.574
   61 (vir)           77.211          -0.995          -2.043         -12.674           86.847
   62 (vir)           85.034           0.045          -3.246         -15.192           97.025
   63 (vir)           86.563          -1.671          -3.161         -15.244           96.975
   64 (vir)           95.792          -1.840          -3.850         -17.050          107.152
   65 (vir)          112.986          -1.048          -0.718          -8.365          119.585
   66 (vir)          116.228          -1.487          -0.747          -8.684          122.678
   67 (vir)          135.701           2.419           0.275         -11.225          149.620
   68 (vir)          165.557          -0.877           0.775         -16.830          182.285
   69 (vir)          267.299          -1.849          -0.644         -13.491          278.297
