 
  kpoint:     0.2982    0.2982    0.0000
 
    n          ϵ_nk^DFT (eV)     Σ^c_nk (eV)     Σ^x_nk (eV)    v_nk^xc (eV)   ϵ_nk^G0W0 (eV)
 
    1 (occ)          -73.489          10.953         -39.700         -24.423          -77.814
    2 (occ)          -38.127           8.423         -32.013         -22.408          -39.308
    3 (occ)          -38.080           8.383         -32.024         -22.454          -39.266
    4 (occ)          -38.024           8.215         -31.971         -22.497          -39.283
    5 (occ)          -12.153           6.577         -20.226         -13.521          -12.282
    6 (occ)          -12.003           6.954         -20.232         -13.494          -11.787
    7 (occ)           -4.957           3.959         -16.192         -12.199           -4.990
    8 (occ)           -4.833           3.721         -16.449         -12.730           -4.831
    9 (occ)           -3.689           3.167         -15.443         -12.199           -3.766
   10 (occ)           -3.292           3.019         -15.882         -12.727           -3.427
   11 (occ)           -2.904           2.957         -15.351         -12.238           -3.060
   12 (occ)           -1.856           2.514         -15.944         -13.298           -1.989
   13 (occ)            0.288           0.559         -14.981         -14.709            0.575
   14 (vir)            2.172          -3.467         -11.615         -16.107            3.196
   15 (vir)            3.304          -3.880          -9.158         -14.074            4.340
   16 (vir)            3.696          -4.525         -10.447         -15.898            4.623
   17 (vir)            5.179          -4.964          -9.731         -15.781            6.265
   18 (vir)            6.202          -4.242          -5.899         -11.072            7.132
   19 (vir)            7.289          -4.392          -6.552         -11.956            8.301
   20 (vir)           10.364          -4.795          -5.065         -10.867           11.372
   21 (vir)           10.574          -4.199          -4.427          -9.835           11.783
   22 (vir)           11.881          -4.899          -5.108         -11.301           13.174
   23 (vir)           12.092          -4.921          -4.282         -10.320           13.209
   24 (vir)           13.573          -5.465          -5.200         -11.818           14.725
   25 (vir)           13.777          -5.218          -4.786         -11.274           15.047
   26 (vir)           14.186          -5.039          -3.915          -9.904           15.137
   27 (vir)           15.115          -5.335          -5.090         -11.674           16.365
   28 (vir)           17.182          -4.661          -4.487         -11.201           19.234
   29 (vir)           17.990          -4.597          -3.195          -9.316           19.513
   30 (vir)           19.111          -4.613          -3.699         -10.518           21.317
   31 (vir)           19.768          -6.080          -4.576         -12.393           21.505
   32 (vir)           20.748          -5.759          -3.900         -10.993           22.082
   33 (vir)           24.979          -4.852          -4.160         -12.558           28.525
   34 (vir)           25.156          -6.645          -3.351         -10.983           26.142
   35 (vir)           25.997          -6.034          -3.692         -11.652           27.923
   36 (vir)           26.957          -5.845          -3.570         -11.556           29.098
   37 (vir)           27.634          -3.327          -3.883         -12.527           32.952
   38 (vir)           29.003          -6.136          -3.731         -12.605           31.741
   39 (vir)           29.381          -6.392          -3.887         -12.752           31.854
   40 (vir)           29.424          -4.981          -3.658         -12.148           32.933
   41 (vir)           30.017          -1.784          -3.833         -12.367           36.765
   42 (vir)           31.325          -5.986          -3.913         -13.102           34.528
   43 (vir)           32.099          -2.171          -3.947         -13.136           39.117
   44 (vir)           32.318          -2.554          -2.806         -10.875           37.833
   45 (vir)           33.932          -3.869          -2.663         -10.659           38.060
   46 (vir)           35.003          -5.293          -3.634         -13.111           39.187
   47 (vir)           36.417          -8.333          -3.561         -13.019           37.541
   48 (vir)           38.139          -3.584          -3.623         -13.375           44.307
   49 (vir)           38.582          -1.813          -3.878         -13.193           46.084
   50 (vir)           40.290          -5.754          -4.078         -14.223           44.682
   51 (vir)           41.576          -3.777          -3.018         -12.330           47.111
   52 (vir)           42.815          -3.550          -3.598         -13.829           49.496
   53 (vir)           52.341           4.038          -3.195         -13.622           66.806
   54 (vir)           54.919          -0.732          -2.756          -9.762           61.192
   55 (vir)           61.313           1.061          -2.472         -12.849           72.751
   56 (vir)           64.002          -0.911          -1.866         -11.838           73.063
   57 (vir)           66.648          -0.956          -2.173         -12.918           76.438
   58 (vir)           68.639          -0.305          -2.469         -13.373           79.239
   59 (vir)           70.752           0.074          -1.979         -11.923           80.769
   60 (vir)           72.961          -0.248          -1.392         -11.451           82.773
   61 (vir)           80.634          -3.126          -2.556         -10.926           85.878
   62 (vir)           82.415          -1.912          -2.252         -12.473           90.724
   63 (vir)           88.338          -0.656          -3.268         -14.887           99.301
   64 (vir)           92.489          -0.792          -3.425         -15.512          103.784
   65 (vir)           92.583          -2.399          -3.659         -17.120          103.644
   66 (vir)          102.999           1.584          -1.153         -10.883          114.313
   67 (vir)          118.655          -1.339          -0.805          -8.173          124.685
   68 (vir)          128.853           5.671          -0.776         -10.842          144.590
   69 (vir)          268.959          -1.960          -0.651         -13.457          279.805
