 
  kpoint:     0.0000    0.0526    0.0000
 
    n          ϵ_nk^DFT (eV)     Σ^c_nk (eV)     Σ^x_nk (eV)    v_nk^xc (eV)   ϵ_nk^G0W0 (eV)
 
    1 (occ)          -73.499          11.271         -39.705         -24.414          -77.519
    2 (occ)          -38.067           8.268         -31.973         -22.445          -39.327
    3 (occ)          -37.965           8.251         -31.948         -22.563          -39.100
    4 (occ)          -37.961           8.562         -31.946         -22.567          -38.777
    5 (occ)          -14.254           7.783         -20.384         -12.771          -14.084
    6 (occ)          -13.043           6.772         -20.103         -12.979          -13.396
    7 (occ)           -5.686           4.187         -16.226         -11.968           -5.756
    8 (occ)           -2.047           2.347         -16.581         -14.424           -1.857
    9 (occ)           -1.878           2.250         -16.619         -14.560           -1.687
   10 (occ)           -1.869           2.502         -14.534         -11.765           -2.136
   11 (occ)           -0.897           1.489         -16.239         -14.937           -0.709
   12 (occ)           -0.801           1.558         -15.868         -14.420           -0.691
   13 (occ)            0.091           0.952         -15.070         -14.307            0.281
   14 (vir)            3.210          -3.566          -9.808         -14.381            4.216
   15 (vir)            3.277          -3.577          -9.586         -14.014            4.128
   16 (vir)            3.389          -3.618          -9.841         -14.457            4.387
   17 (vir)            3.415          -3.591          -9.842         -14.300            4.282
   18 (vir)            5.314          -3.937          -5.752         -10.635            6.260
   19 (vir)            8.299          -3.446          -3.865          -8.283            9.270
   20 (vir)            8.462          -3.888          -3.547          -8.024            9.051
   21 (vir)            9.354          -3.823          -4.525          -9.665           10.670
   22 (vir)           11.021          -4.825          -5.455         -11.509           12.250
   23 (vir)           11.456          -4.681          -5.658         -11.856           12.973
   24 (vir)           12.643          -5.749          -5.738         -12.279           13.434
   25 (vir)           13.350          -5.114          -5.120         -11.492           14.608
   26 (vir)           13.834          -4.829          -5.224         -11.749           15.530
   27 (vir)           17.393          -5.776          -4.871         -12.190           18.936
   28 (vir)           17.773          -6.170          -5.684         -13.371           19.291
   29 (vir)           17.800          -6.171          -5.591         -13.252           19.290
   30 (vir)           18.071          -5.873          -5.093         -12.592           19.696
   31 (vir)           18.490          -1.861          -3.106          -9.541           23.065
   32 (vir)           19.776          -5.334          -3.785         -10.844           21.501
   33 (vir)           21.293          -5.364          -4.012         -11.923           23.840
   34 (vir)           21.699          -7.224          -4.520         -12.572           22.528
   35 (vir)           24.548          -6.604          -4.342         -13.046           26.648
   36 (vir)           24.808          -5.539          -4.382         -13.113           28.001
   37 (vir)           26.747          -5.064          -2.754          -9.506           28.436
   38 (vir)           29.084          -9.358          -3.405         -11.261           27.581
   39 (vir)           29.796          -6.600          -4.346         -13.537           32.386
   40 (vir)           30.007          -0.408          -3.195         -11.138           37.540
   41 (vir)           30.233           0.214          -3.942         -12.681           39.186
   42 (vir)           31.659          -4.833          -3.707         -12.601           35.721
   43 (vir)           36.524          -3.949          -4.047         -13.996           42.525
   44 (vir)           36.875          -5.042          -3.950         -13.993           41.875
   45 (vir)           37.564          -4.697          -4.132         -14.217           42.953
   46 (vir)           38.613          -4.457          -3.437         -12.802           43.521
   47 (vir)           39.243          -2.983          -2.831         -11.453           44.882
   48 (vir)           39.613           0.168          -3.302         -12.580           49.060
   49 (vir)           41.406          -0.786          -3.459         -13.186           50.347
   50 (vir)           43.853          -5.920          -3.818         -14.145           48.260
   51 (vir)           45.478           0.050          -3.338         -13.201           55.391
   52 (vir)           49.124          -6.551          -1.462         -11.199           52.309
   53 (vir)           53.764           3.117          -2.287         -10.692           65.287
   54 (vir)           56.687          -1.285          -2.151         -11.119           64.370
   55 (vir)           61.945          -0.966          -2.256         -12.865           71.588
   56 (vir)           61.997          -1.994          -1.697         -11.643           69.948
   57 (vir)           62.311          -1.294          -1.398         -10.315           69.935
   58 (vir)           62.863           0.088          -1.773         -11.763           72.940
   59 (vir)           65.552          -1.926          -1.899         -12.215           73.943
   60 (vir)           66.986           1.255          -1.359          -8.831           75.714
   61 (vir)           68.649          -0.324          -2.015         -13.090           79.399
   62 (vir)           69.950          -1.298          -3.700         -14.672           79.625
   63 (vir)           71.562          -4.620          -0.250         -10.065           76.756
   64 (vir)           87.111          10.851          -5.594         -12.630          104.997
   65 (vir)          101.170          -1.047          -3.752         -16.840          113.212
   66 (vir)          106.110           3.465          -5.169         -16.707          121.112
   67 (vir)          107.580           2.458          -0.868          -8.566          117.736
   68 (vir)          110.596          -1.808          -0.806          -9.036          117.018
   69 (vir)          258.326          -1.817          -0.819         -13.540          269.229
