 
  kpoint:     0.0175    0.0175    0.0000
 
    n          ϵ_nk^DFT (eV)     Σ^c_nk (eV)     Σ^x_nk (eV)    v_nk^xc (eV)   ϵ_nk^G0W0 (eV)
 
    1 (occ)          -73.500          11.277         -39.705         -24.414          -77.514
    2 (occ)          -38.068           8.200         -31.973         -22.444          -39.396
    3 (occ)          -37.961           8.614         -31.946         -22.566          -38.727
    4 (occ)          -37.960           8.645         -31.945         -22.568          -38.692
    5 (occ)          -14.281           7.798         -20.389         -12.764          -14.107
    6 (occ)          -13.057           6.705         -20.104         -12.974          -13.482
    7 (occ)           -5.721           4.207         -16.238         -11.962           -5.789
    8 (occ)           -1.961           2.300         -16.623         -14.521           -1.763
    9 (occ)           -1.904           2.254         -16.635         -14.568           -1.717
   10 (occ)           -1.803           2.524         -14.326         -11.498           -2.106
   11 (occ)           -0.850           1.462         -16.240         -14.971           -0.657
   12 (occ)           -0.814           1.485         -16.103         -14.780           -0.652
   13 (occ)            0.099           0.947         -15.032         -14.272            0.286
   14 (vir)            3.276          -3.560          -9.820         -14.382            4.278
   15 (vir)            3.339          -3.587          -9.832         -14.410            4.330
   16 (vir)            3.399          -3.594          -9.713         -14.171            4.263
   17 (vir)            3.451          -3.646          -9.822         -14.292            4.275
   18 (vir)            5.160          -3.892          -5.640         -10.492            6.120
   19 (vir)            8.361          -3.281          -3.836          -8.217            9.461
   20 (vir)            8.389          -3.948          -3.841          -8.469            9.070
   21 (vir)            9.268          -3.755          -4.229          -9.190           10.474
   22 (vir)           11.198          -4.464          -5.575         -11.684           12.842
   23 (vir)           11.357          -4.695          -5.668         -11.828           12.823
   24 (vir)           12.567          -5.368          -5.687         -12.199           13.712
   25 (vir)           13.648          -4.659          -5.237         -11.713           15.466
   26 (vir)           13.815          -4.788          -5.267         -11.803           15.564
   27 (vir)           17.748          -5.333          -4.957         -12.354           19.813
   28 (vir)           17.911          -6.359          -5.674         -13.392           19.270
   29 (vir)           17.929          -5.654          -5.662         -13.376           19.988
   30 (vir)           18.013          -5.764          -5.071         -12.546           19.725
   31 (vir)           18.427          -1.431          -3.010          -9.420           23.406
   32 (vir)           19.695          -5.176          -3.745         -10.727           21.501
   33 (vir)           20.865          -6.090          -3.948         -11.783           22.609
   34 (vir)           22.055          -6.850          -4.760         -12.963           23.408
   35 (vir)           24.613          -7.036          -4.380         -13.087           26.284
   36 (vir)           24.704          -5.007          -4.379         -13.106           28.424
   37 (vir)           28.650           3.480          -3.021         -10.294           39.403
   38 (vir)           29.455           0.724          -3.309         -11.054           37.924
   39 (vir)           29.964          -5.801          -4.365         -13.591           33.388
   40 (vir)           30.115          -1.037          -3.306         -11.220           36.992
   41 (vir)           30.175          -1.888          -3.968         -12.812           37.131
   42 (vir)           31.790          -4.331          -3.673         -12.532           36.318
   43 (vir)           36.606           0.720          -4.034         -13.978           47.270
   44 (vir)           36.763          -5.601          -3.988         -13.963           41.138
   45 (vir)           37.275          -1.320          -4.132         -14.189           46.012
   46 (vir)           39.353          -0.599          -3.401         -12.675           48.027
   47 (vir)           39.538           0.137          -2.790         -11.355           48.241
   48 (vir)           39.808          -0.744          -3.449         -12.678           48.293
   49 (vir)           41.252          -0.735          -3.365         -13.059           50.211
   50 (vir)           44.886           0.028          -3.649         -13.626           54.891
   51 (vir)           45.885          -0.840          -3.389         -13.012           54.667
   52 (vir)           52.453           8.817          -2.750         -10.990           69.510
   53 (vir)           54.361          -1.917          -2.886         -11.002           60.560
   54 (vir)           59.005           0.136          -2.416         -11.940           68.665
   55 (vir)           61.648          -0.571          -2.424         -12.878           71.531
   56 (vir)           62.630           0.679          -1.480         -10.669           72.498
   57 (vir)           63.054          -0.975          -1.298          -9.912           70.693
   58 (vir)           63.199           0.458          -1.774         -11.706           73.589
   59 (vir)           64.898           1.316          -1.287          -8.797           73.724
   60 (vir)           65.423          -0.219          -1.810         -11.571           74.965
   61 (vir)           68.715          -0.643          -2.136         -13.091           79.027
   62 (vir)           68.731          -0.657          -3.643         -14.296           78.727
   63 (vir)           75.342          -1.971          -4.372         -11.172           80.170
   64 (vir)           84.430          -0.938          -6.546         -12.330           89.276
   65 (vir)          102.308          -2.905          -3.232         -16.656          112.826
   66 (vir)          105.480          -4.197          -4.421         -16.960          113.823
   67 (vir)          106.917          -1.922          -0.902          -8.622          112.715
   68 (vir)          109.979          -0.684          -1.290          -9.262          117.267
   69 (vir)          257.973          -1.920          -0.832         -13.541          268.762
