 
  kpoint:     0.0000    0.2368    0.0000
 
    n          ϵ_nk^DFT (eV)     Σ^c_nk (eV)     Σ^x_nk (eV)    v_nk^xc (eV)   ϵ_nk^G0W0 (eV)
 
    1 (occ)          -73.495          11.236         -39.704         -24.418          -77.546
    2 (occ)          -38.056           8.543         -31.992         -22.473          -39.032
    3 (occ)          -38.050           8.404         -31.973         -22.466          -39.153
    4 (occ)          -37.982           8.267         -31.959         -22.548          -39.127
    5 (occ)          -13.548           7.316         -20.281         -12.972          -13.540
    6 (occ)          -12.690           7.003         -20.120         -13.126          -12.680
    7 (occ)           -4.857           3.750         -16.097         -12.274           -4.930
    8 (occ)           -3.714           3.242         -16.115         -12.893           -3.694
    9 (occ)           -3.082           2.869         -15.853         -12.940           -3.127
   10 (occ)           -1.782           2.049         -16.391         -14.437           -1.686
   11 (occ)           -1.250           2.010         -16.095         -14.201           -1.133
   12 (occ)           -1.217           2.290         -14.605         -12.100           -1.432
   13 (occ)           -0.431           1.226         -15.524         -14.539           -0.189
   14 (vir)            2.366          -3.439          -9.528         -13.843            3.242
   15 (vir)            2.817          -3.581         -10.430         -14.911            3.716
   16 (vir)            3.104          -3.813          -9.593         -14.432            4.130
   17 (vir)            4.243          -4.226          -9.884         -15.104            5.236
   18 (vir)            6.812          -4.220          -5.317         -10.434            7.708
   19 (vir)            8.825          -4.612          -5.563         -11.147            9.797
   20 (vir)            9.180          -3.803          -4.263          -9.262           10.376
   21 (vir)            9.828          -4.654          -5.099         -10.632           10.706
   22 (vir)            9.974          -4.157          -3.877          -8.801           10.742
   23 (vir)           12.891          -5.108          -5.340         -11.754           14.196
   24 (vir)           12.892          -4.771          -4.772         -11.051           14.401
   25 (vir)           13.120          -5.465          -5.690         -12.523           14.488
   26 (vir)           14.571          -5.445          -5.013         -11.859           15.972
   27 (vir)           14.712          -4.818          -4.533         -10.945           16.306
   28 (vir)           15.191          -5.449          -4.576         -11.281           16.447
   29 (vir)           15.935          -5.598          -5.456         -12.586           17.467
   30 (vir)           19.275          -6.667          -5.469         -13.305           20.444
   31 (vir)           20.972          -5.346          -3.968         -11.226           22.883
   32 (vir)           22.608          -5.568          -3.601         -11.041           24.480
   33 (vir)           22.851          -1.771          -3.513         -11.026           28.594
   34 (vir)           23.955          -5.133          -3.725         -11.391           26.489
   35 (vir)           24.761          -5.352          -2.667          -9.532           26.275
   36 (vir)           24.895          -4.989          -4.009         -12.475           28.372
   37 (vir)           26.085          -6.020          -3.986         -12.500           28.579
   38 (vir)           26.826          -2.214          -4.011         -12.308           32.910
   39 (vir)           28.517          -2.373          -2.819         -10.310           33.635
   40 (vir)           28.856           0.604          -3.036         -10.849           37.272
   41 (vir)           28.950          -5.211          -4.216         -13.280           32.803
   42 (vir)           29.336          -4.989          -3.822         -12.340           32.865
   43 (vir)           33.676          -5.905          -3.601         -12.733           36.904
   44 (vir)           33.829          -4.514          -3.584         -12.780           38.510
   45 (vir)           35.461          -2.435          -3.601         -12.507           41.932
   46 (vir)           35.673          -4.624          -3.980         -13.810           40.879
   47 (vir)           37.922          -3.532          -3.763         -13.473           44.101
   48 (vir)           39.941         -10.023          -3.082         -12.132           38.969
   49 (vir)           40.210          -7.858          -3.878         -13.727           42.201
   50 (vir)           40.802          -6.734          -3.140         -12.553           43.481
   51 (vir)           42.165          -2.386          -3.499         -13.378           49.657
   52 (vir)           43.639          -3.066          -3.744         -14.190           51.019
   53 (vir)           45.397           0.170          -2.196         -10.652           54.023
   54 (vir)           47.478          -2.490          -3.544         -13.467           54.911
   55 (vir)           61.253          -1.496          -1.812         -12.242           70.187
   56 (vir)           63.832          -0.471          -1.999         -12.564           73.926
   57 (vir)           63.979           0.198          -2.168         -12.764           74.773
   58 (vir)           64.446          -1.710          -1.691         -11.264           72.308
   59 (vir)           65.775          -1.614          -2.157         -12.483           74.487
   60 (vir)           66.624           0.180          -2.092         -12.861           77.573
   61 (vir)           75.442          -1.031          -1.842         -11.718           84.287
   62 (vir)           79.317           2.002          -3.581         -15.301           93.039
   63 (vir)           93.266          -1.053          -3.952         -16.196          104.458
   64 (vir)           97.107           0.198          -3.450         -17.069          110.923
   65 (vir)          108.822          -2.022          -2.480         -10.400          114.720
   66 (vir)          110.929          -2.068          -0.765          -8.409          116.506
   67 (vir)          113.592          -1.052          -0.941          -8.867          120.466
   68 (vir)          144.627          -0.920          12.695         -14.774          171.176
   69 (vir)          263.726          -1.954          -0.756         -13.527          274.543
