 
  kpoint:     0.2281    0.2281    0.0000
 
    n          ϵ_nk^DFT (eV)     Σ^c_nk (eV)     Σ^x_nk (eV)    v_nk^xc (eV)   ϵ_nk^G0W0 (eV)
 
    1 (occ)          -73.491          11.200         -39.701         -24.422          -77.571
    2 (occ)          -38.124           8.551         -32.024         -22.409          -39.187
    3 (occ)          -38.035           8.368         -31.990         -22.498          -39.159
    4 (occ)          -38.031           9.081         -31.973         -22.488          -38.435
    5 (occ)          -12.605           6.981         -20.215         -13.312          -12.527
    6 (occ)          -12.225           6.630         -20.182         -13.362          -12.415
    7 (occ)           -4.939           3.876         -16.260         -12.374           -4.949
    8 (occ)           -4.200           3.416         -16.180         -12.750           -4.214
    9 (occ)           -3.758           3.248         -15.998         -12.640           -3.868
   10 (occ)           -3.010           2.900         -15.992         -13.017           -3.084
   11 (occ)           -2.418           2.582         -15.116         -12.485           -2.468
   12 (occ)           -1.346           2.341         -15.337         -12.812           -1.530
   13 (occ)           -0.198           1.096         -15.470         -14.627            0.055
   14 (vir)            2.380          -3.384         -10.075         -14.365            3.286
   15 (vir)            3.055          -4.535         -11.432         -17.011            4.099
   16 (vir)            3.300          -3.970          -9.484         -14.502            4.348
   17 (vir)            4.850          -4.694          -9.413         -15.101            5.844
   18 (vir)            6.944          -4.562          -6.351         -11.853            7.885
   19 (vir)            8.245          -4.109          -5.103         -10.204            9.237
   20 (vir)            9.713          -4.499          -5.380         -11.200           11.035
   21 (vir)            9.939          -3.779          -4.578          -9.901           11.482
   22 (vir)           10.963          -4.882          -4.919         -10.729           11.891
   23 (vir)           11.947          -4.803          -4.742         -10.872           13.274
   24 (vir)           12.879          -5.073          -5.680         -12.224           14.351
   25 (vir)           13.228          -4.726          -3.635          -9.196           14.064
   26 (vir)           13.783          -5.093          -4.857         -11.318           15.152
   27 (vir)           15.339          -5.106          -4.296         -10.672           16.609
   28 (vir)           16.169          -6.405          -5.378         -12.402           16.788
   29 (vir)           18.318          -5.636          -3.751         -10.438           19.370
   30 (vir)           21.009          -5.728          -4.211         -11.856           22.925
   31 (vir)           22.076          -7.695          -4.473         -12.434           22.343
   32 (vir)           22.145          -5.839          -3.658         -10.907           23.555
   33 (vir)           23.019          -5.387          -3.279         -10.618           24.971
   34 (vir)           23.781          -5.465          -4.250         -12.393           26.459
   35 (vir)           25.585          -5.141          -4.212         -12.769           29.001
   36 (vir)           25.676          -5.334          -3.306         -10.934           27.971
   37 (vir)           26.368          -2.605          -3.532         -11.516           31.747
   38 (vir)           27.796          -5.473          -2.671         -10.193           29.845
   39 (vir)           28.318          -3.935          -3.083         -11.078           32.378
   40 (vir)           28.959          -6.102          -3.667         -12.215           31.404
   41 (vir)           30.588          -5.649          -3.935         -12.849           33.853
   42 (vir)           31.622          -3.636          -3.969         -13.104           37.121
   43 (vir)           31.653          -5.043          -3.540         -12.437           35.507
   44 (vir)           32.584          -3.407          -3.309         -11.994           37.862
   45 (vir)           33.579          -0.697          -3.747         -12.733           41.868
   46 (vir)           34.185          -5.687          -3.274         -12.228           37.453
   47 (vir)           36.125          -3.409          -3.880         -13.379           42.216
   48 (vir)           37.359          -7.588          -3.735         -13.547           39.583
   49 (vir)           39.186          -2.723          -3.679         -13.619           46.403
   50 (vir)           41.213          -5.511          -3.810         -14.063           45.955
   51 (vir)           42.569          -1.681          -3.043         -12.269           50.114
   52 (vir)           43.089          -1.053          -3.667         -13.962           52.332
   53 (vir)           46.134          -7.875          -1.665         -10.342           46.936
   54 (vir)           55.765          -1.978          -3.135         -13.675           64.327
   55 (vir)           62.666          -3.825          -2.263         -12.025           68.603
   56 (vir)           62.678          -3.026          -2.104         -12.716           70.263
   57 (vir)           64.544          -1.967          -2.035         -12.435           72.977
   58 (vir)           64.800          -3.623          -1.750         -11.962           71.389
   59 (vir)           68.225          -2.303          -1.978         -12.585           76.529
   60 (vir)           70.440          -1.487          -1.365         -10.944           78.532
   61 (vir)           75.613          -0.605          -2.065         -13.158           86.101
   62 (vir)           82.791          -2.988          -1.643         -12.055           90.215
   63 (vir)           86.954          -3.639          -2.760         -14.590           95.146
   64 (vir)           93.280          -5.415          -1.854         -13.945           99.956
   65 (vir)           94.114          -1.428          -2.298         -16.025          106.413
   66 (vir)          100.248           2.450          -0.705         -13.979          115.971
   67 (vir)          115.982          -2.447          -0.596          -8.413          121.352
   68 (vir)          124.715          12.428           1.034         -10.114          148.291
   69 (vir)          272.125          -3.541          -0.392         -13.531          281.722
