 
  kpoint:     0.0526    0.0526    0.0000
 
    n          ϵ_nk^DFT (eV)     Σ^c_nk (eV)     Σ^x_nk (eV)    v_nk^xc (eV)   ϵ_nk^G0W0 (eV)
 
    1 (occ)          -73.499          11.265         -39.704         -24.415          -77.523
    2 (occ)          -38.065           8.893         -31.972         -22.448          -38.697
    3 (occ)          -37.976           8.346         -31.953         -22.552          -39.031
    4 (occ)          -37.963           8.317         -31.947         -22.565          -39.029
    5 (occ)          -14.174           7.718         -20.371         -12.792          -14.035
    6 (occ)          -13.003           6.741         -20.103         -12.994          -13.371
    7 (occ)           -5.583           4.128         -16.191         -11.988           -5.659
    8 (occ)           -2.287           2.477         -16.485         -14.175           -2.120
    9 (occ)           -2.039           2.486         -14.947         -12.262           -2.238
   10 (occ)           -1.804           2.221         -16.563         -14.528           -1.618
   11 (occ)           -1.060           1.596         -16.196         -14.766           -0.893
   12 (occ)           -0.763           1.834         -15.438         -13.748           -0.619
   13 (occ)            0.060           0.973         -15.178         -14.406            0.260
   14 (vir)            3.009          -3.512          -9.423         -13.782            3.857
   15 (vir)            3.053          -3.600          -9.800         -14.406            4.058
   16 (vir)            3.308          -3.570          -9.891         -14.322            4.169
   17 (vir)            3.535          -3.745          -9.860         -14.582            4.512
   18 (vir)            5.692          -4.028          -5.851         -10.803            6.616
   19 (vir)            8.322          -3.958          -3.977          -8.557            8.943
   20 (vir)            8.640          -3.727          -3.028          -7.230            9.115
   21 (vir)            9.668          -4.130          -5.076         -10.609           11.070
   22 (vir)           10.641          -4.924          -5.303         -11.237           11.651
   23 (vir)           11.725          -5.002          -5.666         -11.962           13.018
   24 (vir)           12.646          -5.692          -4.887         -11.051           13.119
   25 (vir)           12.790          -5.447          -5.797         -12.377           13.924
   26 (vir)           13.873          -4.546          -5.100         -11.539           15.765
   27 (vir)           16.748          -6.220          -4.883         -12.106           17.750
   28 (vir)           17.254          -6.369          -5.555         -13.099           18.429
   29 (vir)           17.570          -6.106          -5.579         -13.170           19.055
   30 (vir)           18.221          -6.883          -5.169         -12.708           18.877
   31 (vir)           18.725          -5.636          -3.286          -9.787           19.590
   32 (vir)           20.087          -5.451          -3.803         -10.985           21.818
   33 (vir)           21.478          -8.330          -4.068         -12.053           21.133
   34 (vir)           22.233          -4.857          -4.107         -12.178           25.447
   35 (vir)           24.405          -5.829          -4.286         -12.917           27.207
   36 (vir)           24.580          -9.787          -2.550          -8.964           21.207
   37 (vir)           25.032          -6.425          -4.361         -13.073           27.319
   38 (vir)           28.419          -5.884          -3.463         -11.357           30.429
   39 (vir)           29.330          -5.529          -4.312         -13.420           32.909
   40 (vir)           29.705          -1.309          -3.316         -10.942           36.022
   41 (vir)           30.241          -0.673          -3.962         -12.681           38.286
   42 (vir)           31.151          -3.495          -3.703         -12.475           36.429
   43 (vir)           36.431          -4.612          -4.038         -14.010           41.791
   44 (vir)           37.078          -5.362          -3.909         -13.952           41.760
   45 (vir)           37.501          -5.235          -3.540         -12.978           41.704
   46 (vir)           38.067          -5.297          -3.951         -13.891           42.710
   47 (vir)           38.662          -6.986          -3.143         -12.125           40.657
   48 (vir)           38.933          -1.328          -3.558         -12.464           46.511
   49 (vir)           41.888           0.402          -3.575         -13.369           52.083
   50 (vir)           43.043         -12.059          -3.923         -14.379           41.441
   51 (vir)           44.609          -1.591          -3.663         -13.624           52.979
   52 (vir)           44.773          -3.176          -1.053         -11.611           52.155
   53 (vir)           53.202          -2.824          -1.897         -10.382           58.863
   54 (vir)           54.096          -1.061          -2.236         -10.834           61.633
   55 (vir)           61.364          -2.971          -1.664         -11.373           68.103
   56 (vir)           62.352          -6.420          -1.648         -11.145           65.428
   57 (vir)           62.632           0.422          -2.104         -12.701           73.650
   58 (vir)           63.069           0.055          -1.903         -12.092           73.312
   59 (vir)           65.495          -1.729          -1.831         -11.853           73.788
   60 (vir)           66.598          -5.080          -1.007         -11.106           71.617
   61 (vir)           68.445           3.824          -2.158          -9.585           79.696
   62 (vir)           69.946          -2.168          -1.733         -11.990           78.036
   63 (vir)           72.271          -1.375          -3.802         -14.910           82.004
   64 (vir)           93.131          -2.313          -0.926         -13.861          103.754
   65 (vir)           99.864          -0.066          -4.438         -16.829          112.190
   66 (vir)          108.386         -10.343          -0.738         -14.515          111.820
   67 (vir)          108.724          -0.756          -0.825          -8.495          115.639
   68 (vir)          111.930          -4.572          -1.131          -9.959          116.186
   69 (vir)          259.193          -2.451          -0.812         -13.541          269.471
