 
  kpoint:     0.0000    0.5000    0.0000
 
    n          ϵ_nk^DFT (eV)     Σ^c_nk (eV)     Σ^x_nk (eV)    v_nk^xc (eV)   ϵ_nk^G0W0 (eV)
 
    1 (occ)          -73.490          11.194         -39.701         -24.422          -77.575
    2 (occ)          -38.169           7.756         -32.055         -22.366          -40.102
    3 (occ)          -38.028           9.028         -31.970         -22.492          -38.479
    4 (occ)          -38.010           8.481         -31.980         -22.523          -38.985
    5 (occ)          -12.383           6.605         -20.230         -13.429          -12.578
    6 (occ)          -12.141           6.797         -20.204         -13.422          -12.125
    7 (occ)           -5.868           4.302         -16.277         -11.920           -5.923
    8 (occ)           -4.640           3.667         -15.817         -12.040           -4.751
    9 (occ)           -3.755           3.252         -16.352         -13.043           -3.812
   10 (occ)           -2.552           2.564         -16.673         -14.144           -2.517
   11 (occ)           -1.740           2.496         -15.538         -12.876           -1.906
   12 (occ)           -0.564           1.501         -14.726         -13.328           -0.460
   13 (occ)           -0.553           1.950         -15.039         -13.026           -0.616
   14 (vir)            2.803          -4.333         -11.807         -17.192            3.856
   15 (vir)            3.153          -4.438         -10.940         -16.350            4.124
   16 (vir)            4.114          -4.133          -8.446         -13.591            5.125
   17 (vir)            4.756          -4.478          -9.765         -15.262            5.775
   18 (vir)            4.854          -3.696          -6.345         -11.443            6.256
   19 (vir)            7.684          -4.380          -5.093         -10.395            8.605
   20 (vir)            7.762          -4.075          -5.646         -10.854            8.895
   21 (vir)           10.053          -4.364          -4.396          -9.529           10.822
   22 (vir)           10.488          -4.764          -5.584         -11.411           11.551
   23 (vir)           11.239          -4.908          -5.595         -11.786           12.522
   24 (vir)           13.270          -4.237          -2.754          -7.756           14.036
   25 (vir)           13.993          -5.105          -4.699         -10.930           15.118
   26 (vir)           15.750          -5.303          -3.576          -9.928           16.799
   27 (vir)           17.223          -5.341          -4.434         -11.310           18.759
   28 (vir)           18.631          -6.308          -3.784         -11.278           19.816
   29 (vir)           19.592          -5.911          -4.867         -12.490           21.305
   30 (vir)           20.528          -6.227          -4.469         -12.235           22.067
   31 (vir)           21.582          -5.512          -3.929         -11.348           23.489
   32 (vir)           22.027          -5.927          -4.156         -11.748           23.692
   33 (vir)           23.101          -4.529          -3.678         -11.066           25.960
   34 (vir)           23.126          -6.239          -3.603         -11.518           24.802
   35 (vir)           24.908          -5.582          -4.292         -12.825           27.859
   36 (vir)           26.063          -4.974          -3.666         -11.672           29.095
   37 (vir)           26.205          -7.186          -4.428         -13.253           27.844
   38 (vir)           26.828          -5.298          -4.008         -12.494           30.015
   39 (vir)           28.357          -5.759          -4.139         -12.948           31.407
   40 (vir)           29.031          -8.709          -3.714         -12.251           28.859
   41 (vir)           30.969          -4.089          -3.012         -11.125           34.993
   42 (vir)           31.915          -4.668          -3.417         -12.159           35.989
   43 (vir)           31.942          -5.233          -3.020         -11.509           35.198
   44 (vir)           33.354          -4.807          -3.924         -13.381           38.002
   45 (vir)           34.702          -2.287          -2.437         -10.423           40.401
   46 (vir)           35.182          -4.038          -3.824         -13.398           40.718
   47 (vir)           35.813          -4.997          -2.545         -11.293           39.564
   48 (vir)           36.561          -4.208          -3.282         -12.578           41.649
   49 (vir)           38.392          -3.370          -3.276         -12.505           44.251
   50 (vir)           40.167          -1.970          -2.915         -11.374           46.656
   51 (vir)           40.355          -3.328          -3.642         -13.590           46.974
   52 (vir)           43.155          -1.864          -3.926         -14.334           51.699
   53 (vir)           44.136          -1.826          -3.570         -13.819           52.558
   54 (vir)           55.256          -1.443          -2.944         -13.139           64.007
   55 (vir)           57.855          -1.068          -0.914         -10.172           66.045
   56 (vir)           62.039          -2.572          -2.560         -13.207           70.114
   57 (vir)           62.725          -4.117          -2.048         -12.615           69.175
   58 (vir)           65.465          -0.493          -1.951         -12.597           75.618
   59 (vir)           68.599          -1.301          -2.644         -14.101           78.755
   60 (vir)           68.998          -2.386          -2.089         -13.016           77.538
   61 (vir)           77.760          -1.279          -2.010         -13.478           87.949
   62 (vir)           82.047          -0.420          -2.138         -13.839           93.327
   63 (vir)           88.414          -0.814          -3.072         -15.088           99.616
   64 (vir)           94.702          -0.585          -3.710         -17.021          107.428
   65 (vir)          116.104          -4.056          -0.664          -8.334          119.717
   66 (vir)          118.313          -1.004          -0.649          -8.439          125.100
   67 (vir)          152.394          -8.830           5.226         -11.669          160.459
   68 (vir)          196.534          -2.082          17.240         -20.048          231.739
   69 (vir)          267.942          -1.735          -0.622         -13.444          279.030
