 
  kpoint:     0.2632    0.2632    0.0000
 
    n          ϵ_nk^DFT (eV)     Σ^c_nk (eV)     Σ^x_nk (eV)    v_nk^xc (eV)   ϵ_nk^G0W0 (eV)
 
    1 (occ)          -73.490          11.040         -39.700         -24.422          -77.728
    2 (occ)          -38.132           8.089         -32.023         -22.403          -39.664
    3 (occ)          -38.057           8.137         -32.005         -22.476          -39.449
    4 (occ)          -38.027           8.874         -31.971         -22.494          -38.631
    5 (occ)          -12.324           6.783         -20.217         -13.439          -12.320
    6 (occ)          -12.088           6.899         -20.212         -13.442          -11.957
    7 (occ)           -5.057           3.956         -16.200         -12.208           -5.093
    8 (occ)           -4.600           3.615         -16.335         -12.719           -4.601
    9 (occ)           -3.586           3.146         -16.089         -12.825           -3.705
   10 (occ)           -2.981           2.941         -15.716         -12.662           -3.094
   11 (occ)           -2.953           2.816         -15.148         -12.218           -3.068
   12 (occ)           -1.627           2.454         -15.615         -13.012           -1.776
   13 (occ)            0.013           0.845         -15.185         -14.607            0.280
   14 (vir)            2.449          -3.565         -11.077         -15.600            3.408
   15 (vir)            3.293          -4.505         -10.816         -16.311            4.283
   16 (vir)            3.357          -3.898          -9.306         -14.284            4.437
   17 (vir)            4.998          -4.844          -9.520         -15.381            6.014
   18 (vir)            6.448          -4.340          -6.164         -11.448            7.392
   19 (vir)            7.820          -4.233          -6.129         -11.530            8.987
   20 (vir)            9.884          -4.544          -4.786         -10.359           10.913
   21 (vir)           10.288          -3.998          -4.564          -9.961           11.687
   22 (vir)           11.371          -4.941          -5.226         -11.326           12.529
   23 (vir)           12.022          -4.831          -4.572         -10.673           13.292
   24 (vir)           13.270          -5.486          -5.505         -12.144           14.424
   25 (vir)           13.656          -4.243          -3.597          -9.169           14.984
   26 (vir)           13.960          -5.358          -4.656         -11.166           15.112
   27 (vir)           15.673          -6.008          -5.380         -12.247           16.532
   28 (vir)           16.187          -5.650          -4.334         -10.859           17.062
   29 (vir)           18.189          -4.818          -3.322          -9.620           19.669
   30 (vir)           20.088          -5.654          -3.903         -10.997           21.529
   31 (vir)           21.149          -6.446          -4.277         -12.046           22.473
   32 (vir)           21.677          -5.543          -3.771         -11.040           23.404
   33 (vir)           23.865          -6.992          -3.771         -11.658           24.760
   34 (vir)           24.291          -5.299          -4.222         -12.513           27.283
   35 (vir)           26.153          -7.393          -3.521         -11.387           26.624
   36 (vir)           26.213          -5.175          -4.272         -13.003           29.769
   37 (vir)           26.430          -5.958          -3.446         -11.244           28.270
   38 (vir)           28.845          -8.252          -3.524         -12.042           29.112
   39 (vir)           29.360          -2.840          -3.443         -11.531           34.609
   40 (vir)           29.469         -10.352          -3.506         -11.706           27.316
   41 (vir)           29.889          -5.074          -3.562         -12.149           33.403
   42 (vir)           31.627         -10.720          -3.312         -11.996           29.592
   43 (vir)           31.838          -1.524          -3.928         -13.084           39.469
   44 (vir)           32.217          -2.108          -3.191         -11.627           38.545
   45 (vir)           33.864          -1.212          -3.857         -12.947           41.743
   46 (vir)           35.019         -10.023          -3.491         -12.676           34.182
   47 (vir)           35.983          -0.357          -3.677         -12.836           44.786
   48 (vir)           37.442          -5.062          -3.762         -13.602           42.221
   49 (vir)           38.476          -0.243          -3.855         -13.641           48.020
   50 (vir)           41.088          -0.118          -4.112         -14.453           51.311
   51 (vir)           42.037           3.944          -2.916         -11.852           54.916
   52 (vir)           42.959          -2.156          -3.635         -13.885           51.052
   53 (vir)           49.819           3.647          -2.064          -9.750           61.151
   54 (vir)           54.062           3.580          -3.285         -13.530           67.886
   55 (vir)           61.917          -0.564          -2.289         -12.756           71.820
   56 (vir)           64.490           0.733          -1.810         -11.942           75.355
   57 (vir)           65.207          -1.680          -2.205         -12.466           73.788
   58 (vir)           66.274          -0.889          -2.546         -13.070           75.910
   59 (vir)           69.403          -2.369          -2.088         -12.468           77.415
   60 (vir)           72.103          -1.263          -1.333         -10.950           80.458
   61 (vir)           77.773          -0.907          -2.270         -13.009           87.604
   62 (vir)           83.159           3.557          -1.647         -11.256           96.324
   63 (vir)           88.281          -0.900          -3.459         -14.734           98.656
   64 (vir)           92.695          -0.710          -2.766         -14.866          104.085
   65 (vir)           92.869          -0.847          -3.974         -16.522          104.570
   66 (vir)          101.705          -1.364          -2.465         -12.423          110.299
   67 (vir)          118.019          -0.755          -0.695          -8.309          124.880
   68 (vir)          126.782          -2.197          -1.595         -10.484          133.473
   69 (vir)          270.137          -1.960          -0.685         -13.487          280.980
