 
  kpoint:     0.3158    0.3158    0.0000
 
    n          ϵ_nk^DFT (eV)     Σ^c_nk (eV)     Σ^x_nk (eV)    v_nk^xc (eV)   ϵ_nk^G0W0 (eV)
 
    1 (occ)          -73.489          11.037         -39.700         -24.423          -77.729
    2 (occ)          -38.121           8.464         -31.999         -22.414          -39.242
    3 (occ)          -38.090           8.452         -32.039         -22.444          -39.232
    4 (occ)          -38.024           8.079         -31.973         -22.498          -39.419
    5 (occ)          -12.114           6.925         -20.228         -13.541          -11.877
    6 (occ)          -11.982           6.912         -20.236         -13.506          -11.799
    7 (occ)           -4.887           3.751         -16.483         -12.742           -4.877
    8 (occ)           -4.861           4.006         -16.244         -12.269           -4.830
    9 (occ)           -3.839           3.204         -15.139         -11.847           -3.927
   10 (occ)           -3.329           3.054         -16.158         -12.981           -3.453
   11 (occ)           -2.875           2.960         -15.198         -12.062           -3.051
   12 (occ)           -1.922           2.528         -16.079         -13.427           -2.046
   13 (occ)            0.394           0.462         -14.938         -14.772            0.689
   14 (vir)            2.043          -3.373         -11.675         -16.086            3.081
   15 (vir)            3.272          -3.858          -9.120         -14.015            4.309
   16 (vir)            3.830          -4.568         -10.430         -15.911            4.743
   17 (vir)            5.244          -5.040          -9.811         -15.927            6.320
   18 (vir)            6.197          -4.230          -5.707         -10.852            7.112
   19 (vir)            7.084          -4.369          -6.729         -12.113            8.098
   20 (vir)           10.539          -4.840          -5.262         -11.188           11.626
   21 (vir)           10.638          -4.221          -4.341          -9.728           11.804
   22 (vir)           12.150          -4.878          -4.957         -11.137           13.452
   23 (vir)           12.156          -5.007          -4.111         -10.115           13.153
   24 (vir)           13.630          -5.447          -5.100         -11.699           14.782
   25 (vir)           13.740          -5.609          -5.226         -12.117           15.021
   26 (vir)           14.301          -4.077          -3.885          -9.726           16.065
   27 (vir)           14.828          -5.310          -4.874         -11.289           15.933
   28 (vir)           17.602          -5.115          -4.584         -11.289           19.192
   29 (vir)           17.966          -4.683          -3.274          -9.378           19.387
   30 (vir)           18.781          -6.369          -3.692         -10.558           19.278
   31 (vir)           19.209          -5.918          -4.493         -12.193           20.991
   32 (vir)           20.508          -5.642          -3.925         -10.976           21.917
   33 (vir)           25.262          -4.550          -4.177         -12.676           29.211
   34 (vir)           25.539          -5.974          -3.135         -10.559           26.990
   35 (vir)           25.863          -5.275          -3.680         -11.542           28.450
   36 (vir)           27.107          -6.744          -3.666         -11.806           28.503
   37 (vir)           28.326          -4.384          -3.788         -12.368           32.523
   38 (vir)           28.836          -7.454          -3.743         -12.599           30.238
   39 (vir)           29.428          -5.742          -3.935         -12.936           32.688
   40 (vir)           29.444          -1.163          -3.665         -12.344           36.960
   41 (vir)           30.064          -8.932          -3.955         -12.613           29.789
   42 (vir)           30.927          -6.261          -4.062         -13.314           33.918
   43 (vir)           31.585          -4.605          -3.844         -12.916           36.053
   44 (vir)           32.625          -1.851          -2.701         -10.688           38.761
   45 (vir)           34.603          -3.181          -2.290         -10.102           39.235
   46 (vir)           34.862          -5.056          -3.729         -13.329           39.405
   47 (vir)           36.391          -5.376          -3.688         -13.353           40.680
   48 (vir)           38.234          -5.042          -3.621         -13.365           42.937
   49 (vir)           38.752          -2.086          -3.715         -12.973           45.923
   50 (vir)           40.141          -5.521          -4.110         -14.332           44.842
   51 (vir)           41.328          -1.034          -3.102         -12.376           49.567
   52 (vir)           42.764           0.611          -3.589         -13.813           53.600
   53 (vir)           51.909          -3.293          -3.241         -13.697           59.072
   54 (vir)           57.172          -5.236          -2.234          -9.985           59.687
   55 (vir)           61.217           1.103          -2.457         -12.944           72.806
   56 (vir)           63.709          -1.163          -1.835         -11.687           72.398
   57 (vir)           67.194          -0.650          -2.146         -12.941           77.340
   58 (vir)           69.040           0.117          -2.514         -13.455           80.099
   59 (vir)           71.473           0.434          -1.763         -11.309           81.452
   60 (vir)           73.093          -1.616          -1.422         -11.629           81.684
   61 (vir)           78.677          -6.800          -2.303         -11.235           80.810
   62 (vir)           84.669          -2.124          -2.237         -12.145           92.453
   63 (vir)           87.805          -1.371          -3.474         -15.209           98.169
   64 (vir)           92.527          -1.026          -3.414         -15.606          103.692
   65 (vir)           92.750          -1.246          -3.711         -17.352          105.145
   66 (vir)          103.287          -3.072          -0.213         -10.365          110.366
   67 (vir)          118.630          -1.439          -0.726          -8.127          124.591
   68 (vir)          129.491          -1.843          -0.121         -10.926          138.453
   69 (vir)          268.782          -2.134          -0.641         -13.449          279.456
