 
  kpoint:     0.0000    0.2895    0.0000
 
    n          ϵ_nk^DFT (eV)     Σ^c_nk (eV)     Σ^x_nk (eV)    v_nk^xc (eV)   ϵ_nk^G0W0 (eV)
 
    1 (occ)          -73.494          11.240         -39.703         -24.419          -77.538
    2 (occ)          -38.091           8.281         -32.009         -22.440          -39.378
    3 (occ)          -38.043           8.224         -31.972         -22.474          -39.318
    4 (occ)          -37.991           8.233         -31.964         -22.540          -39.182
    5 (occ)          -13.239           7.217         -20.249         -13.073          -13.198
    6 (occ)          -12.538           6.936         -20.134         -13.198          -12.537
    7 (occ)           -4.746           3.727         -16.320         -12.586           -4.753
    8 (occ)           -4.065           3.381         -15.862         -12.371           -4.174
    9 (occ)           -3.537           3.113         -15.884         -12.730           -3.578
   10 (occ)           -2.042           2.224         -16.474         -14.328           -1.963
   11 (occ)           -1.419           2.374         -14.816         -12.228           -1.633
   12 (occ)           -1.017           1.950         -15.827         -13.944           -0.950
   13 (occ)           -0.667           1.351         -15.440         -14.323           -0.433
   14 (vir)            2.433          -3.572          -9.790         -14.268            3.340
   15 (vir)            2.710          -3.689         -10.742         -15.380            3.659
   16 (vir)            3.370          -3.928          -9.342         -14.270            4.369
   17 (vir)            4.447          -4.307          -9.861         -15.205            5.485
   18 (vir)            6.800          -4.192          -5.452         -10.693            7.849
   19 (vir)            8.170          -4.547          -5.621         -11.013            9.016
   20 (vir)            8.672          -3.989          -4.944         -10.165            9.905
   21 (vir)           10.280          -4.134          -3.567          -8.406           10.985
   22 (vir)           10.455          -4.652          -5.220         -11.046           11.628
   23 (vir)           12.820          -4.853          -5.045         -11.298           14.219
   24 (vir)           12.888          -5.592          -5.777         -12.582           14.101
   25 (vir)           13.286          -4.740          -4.759         -10.862           14.649
   26 (vir)           14.847          -5.931          -4.710         -11.705           15.910
   27 (vir)           14.888          -5.287          -4.160         -10.655           16.097
   28 (vir)           15.273          -5.373          -4.365         -10.847           16.382
   29 (vir)           16.388          -5.584          -5.249         -12.395           17.950
   30 (vir)           19.669          -6.562          -5.465         -13.370           21.012
   31 (vir)           21.717          -7.064          -4.449         -12.002           22.206
   32 (vir)           22.479          -4.755          -3.398         -10.627           24.953
   33 (vir)           23.236          -6.099          -3.748         -11.318           24.707
   34 (vir)           24.343          -6.132          -3.898         -12.168           26.482
   35 (vir)           24.531          -2.816          -3.495         -11.292           29.512
   36 (vir)           24.837          -4.706          -2.622          -9.614           27.124
   37 (vir)           27.463          -6.126          -3.928         -12.603           30.013
   38 (vir)           27.610           0.904          -3.714         -12.254           37.054
   39 (vir)           28.180          -3.473          -2.763         -10.425           32.369
   40 (vir)           29.111          -6.076          -3.742         -12.263           31.557
   41 (vir)           29.368          -6.440          -4.185         -13.319           32.063
   42 (vir)           29.873          -3.064          -2.698         -10.444           34.554
   43 (vir)           32.106          -6.107          -3.657         -12.568           34.911
   44 (vir)           32.459          -4.033          -3.723         -12.902           37.605
   45 (vir)           34.182          -3.810          -3.571         -12.507           39.308
   46 (vir)           34.777          -3.285          -3.876         -13.417           41.033
   47 (vir)           37.403          -3.447          -3.656         -13.252           43.552
   48 (vir)           38.610          -4.047          -2.967         -11.783           43.378
   49 (vir)           40.269          -1.690          -3.482         -12.874           47.971
   50 (vir)           40.553         -10.134          -3.070         -12.664           40.013
   51 (vir)           41.200          -4.596          -3.757         -13.957           46.804
   52 (vir)           43.690          -3.185          -3.712         -14.117           50.910
   53 (vir)           44.500          -1.837          -2.809         -12.041           51.895
   54 (vir)           49.487          -0.100          -3.148         -13.256           59.495
   55 (vir)           61.682          -5.138          -2.019         -12.369           66.895
   56 (vir)           63.950          -1.089          -2.234         -12.873           73.500
   57 (vir)           64.365          -0.956          -1.988         -12.572           73.993
   58 (vir)           64.648          -1.366          -1.400         -11.210           73.092
   59 (vir)           66.289          -1.203          -2.126         -12.865           75.826
   60 (vir)           67.306          -0.620          -2.097         -12.915           77.503
   61 (vir)           76.431           0.809          -1.591         -12.186           87.836
   62 (vir)           82.396           0.235          -3.371         -15.251           94.512
   63 (vir)           89.969           0.294          -3.454         -15.804          102.613
   64 (vir)           96.474          -1.822          -3.680         -17.084          108.056
   65 (vir)          111.826          -0.403          -0.741          -8.387          119.069
   66 (vir)          114.892          -2.375          -0.830          -8.793          120.479
   67 (vir)          123.273          -5.101          -0.421         -10.856          128.606
   68 (vir)          155.328          -1.238         -10.096         -15.703          159.698
   69 (vir)          265.763          -2.062          -0.664         -13.513          276.549
