 
  kpoint:     0.0000    0.1053    0.0000
 
    n          ϵ_nk^DFT (eV)     Σ^c_nk (eV)     Σ^x_nk (eV)    v_nk^xc (eV)   ϵ_nk^G0W0 (eV)
 
    1 (occ)          -73.499          11.254         -39.704         -24.415          -77.534
    2 (occ)          -38.064           8.788         -31.973         -22.449          -38.800
    3 (occ)          -37.982           8.330         -31.955         -22.546          -39.060
    4 (occ)          -37.965           8.005         -31.948         -22.564          -39.344
    5 (occ)          -14.135           7.768         -20.364         -12.803          -13.928
    6 (occ)          -12.983           6.976         -20.103         -13.002          -13.108
    7 (occ)           -5.533           4.098         -16.175         -11.998           -5.612
    8 (occ)           -2.401           2.541         -16.446         -14.061           -2.246
    9 (occ)           -2.120           2.490         -15.104         -12.441           -2.294
   10 (occ)           -1.765           2.202         -16.541         -14.520           -1.584
   11 (occ)           -1.090           1.607         -16.245         -14.805           -0.922
   12 (occ)           -0.801           1.803         -15.215         -13.379           -0.833
   13 (occ)            0.040           0.985         -15.227         -14.447            0.245
   14 (vir)            2.901          -3.488          -9.381         -13.713            3.745
   15 (vir)            3.013          -3.620          -9.799         -14.425            4.020
   16 (vir)            3.271          -3.555          -9.930         -14.353            4.138
   17 (vir)            3.589          -3.763          -9.869         -14.634            4.591
   18 (vir)            5.840          -4.066          -5.825         -10.810            6.759
   19 (vir)            8.373          -3.633          -4.118          -8.712            9.334
   20 (vir)            8.714          -3.704          -2.909          -7.058            9.158
   21 (vir)            9.819          -4.179          -5.216         -10.873           11.297
   22 (vir)           10.484          -4.833          -5.294         -11.173           11.530
   23 (vir)           11.873          -4.937          -5.638         -11.972           13.270
   24 (vir)           12.386          -5.022          -4.771         -10.863           13.455
   25 (vir)           12.822          -5.382          -5.834         -12.417           14.023
   26 (vir)           13.932          -4.708          -5.050         -11.534           15.708
   27 (vir)           16.467          -5.830          -4.875         -12.050           17.811
   28 (vir)           17.222          -6.101          -5.676         -13.243           18.688
   29 (vir)           17.242          -5.950          -5.388         -12.848           18.751
   30 (vir)           18.312          -6.167          -5.188         -12.773           19.729
   31 (vir)           18.868          -5.315          -3.311          -9.887           20.128
   32 (vir)           20.258          -5.528          -3.780         -11.000           21.950
   33 (vir)           21.521          -5.923          -4.197         -11.924           23.325
   34 (vir)           22.605          -5.599          -4.131         -12.281           25.156
   35 (vir)           24.242          -8.123          -2.348          -8.891           22.661
   36 (vir)           24.338          -5.448          -4.345         -12.817           27.363
   37 (vir)           25.149          -5.701          -4.334         -13.096           28.211
   38 (vir)           28.084          -5.088          -3.577         -11.430           30.849
   39 (vir)           29.229          -5.175          -4.286         -13.363           33.130
   40 (vir)           29.599          -1.947          -2.954         -10.844           35.542
   41 (vir)           30.171          -7.381          -3.930         -12.617           31.477
   42 (vir)           30.821          -5.586          -3.651         -12.363           33.946
   43 (vir)           36.406          -4.815          -4.050         -14.024           41.565
   44 (vir)           37.060          -4.196          -3.854         -13.756           42.765
   45 (vir)           37.236           0.710          -3.495         -13.061           47.513
   46 (vir)           38.314          -6.454          -3.107         -12.009           40.762
   47 (vir)           38.439          -3.568          -4.159         -14.329           45.041
   48 (vir)           38.759          -1.656          -3.097         -12.351           46.357
   49 (vir)           42.026          -3.465          -3.441         -13.238           48.358
   50 (vir)           42.662          -5.823          -3.879         -14.295           47.256
   51 (vir)           44.408          -6.772          -2.841         -12.018           46.813
   52 (vir)           44.476          -1.881          -3.509         -13.769           52.856
   53 (vir)           50.733          -2.611          -1.947         -10.372           56.547
   54 (vir)           51.404          -1.010          -1.641          -9.927           58.680
   55 (vir)           61.115          -3.293          -1.765         -11.322           67.378
   56 (vir)           62.075          -1.838          -1.876         -12.064           70.426
   57 (vir)           62.484           5.591          -2.070         -12.656           78.661
   58 (vir)           62.859          -1.147          -1.957         -12.329           72.084
   59 (vir)           65.656          -0.732          -1.950         -12.596           75.569
   60 (vir)           67.054          -1.482          -1.876         -11.699           75.395
   61 (vir)           71.963          -1.126          -1.496         -10.758           80.098
   62 (vir)           72.232          -1.572          -3.668         -15.176           82.167
   63 (vir)           75.174           3.110          -0.914          -9.252           86.622
   64 (vir)           94.349          -0.908          -3.830         -14.766          104.377
   65 (vir)           99.363           0.078          -4.074         -16.805          112.172
   66 (vir)          108.915          -0.888          -0.803          -8.482          115.707
   67 (vir)          111.300          -0.210          -3.641         -14.985          122.434
   68 (vir)          111.320          -0.995          -0.955          -8.917          118.288
   69 (vir)          259.326          -1.794          -0.805         -13.539          270.266
