 
  kpoint:     0.2807    0.2807    0.0000
 
    n          ϵ_nk^DFT (eV)     Σ^c_nk (eV)     Σ^x_nk (eV)    v_nk^xc (eV)   ϵ_nk^G0W0 (eV)
 
    1 (occ)          -73.490          10.973         -39.700         -24.423          -77.794
    2 (occ)          -38.131           8.200         -32.020         -22.404          -39.547
    3 (occ)          -38.069           8.244         -32.013         -22.465          -39.373
    4 (occ)          -38.025          10.184         -31.971         -22.495          -37.317
    5 (occ)          -12.223           6.658         -20.222         -13.487          -12.300
    6 (occ)          -12.038           6.929         -20.224         -13.472          -11.860
    7 (occ)           -5.032           3.963         -16.183         -12.180           -5.072
    8 (occ)           -4.738           3.676         -16.399         -12.721           -4.740
    9 (occ)           -3.587           3.185         -15.907         -12.672           -3.637
   10 (occ)           -3.173           2.918         -15.390         -12.324           -3.320
   11 (occ)           -2.944           2.951         -15.537         -12.453           -3.077
   12 (occ)           -1.753           2.488         -15.778         -13.147           -1.896
   13 (occ)            0.151           0.697         -15.067         -14.647            0.427
   14 (vir)            2.328          -3.558         -11.447         -16.003            3.327
   15 (vir)            3.338          -3.893          -9.222         -14.167            4.391
   16 (vir)            3.500          -4.485         -10.543         -15.981            4.454
   17 (vir)            5.091          -4.907          -9.625         -15.585            6.144
   18 (vir)            6.287          -4.287          -6.057         -11.277            7.221
   19 (vir)            7.543          -4.893          -6.366         -11.782            8.065
   20 (vir)           10.125          -4.516          -4.870         -10.533           11.273
   21 (vir)           10.454          -4.124          -4.510          -9.923           11.743
   22 (vir)           11.613          -4.962          -5.215         -11.385           12.821
   23 (vir)           12.045          -4.827          -4.450         -10.523           13.292
   24 (vir)           13.450          -5.498          -5.348         -11.986           14.590
   25 (vir)           13.720          -4.935          -4.164         -10.152           14.773
   26 (vir)           14.109          -5.314          -4.220         -10.475           15.050
   27 (vir)           15.398          -5.756          -5.274         -12.015           16.384
   28 (vir)           16.684          -1.742          -4.401         -11.035           21.576
   29 (vir)           18.071          -4.837          -3.205          -9.380           19.410
   30 (vir)           19.573          -5.501          -3.790         -10.708           20.990
   31 (vir)           20.451          -6.474          -4.490         -12.339           21.826
   32 (vir)           21.153          -5.559          -3.841         -11.011           22.764
   33 (vir)           24.572          -7.081          -3.580         -11.382           25.292
   34 (vir)           24.649          -5.749          -4.187         -12.537           27.250
   35 (vir)           26.088          -5.407          -3.649         -11.624           28.656
   36 (vir)           26.726          -6.238          -3.500         -11.375           28.363
   37 (vir)           26.863          -6.625          -4.031         -12.672           28.880
   38 (vir)           29.128          -7.971          -3.817         -12.738           30.079
   39 (vir)           29.424          -6.097          -3.706         -12.365           31.985
   40 (vir)           29.455          -1.421          -3.580         -11.877           36.331
   41 (vir)           29.839           1.335          -3.555         -11.787           39.405
   42 (vir)           31.630          -6.091          -3.932         -13.113           34.721
   43 (vir)           31.938           0.553          -3.008         -11.340           40.823
   44 (vir)           32.528          -4.787          -3.575         -12.375           36.540
   45 (vir)           33.453          -5.169          -3.291         -11.845           36.838
   46 (vir)           35.100          -1.633          -3.548         -12.869           42.789
   47 (vir)           36.315          -7.739          -3.565         -12.825           37.836
   48 (vir)           37.774          -3.488          -3.731         -13.534           44.089
   49 (vir)           38.436          -0.311          -3.928         -13.467           47.665
   50 (vir)           40.678          -1.861          -4.059         -14.246           49.004
   51 (vir)           41.830           5.706          -2.942         -12.128           56.722
   52 (vir)           42.884          -2.966          -3.617         -13.853           50.155
   53 (vir)           52.304           4.293          -2.573          -9.675           63.699
   54 (vir)           53.075           2.833          -3.191         -13.549           66.266
   55 (vir)           61.570           0.566          -2.417         -12.792           72.511
   56 (vir)           64.263          -0.561          -1.849         -11.910           73.763
   57 (vir)           65.952          -1.938          -2.192         -12.804           74.627
   58 (vir)           67.729          -1.152          -2.464         -13.221           77.333
   59 (vir)           70.053           1.582          -2.093         -12.282           81.824
   60 (vir)           72.652          -0.915          -1.342         -11.183           81.577
   61 (vir)           79.868          -0.984          -2.270         -12.703           89.318
   62 (vir)           82.265           2.860          -2.122         -10.954           93.957
   63 (vir)           88.562          -0.521          -3.279         -14.796           99.558
   64 (vir)           92.515          -0.245          -3.251         -15.280          104.300
   65 (vir)           92.556           0.287          -3.923         -16.826          105.745
   66 (vir)          102.456           4.792          -1.915         -11.605          116.938
   67 (vir)          118.493          -0.846          -0.786          -8.238          125.099
   68 (vir)          127.895          10.490          -1.360         -10.688          147.713
   69 (vir)          269.396          -1.894          -0.672         -13.470          280.301
