 &plot nbnd=  80, nks=   128 /
            0.000000  0.000000  0.000000
  -71.423  -71.423  -45.663  -45.663  -45.663  -45.663  -45.626  -45.626  -45.626  -45.626
  -44.778  -44.778  -44.777  -44.777  -44.746  -44.746  -44.745  -44.745  -44.729  -44.729
  -44.729  -44.729  -42.811  -42.811  -33.071  -33.071  -32.966  -32.966  -12.253  -12.253
  -11.018  -11.018   -3.671   -3.671   -0.013   -0.013    0.084    0.084    0.400    0.400
    0.998    0.998    1.398    1.398    2.198    2.198    5.175    5.175    5.418    5.418
    5.485    5.485    5.668    5.668    6.622    6.622    7.468    7.468    7.628    7.628
    9.180    9.180   10.502   10.502   11.238   11.238   12.717   12.717   12.836   12.836
   13.181   13.181   14.465   14.465   15.345   15.345   15.377   15.377   16.311   16.311
            0.006796  0.011771  0.000000
  -71.423  -71.423  -45.663  -45.663  -45.663  -45.663  -45.626  -45.626  -45.626  -45.626
  -44.778  -44.778  -44.777  -44.777  -44.746  -44.746  -44.745  -44.745  -44.729  -44.729
  -44.729  -44.729  -42.811  -42.811  -33.071  -33.071  -32.967  -32.967  -12.251  -12.251
  -11.017  -11.017   -3.669   -3.669   -0.015   -0.015    0.080    0.081    0.394    0.395
    0.998    0.999    1.396    1.396    2.198    2.198    5.175    5.175    5.412    5.413
    5.478    5.479    5.662    5.662    6.633    6.633    7.471    7.471    7.635    7.635
    9.184    9.184   10.515   10.515   11.240   11.240   12.685   12.685   12.860   12.861
   13.187   13.188   14.472   14.472   15.306   15.307   15.366   15.367   16.340   16.340
            0.013592  0.023542  0.000000
  -71.423  -71.423  -45.663  -45.663  -45.663  -45.663  -45.626  -45.626  -45.626  -45.626
  -44.778  -44.778  -44.777  -44.777  -44.746  -44.746  -44.745  -44.745  -44.729  -44.729
  -44.729  -44.729  -42.811  -42.811  -33.071  -33.071  -32.967  -32.967  -12.245  -12.245
  -11.014  -11.014   -3.661   -3.661   -0.024   -0.023    0.072    0.073    0.379    0.380
    0.998    1.000    1.389    1.392    2.195    2.195    5.171    5.173    5.391    5.399
    5.459    5.466    5.647    5.649    6.662    6.662    7.480    7.480    7.659    7.659
    9.195    9.195   10.554   10.554   11.247   11.247   12.618   12.618   12.902   12.908
   13.203   13.210   14.491   14.491   15.180   15.181   15.365   15.366   16.403   16.403
            0.020388  0.035313  0.000000
  -71.423  -71.423  -45.663  -45.663  -45.663  -45.663  -45.626  -45.626  -45.626  -45.626
  -44.778  -44.778  -44.777  -44.777  -44.746  -44.746  -44.745  -44.745  -44.729  -44.729
  -44.729  -44.729  -42.811  -42.811  -33.071  -33.071  -32.969  -32.969  -12.235  -12.235
  -11.009  -11.009   -3.648   -3.648   -0.042   -0.041    0.062    0.065    0.353    0.359
    0.996    1.002    1.378    1.386    2.191    2.192    5.160    5.169    5.354    5.374
    5.430    5.451    5.627    5.634    6.706    6.707    7.494    7.494    7.697    7.697
    9.213    9.213   10.618   10.618   11.259   11.259   12.533   12.537   12.946   12.963
   13.224   13.247   14.519   14.519   15.010   15.011   15.369   15.370   16.462   16.462
            0.027184  0.047084  0.000000
  -71.423  -71.423  -45.663  -45.663  -45.663  -45.663  -45.626  -45.626  -45.626  -45.626
  -44.778  -44.778  -44.777  -44.777  -44.746  -44.746  -44.745  -44.745  -44.729  -44.729
  -44.729  -44.729  -42.811  -42.811  -33.072  -33.072  -32.970  -32.970  -12.221  -12.221
  -11.002  -11.002   -3.629   -3.629   -0.074   -0.071    0.050    0.059    0.322    0.336
    0.988    1.003    1.361    1.381    2.186    2.186    5.141    5.157    5.303    5.330
    5.404    5.438    5.605    5.625    6.760    6.761    7.514    7.514    7.751    7.751
    9.238    9.239   10.703   10.703   11.276   11.276   12.439   12.448   12.990   13.025
   13.248   13.297   14.548   14.552   14.821   14.828   15.373   15.375   16.504   16.504
            0.033980  0.058854  0.000000
  -71.423  -71.423  -45.663  -45.663  -45.663  -45.663  -45.626  -45.626  -45.626  -45.626
  -44.778  -44.778  -44.777  -44.777  -44.746  -44.746  -44.745  -44.745  -44.729  -44.729
  -44.729  -44.729  -42.812  -42.812  -33.072  -33.072  -32.972  -32.972  -12.203  -12.203
  -10.993  -10.992   -3.606   -3.606   -0.120   -0.115    0.036    0.053    0.287    0.314
    0.973    1.001    1.340    1.377    2.178    2.179    5.111    5.128    5.251    5.268
    5.381    5.429    5.585    5.625    6.820    6.821    7.539    7.539    7.820    7.820
    9.272    9.272   10.808   10.808   11.298   11.299   12.338   12.353   13.033   13.095
   13.272   13.358   14.533   14.559   14.656   14.687   15.377   15.379   16.530   16.530
            0.040776  0.070625  0.000000
  -71.423  -71.423  -45.663  -45.663  -45.663  -45.663  -45.626  -45.626  -45.626  -45.626
  -44.778  -44.778  -44.777  -44.777  -44.746  -44.746  -44.745  -44.745  -44.729  -44.729
  -44.729  -44.729  -42.812  -42.812  -33.072  -33.072  -32.975  -32.975  -12.181  -12.180
  -10.981  -10.981   -3.578   -3.577   -0.180   -0.170    0.013    0.042    0.255    0.301
    0.948    0.993    1.316    1.376    2.168    2.169    5.073    5.075    5.194    5.206
    5.356    5.421    5.570    5.639    6.882    6.884    7.570    7.570    7.902    7.902
    9.312    9.313   10.928   10.929   11.326   11.327   12.233   12.256   13.074   13.172
   13.297   13.431   14.381   14.402   14.652   14.682   15.380   15.381   16.543   16.544
            0.047571  0.082396  0.000000
  -71.423  -71.423  -45.663  -45.663  -45.663  -45.663  -45.626  -45.626  -45.626  -45.626
  -44.778  -44.778  -44.777  -44.777  -44.746  -44.746  -44.746  -44.745  -44.730  -44.729
  -44.729  -44.729  -42.813  -42.813  -33.073  -33.072  -32.978  -32.978  -12.155  -12.154
  -10.968  -10.968   -3.544   -3.544   -0.250   -0.237   -0.020    0.019    0.235    0.298
    0.912    0.976    1.291    1.378    2.155    2.157    5.004    5.028    5.114    5.166
    5.325    5.410    5.569    5.666    6.946    6.948    7.605    7.605    7.995    7.996
    9.361    9.363   11.057   11.060   11.362   11.362   12.129   12.160   13.113   13.255
   13.320   13.514   14.192   14.210   14.687   14.717   15.377   15.378   16.544   16.546
            0.054367  0.094167  0.000000
  -71.423  -71.423  -45.663  -45.663  -45.663  -45.663  -45.626  -45.626  -45.626  -45.626
  -44.778  -44.778  -44.777  -44.777  -44.746  -44.746  -44.746  -44.746  -44.730  -44.729
  -44.729  -44.729  -42.814  -42.813  -33.073  -33.073  -32.981  -32.981  -12.126  -12.125
  -10.954  -10.953   -3.506   -3.505   -0.331   -0.313   -0.063   -0.020    0.229    0.307
    0.865    0.946    1.269    1.383    2.140    2.142    4.925    4.980    5.032    5.127
    5.289    5.390    5.585    5.705    7.010    7.013    7.645    7.645    8.099    8.100
    9.419    9.421   11.186   11.193   11.409   11.409   12.028   12.066   13.148   13.338
   13.346   13.605   14.005   14.022   14.724   14.756   15.367   15.367   16.533   16.537
            0.061163  0.105938  0.000000
  -71.422  -71.422  -45.663  -45.663  -45.663  -45.663  -45.626  -45.626  -45.626  -45.626
  -44.778  -44.778  -44.777  -44.777  -44.747  -44.746  -44.746  -44.746  -44.730  -44.730
  -44.729  -44.729  -42.814  -42.814  -33.074  -33.073  -32.985  -32.984  -12.093  -12.091
  -10.937  -10.937   -3.464   -3.462   -0.420   -0.397   -0.114   -0.073    0.237    0.325
    0.807    0.900    1.252    1.389    2.121    2.123    4.844    4.926    4.955    5.087
    5.248    5.361    5.617    5.753    7.075    7.077    7.690    7.691    8.210    8.212
    9.485    9.487   11.297   11.309   11.477   11.481   11.936   11.977   13.180   13.364
   13.427   13.701   13.826   13.842   14.759   14.796   15.344   15.346   16.512   16.520
            0.067959  0.117709  0.000000
  -71.422  -71.422  -45.663  -45.663  -45.663  -45.663  -45.626  -45.626  -45.626  -45.626
  -44.778  -44.778  -44.777  -44.777  -44.747  -44.746  -44.746  -44.746  -44.730  -44.730
  -44.729  -44.729  -42.815  -42.815  -33.074  -33.074  -32.989  -32.988  -12.056  -12.054
  -10.918  -10.918   -3.417   -3.415   -0.517   -0.489   -0.171   -0.133    0.253    0.349
    0.739    0.839    1.239    1.395    2.100    2.100    4.765    4.854    4.900    5.048
    5.202    5.325    5.661    5.808    7.140    7.143    7.740    7.740    8.325    8.328
    9.561    9.563   11.376   11.390   11.558   11.584   11.871   11.902   13.209   13.384
   13.503   13.665   13.673   13.797   14.796   14.837   15.305   15.309   16.490   16.501
            0.074755  0.129480  0.000000
  -71.422  -71.422  -45.663  -45.663  -45.663  -45.663  -45.626  -45.626  -45.626  -45.626
  -44.778  -44.778  -44.777  -44.777  -44.747  -44.747  -44.746  -44.746  -44.730  -44.730
  -44.729  -44.729  -42.816  -42.816  -33.075  -33.075  -32.993  -32.992  -12.016  -12.013
  -10.898  -10.897   -3.365   -3.363   -0.619   -0.588   -0.232   -0.199    0.274    0.379
    0.661    0.765    1.230    1.402    2.073    2.076    4.690    4.776    4.858    5.011
    5.154    5.286    5.714    5.868    7.206    7.209    7.794    7.795    8.443    8.448
    9.646    9.649   11.430   11.449   11.594   11.669   11.872   11.878   13.234   13.401
   13.476   13.522   13.616   13.887   14.837   14.881   15.249   15.257   16.474   16.489
            0.081551  0.141251  0.000000
  -71.422  -71.422  -45.663  -45.663  -45.663  -45.663  -45.626  -45.626  -45.626  -45.626
  -44.778  -44.778  -44.777  -44.777  -44.747  -44.747  -44.746  -44.746  -44.730  -44.730
  -44.729  -44.729  -42.817  -42.817  -33.076  -33.076  -32.998  -32.996  -11.973  -11.968
  -10.876  -10.875   -3.310   -3.307   -0.727   -0.692   -0.295   -0.267    0.297    0.412
    0.576    0.678    1.224    1.408    2.041    2.048    4.620    4.699    4.822    4.975
    5.105    5.244    5.773    5.932    7.274    7.277    7.853    7.853    8.560    8.567
    9.740    9.743   11.463   11.499   11.570   11.661   11.943   11.965   13.256   13.351
   13.392   13.413   13.674   13.967   14.883   14.929   15.175   15.192   16.467   16.489
            0.088347  0.153021  0.000000
  -71.421  -71.421  -45.663  -45.663  -45.663  -45.663  -45.626  -45.626  -45.626  -45.626
  -44.778  -44.778  -44.777  -44.777  -44.747  -44.747  -44.746  -44.746  -44.730  -44.730
  -44.729  -44.729  -42.818  -42.818  -33.078  -33.077  -33.002  -33.000  -11.926  -11.920
  -10.852  -10.852   -3.251   -3.247   -0.838   -0.801   -0.359   -0.337    0.322    0.443
    0.483    0.586    1.218    1.412    2.004    2.018    4.556    4.625    4.793    4.943
    5.056    5.204    5.836    6.000    7.343    7.347    7.916    7.917    8.676    8.685
    9.843    9.844   11.442   11.547   11.570   11.609   12.051   12.068   13.245   13.272
   13.290   13.420   13.730   14.032   14.929   14.979   15.088   15.125   16.446   16.496
            0.095143  0.164792  0.000000
  -71.421  -71.421  -45.663  -45.663  -45.663  -45.663  -45.626  -45.626  -45.626  -45.626
  -44.778  -44.778  -44.777  -44.776  -44.747  -44.747  -44.746  -44.746  -44.730  -44.730
  -44.729  -44.728  -42.820  -42.819  -33.079  -33.078  -33.007  -33.005  -11.876  -11.869
  -10.827  -10.826   -3.189   -3.184   -0.953   -0.914   -0.423   -0.408    0.345    0.386
    0.437    0.523    1.212    1.414    1.962    1.986    4.498    4.555    4.770    4.913
    5.010    5.165    5.903    6.068    7.415    7.419    7.984    7.984    8.788    8.800
    9.951    9.951   11.383   11.554   11.594   11.603   12.141   12.152   13.173   13.224
   13.287   13.419   13.775   14.081   14.935   14.987   15.030   15.101   16.341   16.451
            0.101939  0.176563  0.000000
  -71.421  -71.421  -45.663  -45.663  -45.663  -45.663  -45.626  -45.626  -45.626  -45.626
  -44.778  -44.778  -44.776  -44.776  -44.747  -44.747  -44.746  -44.746  -44.730  -44.729
  -44.728  -44.728  -42.821  -42.820  -33.081  -33.080  -33.012  -33.009  -11.824  -11.815
  -10.801  -10.799   -3.124   -3.117   -1.069   -1.029   -0.488   -0.480    0.278    0.343
    0.373    0.542    1.205    1.415    1.916    1.952    4.448    4.488    4.753    4.885
    4.969    5.131    5.971    6.138    7.490    7.494    8.056    8.056    8.896    8.912
   10.060   10.062   11.323   11.509   11.637   11.642   12.196   12.200   13.147   13.201
   13.298   13.411   13.808   14.114   14.873   14.892   15.055   15.143   16.193   16.280
            0.108735  0.188334  0.000000
  -71.421  -71.421  -45.663  -45.663  -45.663  -45.663  -45.626  -45.626  -45.626  -45.626
  -44.778  -44.778  -44.776  -44.776  -44.747  -44.747  -44.746  -44.746  -44.730  -44.729
  -44.728  -44.728  -42.822  -42.821  -33.082  -33.082  -33.017  -33.014  -11.769  -11.758
  -10.773  -10.771   -3.056   -3.047   -1.185   -1.147   -0.553   -0.552    0.170    0.227
    0.392    0.576    1.196    1.413    1.867    1.918    4.404    4.424    4.741    4.858
    4.934    5.103    6.040    6.207    7.567    7.572    8.132    8.132    9.001    9.019
   10.165   10.169   11.274   11.477   11.676   11.679   12.210   12.212   13.164   13.212
   13.313   13.397   13.829   14.135   14.792   14.799   15.041   15.188   16.085   16.095
            0.115531  0.200105  0.000000
  -71.420  -71.420  -45.663  -45.663  -45.663  -45.663  -45.626  -45.626  -45.626  -45.626
  -44.778  -44.777  -44.776  -44.776  -44.748  -44.747  -44.746  -44.746  -44.730  -44.729
  -44.728  -44.728  -42.823  -42.822  -33.085  -33.084  -33.022  -33.018  -11.711  -11.698
  -10.743  -10.742   -2.986   -2.975   -1.302   -1.265   -0.624   -0.617    0.060    0.105
    0.408    0.610    1.185    1.407    1.815    1.885    4.363    4.366    4.734    4.834
    4.908    5.082    6.109    6.276    7.647    7.652    8.211    8.211    9.101    9.123
   10.259   10.263   11.246   11.465   11.707   11.708   12.195   12.199   13.206   13.229
   13.349   13.385   13.837   14.145   14.715   14.715   14.970   15.179   15.968   16.047
            0.122327  0.211876  0.000000
  -71.420  -71.420  -45.663  -45.663  -45.663  -45.663  -45.626  -45.626  -45.626  -45.626
  -44.777  -44.777  -44.776  -44.776  -44.748  -44.747  -44.746  -44.746  -44.730  -44.729
  -44.728  -44.728  -42.825  -42.823  -33.087  -33.086  -33.026  -33.022  -11.651  -11.636
  -10.713  -10.711   -2.914   -2.900   -1.418   -1.383   -0.698   -0.681   -0.050   -0.020
    0.418    0.641    1.171    1.398    1.763    1.854    4.304    4.333    4.730    4.812
    4.893    5.070    6.178    6.343    7.730    7.736    8.295    8.295    9.197    9.223
   10.331   10.334   11.248   11.478   11.725   11.727   12.169   12.178   13.232   13.234
   13.394   13.411   13.830   14.144   14.644   14.648   14.852   15.081   15.940   16.079
            0.129122  0.223647  0.000000
  -71.420  -71.420  -45.663  -45.663  -45.663  -45.662  -45.626  -45.626  -45.626  -45.626
  -44.777  -44.777  -44.776  -44.776  -44.748  -44.747  -44.746  -44.746  -44.730  -44.729
  -44.728  -44.728  -42.826  -42.825  -33.090  -33.089  -33.030  -33.026  -11.588  -11.571
  -10.681  -10.679   -2.841   -2.824   -1.532   -1.500   -0.774   -0.745   -0.159   -0.145
    0.420    0.665    1.154    1.385    1.713    1.829    4.247    4.305    4.730    4.794
    4.889    5.066    6.245    6.407    7.817    7.824    8.381    8.382    9.289    9.320
   10.365   10.384   11.289   11.521   11.727   11.731   12.148   12.162   13.221   13.225
   13.439   13.484   13.805   14.128   14.589   14.597   14.719   14.918   15.990   16.155
            0.135918  0.235418  0.000000
  -71.419  -71.419  -45.663  -45.663  -45.663  -45.662  -45.626  -45.626  -45.626  -45.626
  -44.777  -44.777  -44.776  -44.776  -44.748  -44.747  -44.746  -44.746  -44.730  -44.729
  -44.728  -44.728  -42.828  -42.826  -33.092  -33.092  -33.035  -33.030  -11.524  -11.504
  -10.649  -10.646   -2.769   -2.747   -1.642   -1.615   -0.852   -0.810   -0.269   -0.265
    0.413    0.681    1.134    1.367    1.666    1.810    4.193    4.280    4.733    4.782
    4.896    5.069    6.311    6.469    7.906    7.914    8.471    8.473    9.376    9.414
   10.362   10.407   11.368   11.591   11.714   11.720   12.139   12.160   13.180   13.214
   13.489   13.556   13.764   14.081   14.549   14.564   14.602   14.745   16.074   16.253
            0.142714  0.247188  0.000000
  -71.419  -71.419  -45.663  -45.663  -45.662  -45.662  -45.626  -45.626  -45.626  -45.626
  -44.777  -44.777  -44.776  -44.776  -44.748  -44.747  -44.746  -44.746  -44.730  -44.729
  -44.728  -44.728  -42.829  -42.827  -33.096  -33.096  -33.038  -33.033  -11.458  -11.435
  -10.615  -10.612   -2.697   -2.670   -1.748   -1.728   -0.935   -0.877   -0.389   -0.365
    0.396    0.684    1.111    1.344    1.626    1.798    4.143    4.259    4.742    4.777
    4.911    5.078    6.373    6.527    7.999    8.008    8.564    8.567    9.457    9.503
   10.330   10.406   11.476   11.663   11.691   11.718   12.143   12.170   13.120   13.204
   13.506   13.620   13.733   13.984   14.497   14.545   14.549   14.607   16.166   16.357
            0.149510  0.258959  0.000000
  -71.419  -71.419  -45.663  -45.663  -45.662  -45.662  -45.626  -45.626  -45.626  -45.626
  -44.777  -44.777  -44.776  -44.776  -44.748  -44.747  -44.746  -44.746  -44.730  -44.729
  -44.728  -44.728  -42.831  -42.828  -33.100  -33.099  -33.042  -33.037  -11.391  -11.365
  -10.581  -10.578   -2.629   -2.594   -1.847   -1.836   -1.022   -0.949   -0.501   -0.457
    0.369    0.674    1.086    1.315    1.594    1.794    4.098    4.242    4.755    4.779
    4.934    5.093    6.433    6.580    8.095    8.106    8.660    8.663    9.530    9.585
   10.282   10.388   11.587   11.652   11.677   11.805   12.157   12.189   13.040   13.197
   13.468   13.675   13.744   13.830   14.447   14.524   14.537   14.552   16.251   16.454
            0.156306  0.270730  0.000000
  -71.418  -71.418  -45.663  -45.662  -45.662  -45.662  -45.626  -45.626  -45.626  -45.626
  -44.777  -44.777  -44.776  -44.776  -44.749  -44.747  -44.746  -44.746  -44.730  -44.729
  -44.728  -44.728  -42.832  -42.829  -33.104  -33.103  -33.045  -33.040  -11.323  -11.293
  -10.547  -10.543   -2.568   -2.523   -1.937   -1.936   -1.114   -1.027   -0.603   -0.540
    0.331    0.647    1.059    1.282    1.572    1.797    4.060    4.228    4.773    4.789
    4.962    5.112    6.490    6.629    8.194    8.207    8.758    8.762    9.589    9.655
   10.229   10.365   11.608   11.622   11.762   11.902   12.184   12.213   12.941   13.194
   13.412   13.616   13.746   13.782   14.421   14.483   14.545   14.569   16.316   16.530
            0.163102  0.282501  0.000000
  -71.418  -71.418  -45.663  -45.662  -45.662  -45.662  -45.626  -45.626  -45.626  -45.626
  -44.777  -44.777  -44.776  -44.776  -44.749  -44.747  -44.746  -44.746  -44.730  -44.729
  -44.728  -44.728  -42.834  -42.831  -33.109  -33.106  -33.048  -33.043  -11.253  -11.220
  -10.512  -10.507   -2.520   -2.461   -2.026   -2.007   -1.212   -1.114   -0.692   -0.613
    0.284    0.603    1.030    1.244    1.559    1.806    4.029    4.221    4.796    4.805
    4.995    5.134    6.543    6.674    8.295    8.311    8.858    8.864    9.629    9.701
   10.189   10.346   11.587   11.595   11.891   11.958   12.231   12.241   12.840   13.197
   13.370   13.409   13.795   13.829   14.413   14.464   14.561   14.597   16.339   16.513
            0.169898  0.294272  0.000000
  -71.418  -71.418  -45.663  -45.662  -45.662  -45.662  -45.626  -45.626  -45.626  -45.626
  -44.777  -44.776  -44.776  -44.776  -44.749  -44.747  -44.746  -44.746  -44.730  -44.729
  -44.728  -44.728  -42.835  -42.832  -33.113  -33.110  -33.050  -33.045  -11.183  -11.145
  -10.476  -10.472   -2.496   -2.421   -2.089   -2.052   -1.315   -1.210   -0.767   -0.676
    0.227    0.545    1.000    1.203    1.555    1.819    4.008    4.219    4.823    4.827
    5.031    5.159    6.593    6.713    8.399    8.418    8.960    8.967    9.640    9.707
   10.182   10.343   11.568   11.573   11.946   12.011   12.272   12.296   12.776   13.171
   13.241   13.348   13.851   13.882   14.413   14.454   14.585   14.630   16.275   16.360
            0.176694  0.306043  0.000000
  -71.417  -71.417  -45.663  -45.662  -45.662  -45.662  -45.626  -45.626  -45.626  -45.626
  -44.777  -44.776  -44.776  -44.776  -44.749  -44.747  -44.746  -44.746  -44.730  -44.729
  -44.728  -44.728  -42.837  -42.833  -33.118  -33.114  -33.052  -33.048  -11.113  -11.071
  -10.441  -10.436   -2.503   -2.424   -2.106   -2.061   -1.420   -1.313   -0.828   -0.730
    0.161    0.474    0.968    1.159    1.556    1.836    3.997    4.226    4.853    4.854
    5.068    5.186    6.640    6.747    8.505    8.528    9.064    9.073    9.619    9.667
   10.217   10.364   11.555   11.558   11.868   12.100   12.305   12.346   12.789   13.013
   13.242   13.343   13.911   13.940   14.417   14.448   14.613   14.667   16.134   16.183
            0.183490  0.317814  0.000000
  -71.417  -71.417  -45.663  -45.662  -45.662  -45.662  -45.626  -45.626  -45.626  -45.626
  -44.777  -44.776  -44.776  -44.775  -44.750  -44.747  -44.746  -44.746  -44.730  -44.729
  -44.728  -44.728  -42.838  -42.834  -33.123  -33.118  -33.055  -33.051  -11.043  -10.996
  -10.406  -10.400   -2.540   -2.471   -2.076   -2.038   -1.528   -1.421   -0.877   -0.775
    0.089    0.393    0.933    1.112    1.563    1.854    3.998    4.239    4.882    4.886
    5.106    5.214    6.683    6.777    8.613    8.641    9.169    9.179    9.568    9.595
   10.281   10.406   11.550   11.551   11.743   12.134   12.331   12.374   12.873   12.903
   13.271   13.353   13.976   14.002   14.420   14.443   14.644   14.704   15.965   16.000
            0.190286  0.329585  0.000000
  -71.417  -71.417  -45.662  -45.662  -45.662  -45.662  -45.626  -45.626  -45.626  -45.626
  -44.777  -44.776  -44.776  -44.775  -44.750  -44.747  -44.746  -44.746  -44.730  -44.729
  -44.728  -44.728  -42.839  -42.835  -33.128  -33.121  -33.057  -33.053  -10.973  -10.921
  -10.370  -10.364   -2.593   -2.539   -2.023   -1.995   -1.635   -1.531   -0.917   -0.813
    0.011    0.304    0.897    1.062    1.573    1.874    4.010    4.261    4.913    4.919
    5.145    5.242    6.724    6.801    8.720    8.756    9.276    9.288    9.493    9.507
   10.361   10.461   11.530   11.555   11.616   12.083   12.349   12.396   12.889   12.994
   13.311   13.378   14.045   14.068   14.421   14.437   14.679   14.742   15.787   15.816
            0.197082  0.341355  0.000000
  -71.416  -71.416  -45.662  -45.662  -45.662  -45.662  -45.626  -45.626  -45.626  -45.625
  -44.777  -44.776  -44.775  -44.775  -44.750  -44.747  -44.746  -44.746  -44.730  -44.729
  -44.728  -44.728  -42.841  -42.836  -33.133  -33.125  -33.059  -33.056  -10.904  -10.847
  -10.335  -10.329   -2.653   -2.612   -1.962   -1.943   -1.742   -1.642   -0.949   -0.844
   -0.073    0.209    0.858    1.010    1.586    1.894    4.034    4.289    4.945    4.951
    5.183    5.271    6.762    6.822    8.824    8.873    9.377    9.396    9.410    9.417
   10.448   10.518   11.420   11.568   11.588   11.957   12.378   12.424   12.946   13.121
   13.364   13.420   14.114   14.133   14.419   14.432   14.717   14.781   15.608   15.633
            0.203878  0.353126  0.000000
  -71.416  -71.416  -45.662  -45.662  -45.662  -45.662  -45.626  -45.626  -45.626  -45.625
  -44.777  -44.776  -44.775  -44.775  -44.750  -44.747  -44.746  -44.746  -44.730  -44.729
  -44.728  -44.728  -42.842  -42.837  -33.137  -33.128  -33.060  -33.058  -10.837  -10.774
  -10.301  -10.294   -2.713   -2.684   -1.906   -1.888   -1.839   -1.749   -0.974   -0.870
   -0.160    0.109    0.816    0.956    1.601    1.916    4.068    4.323    4.978    4.981
    5.220    5.298    6.799    6.839    8.913    8.989    9.304    9.339    9.495    9.507
   10.534   10.559   11.299   11.590   11.605   11.801   12.418   12.459   13.030   13.235
   13.430   13.487   14.180   14.194   14.416   14.428   14.760   14.820   15.432   15.454
            0.210673  0.364897  0.000000
  -71.416  -71.416  -45.662  -45.662  -45.662  -45.662  -45.626  -45.626  -45.626  -45.625
  -44.777  -44.776  -44.775  -44.775  -44.751  -44.747  -44.746  -44.746  -44.730  -44.729
  -44.728  -44.728  -42.843  -42.838  -33.142  -33.131  -33.062  -33.060  -10.770  -10.701
  -10.268  -10.260   -2.769   -2.753   -1.957   -1.866   -1.827   -1.821   -0.994   -0.890
   -0.250    0.006    0.773    0.900    1.619    1.939    4.113    4.360    5.007    5.013
    5.256    5.323    6.834    6.854    8.961    9.082    9.224    9.303    9.604    9.617
   10.560   10.612   11.228   11.616   11.634   11.652   12.468   12.503   13.115   13.318
   13.512   13.588   14.237   14.245   14.411   14.425   14.811   14.863   15.264   15.283
            0.217469  0.376668  0.000000
  -71.416  -71.416  -45.662  -45.662  -45.662  -45.662  -45.626  -45.626  -45.626  -45.625
  -44.777  -44.776  -44.775  -44.775  -44.751  -44.746  -44.746  -44.746  -44.730  -44.729
  -44.728  -44.727  -42.845  -42.839  -33.146  -33.134  -33.064  -33.063  -10.705  -10.631
  -10.235  -10.226   -2.821   -2.816   -2.054   -1.962   -1.774   -1.770   -1.009   -0.906
   -0.342   -0.100    0.728    0.843    1.639    1.963    4.165    4.397    5.027    5.049
    5.290    5.346    6.866    6.869    8.939    9.049    9.268    9.342    9.713    9.727
   10.507   10.669   11.227   11.519   11.661   11.672   12.525   12.555   13.191   13.375
   13.607   13.714   14.277   14.279   14.406   14.422   14.869   14.902   15.117   15.125
            0.224265  0.388439  0.000000
  -71.415  -71.415  -45.662  -45.662  -45.662  -45.662  -45.626  -45.626  -45.626  -45.625
  -44.777  -44.776  -44.775  -44.775  -44.751  -44.746  -44.746  -44.746  -44.730  -44.729
  -44.728  -44.727  -42.846  -42.840  -33.150  -33.136  -33.066  -33.065  -10.643  -10.562
  -10.203  -10.194   -2.872   -2.867   -2.148   -2.060   -1.723   -1.714   -1.020   -0.919
   -0.434   -0.208    0.682    0.784    1.662    1.991    4.224    4.431    5.042    5.091
    5.322    5.366    6.878    6.904    8.870    8.949    9.375    9.432    9.822    9.837
   10.416   10.685   11.285   11.444   11.707   11.718   12.591   12.615   13.254   13.416
   13.711   13.850   14.290   14.296   14.402   14.417   14.883   14.900   15.019   15.053
            0.231061  0.400210  0.000000
  -71.415  -71.415  -45.662  -45.662  -45.662  -45.662  -45.626  -45.626  -45.626  -45.625
  -44.777  -44.775  -44.775  -44.775  -44.751  -44.746  -44.746  -44.746  -44.730  -44.729
  -44.728  -44.727  -42.847  -42.840  -33.154  -33.139  -33.067  -33.067  -10.583  -10.496
  -10.173  -10.163   -2.922   -2.906   -2.238   -2.153   -1.677   -1.663   -1.027   -0.931
   -0.525   -0.317    0.635    0.724    1.688    2.021    4.285    4.456    5.051    5.139
    5.353    5.383    6.890    6.940    8.785    8.843    9.478    9.540    9.930    9.947
   10.320   10.649   11.380   11.437   11.760   11.772   12.665   12.683   13.307   13.446
   13.817   13.984   14.271   14.289   14.397   14.406   14.784   14.811   15.062   15.102
            0.237857  0.411981  0.000000
  -71.415  -71.415  -45.662  -45.662  -45.662  -45.662  -45.626  -45.626  -45.626  -45.625
  -44.776  -44.775  -44.775  -44.775  -44.751  -44.746  -44.746  -44.746  -44.730  -44.729
  -44.728  -44.727  -42.848  -42.841  -33.157  -33.141  -33.070  -33.069  -10.526  -10.433
  -10.144  -10.134   -2.963   -2.937   -2.323   -2.241   -1.636   -1.618   -1.030   -0.943
   -0.610   -0.427    0.587    0.664    1.718    2.056    4.345    4.469    5.055    5.196
    5.381    5.395    6.904    6.978    8.699    8.739    9.556    9.652   10.035   10.056
   10.252   10.573   11.489   11.495   11.820   11.831   12.745   12.758   13.349   13.466
   13.914   14.106   14.224   14.252   14.387   14.389   14.690   14.710   15.142   15.178
            0.244653  0.423752  0.000000
  -71.415  -71.415  -45.662  -45.662  -45.662  -45.662  -45.626  -45.626  -45.626  -45.625
  -44.776  -44.775  -44.775  -44.775  -44.752  -44.746  -44.746  -44.746  -44.730  -44.729
  -44.728  -44.727  -42.849  -42.842  -33.160  -33.142  -33.072  -33.071  -10.472  -10.373
  -10.116  -10.106   -2.997   -2.959   -2.403   -2.323   -1.599   -1.579   -1.031   -0.961
   -0.686   -0.536    0.540    0.603    1.752    2.095    4.398    4.468    5.059    5.263
    5.403    5.406    6.919    7.017    8.615    8.639    9.585    9.753   10.134   10.163
   10.245   10.489   11.579   11.623   11.887   11.896   12.832   12.839   13.383   13.477
   13.977   14.124   14.194   14.224   14.376   14.379   14.621   14.633   15.178   15.203
            0.251449  0.435522  0.000000
  -71.414  -71.414  -45.662  -45.662  -45.662  -45.662  -45.626  -45.626  -45.626  -45.625
  -44.776  -44.775  -44.775  -44.775  -44.752  -44.746  -44.746  -44.746  -44.731  -44.729
  -44.728  -44.727  -42.850  -42.842  -33.163  -33.144  -33.075  -33.072  -10.422  -10.317
  -10.090  -10.080   -3.022   -2.974   -2.477   -2.399   -1.569   -1.547   -1.029   -0.992
   -0.743   -0.644    0.492    0.543    1.790    2.138    4.439    4.453    5.066    5.340
    5.406    5.429    6.937    7.057    8.536    8.545    9.553    9.824   10.234   10.268
   10.307   10.432   11.691   11.760   11.958   11.965   12.924   12.925   13.409   13.479
   13.963   14.030   14.140   14.224   14.389   14.428   14.573   14.580   15.132   15.139
            0.258245  0.447293  0.000000
  -71.414  -71.414  -45.662  -45.662  -45.662  -45.661  -45.627  -45.626  -45.626  -45.625
  -44.776  -44.775  -44.775  -44.775  -44.752  -44.746  -44.746  -44.746  -44.731  -44.729
  -44.728  -44.727  -42.851  -42.843  -33.166  -33.145  -33.077  -33.074  -10.375  -10.264
  -10.066  -10.056   -3.038   -2.980   -2.545   -2.469   -1.545   -1.525   -1.039   -1.026
   -0.775   -0.748    0.446    0.483    1.832    2.186    4.424    4.459    5.083    5.399
    5.431    5.450    6.957    7.099    8.458    8.464    9.480    9.836   10.352   10.367
   10.400   10.441   11.814   11.904   12.034   12.037   13.012   13.021   13.429   13.474
   13.880   13.921   14.076   14.147   14.445   14.507   14.538   14.560   15.057   15.097
            0.265041  0.459064  0.000000
  -71.414  -71.414  -45.662  -45.662  -45.662  -45.661  -45.627  -45.626  -45.626  -45.625
  -44.776  -44.775  -44.775  -44.775  -44.752  -44.746  -44.746  -44.746  -44.731  -44.729
  -44.728  -44.727  -42.852  -42.843  -33.168  -33.145  -33.079  -33.075  -10.332  -10.216
  -10.044  -10.033   -3.046   -2.977   -2.607   -2.532   -1.527   -1.515   -1.095   -1.026
   -0.845   -0.787    0.401    0.425    1.877    2.238    4.384    4.455    5.111    5.395
    5.470    5.520    6.980    7.142    8.380    8.398    9.388    9.786   10.460   10.482
   10.509   10.523   11.943   12.052   12.110   12.114   13.101   13.119   13.442   13.460
   13.779   13.812   13.985   14.040   14.493   14.510   14.543   14.629   14.977   15.035
            0.271837  0.470835  0.000000
  -71.414  -71.414  -45.662  -45.662  -45.662  -45.661  -45.627  -45.626  -45.626  -45.625
  -44.776  -44.775  -44.775  -44.775  -44.752  -44.746  -44.746  -44.746  -44.731  -44.729
  -44.728  -44.727  -42.852  -42.844  -33.170  -33.146  -33.082  -33.077  -10.293  -10.172
  -10.024  -10.013   -3.045   -2.965   -2.663   -2.589   -1.522   -1.518   -1.150   -1.038
   -0.923   -0.786    0.358    0.368    1.924    2.294    4.336    4.429    5.148    5.385
    5.491    5.615    7.005    7.185    8.310    8.340    9.291    9.700   10.553   10.589
   10.645   10.656   12.069   12.175   12.199   12.207   13.188   13.214   13.441   13.448
   13.679   13.708   13.876   13.920   14.483   14.503   14.612   14.705   14.891   14.947
            0.278633  0.482606  0.000000
  -71.414  -71.414  -45.662  -45.662  -45.661  -45.661  -45.627  -45.626  -45.626  -45.625
  -44.776  -44.775  -44.775  -44.775  -44.753  -44.746  -44.746  -44.746  -44.731  -44.729
  -44.728  -44.727  -42.853  -42.844  -33.171  -33.146  -33.084  -33.078  -10.259  -10.133
  -10.006   -9.995   -3.035   -2.946   -2.712   -2.638   -1.550   -1.519   -1.191   -1.086
   -0.957   -0.777    0.314    0.317    1.972    2.352    4.281    4.384    5.186    5.372
    5.515    5.710    7.033    7.227    8.250    8.291    9.193    9.601   10.644   10.685
   10.788   10.819   12.179   12.242   12.296   12.355   13.266   13.299   13.417   13.448
   13.597   13.616   13.763   13.799   14.478   14.507   14.668   14.755   14.803   14.849
            0.285429  0.494377  0.000000
  -71.414  -71.414  -45.662  -45.662  -45.661  -45.661  -45.627  -45.626  -45.626  -45.625
  -44.776  -44.775  -44.775  -44.775  -44.753  -44.746  -44.746  -44.746  -44.731  -44.729
  -44.728  -44.727  -42.854  -42.845  -33.173  -33.146  -33.086  -33.079  -10.229  -10.099
   -9.990   -9.979   -3.018   -2.920   -2.755   -2.681   -1.599   -1.533   -1.217   -1.152
   -0.961   -0.764    0.263    0.280    2.020    2.412    4.224    4.326    5.220    5.357
    5.546    5.803    7.061    7.268    8.202    8.251    9.098    9.498   10.728   10.775
   10.943   10.991   12.264   12.300   12.408   12.498   13.321   13.344   13.391   13.441
   13.544   13.553   13.661   13.697   14.483   14.526   14.691   14.724   14.750   14.773
            0.292224  0.506148  0.000000
  -71.414  -71.414  -45.662  -45.662  -45.661  -45.661  -45.627  -45.626  -45.626  -45.625
  -44.776  -44.775  -44.775  -44.775  -44.753  -44.746  -44.746  -44.746  -44.731  -44.729
  -44.728  -44.727  -42.854  -42.845  -33.174  -33.145  -33.088  -33.081  -10.203  -10.069
   -9.976   -9.966   -2.993   -2.887   -2.792   -2.716   -1.662   -1.562   -1.230   -1.210
   -0.955   -0.749    0.217    0.247    2.067    2.472    4.166    4.262    5.245    5.341
    5.583    5.889    7.089    7.306    8.166    8.221    9.006    9.397   10.805   10.858
   11.105   11.167   12.327   12.348   12.521   12.626   13.321   13.323   13.367   13.420
   13.482   13.520   13.645   13.657   14.495   14.557   14.646   14.659   14.695   14.756
            0.299020  0.517919  0.000000
  -71.413  -71.413  -45.662  -45.662  -45.661  -45.661  -45.627  -45.626  -45.626  -45.625
  -44.776  -44.775  -44.775  -44.774  -44.753  -44.746  -44.746  -44.746  -44.731  -44.729
  -44.728  -44.727  -42.855  -42.845  -33.175  -33.145  -33.090  -33.082  -10.182  -10.044
   -9.965   -9.955   -2.963   -2.853   -2.823   -2.741   -1.732   -1.607   -1.253   -1.235
   -0.948   -0.734    0.175    0.218    2.111    2.529    4.111    4.197    5.259    5.325
    5.623    5.968    7.115    7.341    8.143    8.204    8.918    9.301   10.873   10.931
   11.268   11.344   12.373   12.386   12.620   12.723   13.269   13.280   13.327   13.357
   13.442   13.494   13.702   13.724   14.492   14.566   14.600   14.602   14.678   14.718
            0.305816  0.529689  0.000000
  -71.413  -71.413  -45.662  -45.662  -45.661  -45.661  -45.627  -45.626  -45.626  -45.625
  -44.776  -44.775  -44.775  -44.774  -44.753  -44.746  -44.746  -44.746  -44.731  -44.729
  -44.728  -44.727  -42.855  -42.845  -33.175  -33.144  -33.092  -33.083  -10.164  -10.025
   -9.956   -9.945   -2.928   -2.847   -2.827   -2.748   -1.802   -1.662   -1.281   -1.237
   -0.942   -0.719    0.139    0.194    2.151    2.582    4.062    4.134    5.266    5.310
    5.663    6.034    7.140    7.371    8.135    8.198    8.835    9.211   10.929   10.994
   11.427   11.517   12.405   12.415   12.693   12.774   13.213   13.226   13.246   13.274
   13.474   13.509   13.788   13.827   14.456   14.488   14.572   14.611   14.679   14.689
            0.312612  0.541460  0.000000
  -71.413  -71.413  -45.662  -45.662  -45.661  -45.661  -45.627  -45.626  -45.626  -45.625
  -44.776  -44.775  -44.775  -44.774  -44.753  -44.746  -44.746  -44.746  -44.731  -44.729
  -44.728  -44.727  -42.855  -42.845  -33.176  -33.143  -33.094  -33.083  -10.151  -10.009
   -9.948   -9.938   -2.893   -2.865   -2.822   -2.729   -1.867   -1.720   -1.298   -1.237
   -0.936   -0.706    0.111    0.175    2.183    2.627    4.020    4.079    5.267    5.297
    5.698    6.088    7.160    7.396    8.140    8.202    8.758    9.132   10.974   11.043
   11.573   11.680   12.427   12.439   12.738   12.783   13.147   13.151   13.184   13.203
   13.553   13.556   13.889   13.940   14.407   14.415   14.532   14.569   14.694   14.696
            0.319408  0.553231  0.000000
  -71.413  -71.413  -45.662  -45.662  -45.661  -45.661  -45.627  -45.626  -45.626  -45.625
  -44.776  -44.775  -44.775  -44.774  -44.753  -44.746  -44.746  -44.746  -44.731  -44.729
  -44.728  -44.727  -42.855  -42.846  -33.176  -33.143  -33.095  -33.084  -10.142   -9.999
   -9.943   -9.934   -2.878   -2.860   -2.827   -2.698   -1.920   -1.771   -1.309   -1.237
   -0.932   -0.697    0.090    0.161    2.208    2.662    3.988    4.036    5.266    5.287
    5.724    6.126    7.176    7.414    8.156    8.214    8.692    9.067   11.007   11.079
   11.694   11.818   12.440   12.459   12.767   12.774   13.056   13.080   13.145   13.154
   13.613   13.657   13.990   14.054   14.356   14.365   14.489   14.509   14.686   14.690
            0.326204  0.565002  0.000000
  -71.413  -71.413  -45.662  -45.662  -45.661  -45.661  -45.627  -45.626  -45.626  -45.625
  -44.776  -44.775  -44.775  -44.774  -44.753  -44.746  -44.746  -44.746  -44.731  -44.729
  -44.728  -44.727  -42.855  -42.846  -33.176  -33.142  -33.096  -33.084  -10.137   -9.993
   -9.941   -9.931   -2.886   -2.837   -2.831   -2.672   -1.957   -1.807   -1.316   -1.238
   -0.929   -0.691    0.077    0.153    2.223    2.685    3.968    4.009    5.265    5.280
    5.740    6.149    7.187    7.426    8.176    8.228    8.642    9.021   11.026   11.100
   11.775   11.912   12.448   12.476   12.782   12.800   12.967   13.008   13.119   13.125
   13.665   13.743   14.076   14.155   14.328   14.346   14.446   14.447   14.652   14.657
            0.333000  0.576773  0.000000
  -71.413  -71.413  -45.662  -45.662  -45.661  -45.661  -45.627  -45.626  -45.626  -45.625
  -44.776  -44.775  -44.775  -44.774  -44.753  -44.746  -44.746  -44.746  -44.731  -44.729
  -44.728  -44.727  -42.855  -42.846  -33.176  -33.142  -33.096  -33.084  -10.135   -9.991
   -9.939   -9.930   -2.888   -2.833   -2.827   -2.662   -1.971   -1.821   -1.318   -1.238
   -0.928   -0.689    0.073    0.151    2.228    2.693    3.961    3.999    5.264    5.277
    5.746    6.157    7.191    7.431    8.187    8.235    8.620    9.003   11.032   11.108
   11.803   11.945   12.451   12.484   12.815   12.830   12.903   12.962   13.110   13.115
   13.686   13.777   14.114   14.204   14.342   14.352   14.398   14.418   14.625   14.639
            0.338759  0.566839  0.000000
  -71.413  -71.413  -45.662  -45.662  -45.661  -45.661  -45.627  -45.626  -45.626  -45.625
  -44.776  -44.775  -44.775  -44.774  -44.753  -44.746  -44.746  -44.746  -44.731  -44.729
  -44.728  -44.727  -42.855  -42.846  -33.176  -33.142  -33.096  -33.084  -10.137   -9.992
   -9.940   -9.930   -2.887   -2.834   -2.832   -2.670   -1.961   -1.812   -1.316   -1.237
   -0.929   -0.690    0.076    0.152    2.225    2.687    3.966    4.006    5.265    5.279
    5.743    6.152    7.188    7.427    8.177    8.229    8.637    9.017   11.028   11.103
   11.786   11.925   12.448   12.478   12.768   12.797   12.967   13.005   13.117   13.121
   13.673   13.757   14.085   14.167   14.305   14.329   14.453   14.454   14.644   14.651
            0.344517  0.556904  0.000000
  -71.413  -71.413  -45.662  -45.662  -45.661  -45.661  -45.627  -45.626  -45.626  -45.625
  -44.776  -44.775  -44.775  -44.774  -44.753  -44.746  -44.746  -44.746  -44.731  -44.729
  -44.728  -44.727  -42.855  -42.846  -33.176  -33.143  -33.095  -33.084  -10.140   -9.996
   -9.942   -9.932   -2.883   -2.854   -2.829   -2.691   -1.933   -1.785   -1.309   -1.236
   -0.930   -0.693    0.083    0.157    2.215    2.673    3.980    4.025    5.267    5.285
    5.733    6.138    7.180    7.418    8.147    8.208    8.685    9.057   11.017   11.091
   11.740   11.876   12.438   12.464   12.695   12.732   13.080   13.090   13.135   13.141
   13.641   13.712   14.011   14.078   14.247   14.283   14.529   14.553   14.669   14.671
            0.350276  0.546970  0.000000
  -71.413  -71.413  -45.662  -45.662  -45.661  -45.661  -45.627  -45.626  -45.626  -45.625
  -44.776  -44.775  -44.775  -44.774  -44.753  -44.746  -44.746  -44.746  -44.731  -44.729
  -44.728  -44.727  -42.855  -42.846  -33.176  -33.143  -33.094  -33.084  -10.145  -10.002
   -9.945   -9.935   -2.891   -2.870   -2.828   -2.722   -1.889   -1.746   -1.295   -1.233
   -0.931   -0.698    0.096    0.165    2.199    2.650    4.001    4.054    5.271    5.295
    5.718    6.118    7.166    7.402    8.103    8.175    8.759    9.122   11.000   11.073
   11.676   11.809   12.420   12.442   12.617   12.659   13.159   13.159   13.185   13.200
   13.608   13.658   13.911   13.965   14.185   14.227   14.610   14.643   14.678   14.686
            0.356034  0.537035  0.000000
  -71.413  -71.413  -45.662  -45.662  -45.661  -45.661  -45.627  -45.626  -45.626  -45.625
  -44.776  -44.775  -44.775  -44.774  -44.753  -44.746  -44.746  -44.746  -44.731  -44.729
  -44.728  -44.727  -42.855  -42.845  -33.176  -33.144  -33.093  -33.083  -10.152  -10.010
   -9.949   -9.939   -2.930   -2.863   -2.834   -2.753   -1.834   -1.702   -1.270   -1.227
   -0.933   -0.703    0.112    0.174    2.179    2.621    4.029    4.093    5.277    5.309
    5.700    6.092    7.147    7.379    8.050    8.130    8.852    9.208   10.979   11.050
   11.599   11.729   12.396   12.413   12.539   12.583   13.179   13.186   13.239   13.298
   13.599   13.616   13.807   13.845   14.121   14.163   14.609   14.627   14.744   14.786
            0.361793  0.527101  0.000000
  -71.413  -71.413  -45.662  -45.662  -45.661  -45.661  -45.627  -45.626  -45.626  -45.625
  -44.776  -44.775  -44.775  -44.774  -44.753  -44.746  -44.746  -44.746  -44.731  -44.729
  -44.728  -44.727  -42.855  -42.845  -33.176  -33.145  -33.091  -33.082  -10.160  -10.020
   -9.954   -9.944   -2.978   -2.862   -2.851   -2.767   -1.772   -1.661   -1.229   -1.216
   -0.933   -0.708    0.131    0.186    2.156    2.587    4.063    4.139    5.284    5.328
    5.681    6.061    7.122    7.350    7.991    8.077    8.958    9.311   10.953   11.024
   11.513   11.643   12.366   12.380   12.460   12.506   13.173   13.191   13.234   13.331
   13.614   13.633   13.726   13.742   14.063   14.097   14.560   14.583   14.848   14.894
            0.367552  0.517166  0.000000
  -71.413  -71.413  -45.662  -45.662  -45.661  -45.661  -45.627  -45.626  -45.626  -45.625
  -44.776  -44.775  -44.775  -44.774  -44.753  -44.746  -44.746  -44.746  -44.731  -44.729
  -44.728  -44.727  -42.855  -42.845  -33.176  -33.147  -33.089  -33.081  -10.169  -10.032
   -9.960   -9.950   -3.030   -2.910   -2.838   -2.764   -1.710   -1.628   -1.197   -1.170
   -0.933   -0.711    0.151    0.199    2.129    2.551    4.101    4.190    5.291    5.351
    5.662    6.026    7.091    7.315    7.930    8.019    9.075    9.427   10.925   10.995
   11.423   11.553   12.332   12.342   12.382   12.429   13.114   13.146   13.182   13.291
   13.633   13.675   13.691   13.701   14.027   14.039   14.509   14.536   14.957   14.998
            0.373310  0.507232  0.000000
  -71.413  -71.413  -45.662  -45.662  -45.661  -45.661  -45.627  -45.626  -45.626  -45.625
  -44.776  -44.775  -44.775  -44.775  -44.753  -44.746  -44.746  -44.746  -44.731  -44.729
  -44.728  -44.727  -42.854  -42.845  -33.176  -33.148  -33.087  -33.080  -10.179  -10.045
   -9.966   -9.956   -3.085   -2.966   -2.823   -2.754   -1.653   -1.605   -1.165   -1.092
   -0.931   -0.712    0.174    0.212    2.101    2.514    4.143    4.244    5.297    5.379
    5.648    5.990    7.056    7.274    7.866    7.957    9.200    9.554   10.893   10.965
   11.330   11.461   12.293   12.295   12.313   12.351   12.998   13.032   13.119   13.218
   13.648   13.659   13.689   13.717   14.014   14.039   14.466   14.498   15.068   15.096
            0.379069  0.497298  0.000000
  -71.414  -71.414  -45.662  -45.662  -45.661  -45.661  -45.627  -45.626  -45.626  -45.625
  -44.776  -44.775  -44.775  -44.775  -44.753  -44.746  -44.746  -44.746  -44.731  -44.729
  -44.728  -44.727  -42.854  -42.845  -33.176  -33.150  -33.085  -33.078  -10.191  -10.060
   -9.973   -9.964   -3.141   -3.026   -2.807   -2.741   -1.607   -1.592   -1.119   -0.997
   -0.928   -0.709    0.197    0.226    2.073    2.476    4.187    4.301    5.298    5.412
    5.640    5.952    7.016    7.227    7.801    7.893    9.330    9.688   10.859   10.933
   11.236   11.368   12.219   12.251   12.267   12.278   12.845   12.878   13.040   13.132
   13.619   13.637   13.697   13.721   14.033   14.086   14.440   14.477   15.161   15.182
            0.384828  0.487363  0.000000
  -71.414  -71.414  -45.662  -45.662  -45.661  -45.661  -45.627  -45.626  -45.626  -45.625
  -44.776  -44.775  -44.775  -44.775  -44.753  -44.746  -44.746  -44.746  -44.731  -44.729
  -44.728  -44.727  -42.854  -42.845  -33.176  -33.151  -33.082  -33.077  -10.202  -10.075
   -9.981   -9.971   -3.198   -3.087   -2.790   -2.727   -1.587   -1.575   -1.059   -0.922
   -0.889   -0.700    0.220    0.240    2.044    2.439    4.232    4.359    5.292    5.448
    5.644    5.914    6.972    7.176    7.736    7.827    9.464    9.828   10.822   10.902
   11.144   11.275   12.140   12.186   12.225   12.226   12.671   12.704   12.954   13.040
   13.544   13.571   13.728   13.738   14.070   14.134   14.438   14.481   15.183   15.237
            0.390586  0.477429  0.000000
  -71.414  -71.414  -45.662  -45.662  -45.661  -45.661  -45.627  -45.626  -45.626  -45.625
  -44.776  -44.775  -44.775  -44.775  -44.752  -44.746  -44.746  -44.746  -44.731  -44.729
  -44.728  -44.727  -42.853  -42.845  -33.177  -33.153  -33.079  -33.075  -10.215  -10.091
   -9.989   -9.979   -3.253   -3.148   -2.773   -2.712   -1.587   -1.556   -0.990   -0.914
   -0.771   -0.680    0.243    0.254    2.015    2.403    4.278    4.416    5.279    5.488
    5.659    5.878    6.925    7.120    7.670    7.761    9.598    9.969   10.780   10.870
   11.057   11.183   12.061   12.109   12.182   12.184   12.488   12.520   12.862   12.944
   13.461   13.485   13.750   13.753   14.101   14.166   14.467   14.515   15.155   15.244
            0.396345  0.467494  0.000000
  -71.414  -71.414  -45.662  -45.662  -45.661  -45.661  -45.627  -45.626  -45.626  -45.625
  -44.776  -44.775  -44.775  -44.775  -44.752  -44.746  -44.746  -44.746  -44.731  -44.729
  -44.728  -44.727  -42.853  -42.845  -33.177  -33.155  -33.077  -33.073  -10.227  -10.108
   -9.997   -9.988   -3.308   -3.207   -2.756   -2.697   -1.590   -1.548   -0.921   -0.903
   -0.646   -0.644    0.265    0.268    1.987    2.368    4.323    4.473    5.258    5.529
    5.687    5.846    6.874    7.060    7.605    7.694    9.731   10.109   10.733   10.840
   10.980   11.094   11.981   12.030   12.137   12.141   12.302   12.336   12.770   12.846
   13.377   13.395   13.756   13.757   14.117   14.178   14.526   14.577   15.118   15.227
            0.402103  0.457560  0.000000
  -71.414  -71.414  -45.662  -45.662  -45.662  -45.661  -45.627  -45.626  -45.626  -45.625
  -44.776  -44.775  -44.775  -44.775  -44.752  -44.746  -44.746  -44.746  -44.731  -44.729
  -44.728  -44.727  -42.853  -42.845  -33.177  -33.157  -33.074  -33.071  -10.240  -10.125
  -10.006   -9.997   -3.361   -3.266   -2.740   -2.683   -1.596   -1.546   -0.890   -0.865
   -0.583   -0.516    0.281    0.287    1.959    2.335    4.367    4.529    5.232    5.568
    5.725    5.822    6.822    6.998    7.540    7.627    9.856   10.236   10.681   10.811
   10.921   11.010   11.903   11.951   12.068   12.073   12.140   12.173   12.677   12.749
   13.296   13.308   13.746   13.750   14.121   14.176   14.608   14.659   15.081   15.201
            0.407862  0.447626  0.000000
  -71.414  -71.414  -45.662  -45.662  -45.662  -45.661  -45.627  -45.626  -45.626  -45.625
  -44.776  -44.775  -44.775  -44.775  -44.752  -44.746  -44.746  -44.746  -44.730  -44.729
  -44.728  -44.727  -42.852  -42.845  -33.178  -33.158  -33.071  -33.069  -10.252  -10.143
  -10.014  -10.005   -3.413   -3.322   -2.723   -2.670   -1.604   -1.550   -0.874   -0.824
   -0.498   -0.382    0.294    0.307    1.932    2.304    4.409    4.582    5.202    5.597
    5.773    5.814    6.768    6.933    7.476    7.560    9.968   10.326   10.640   10.782
   10.888   10.939   11.823   11.872   11.911   11.920   12.079   12.094   12.587   12.654
   13.222   13.226   13.728   13.733   14.114   14.163   14.704   14.754   15.045   15.171
            0.413621  0.437691  0.000000
  -71.414  -71.414  -45.662  -45.662  -45.662  -45.661  -45.626  -45.626  -45.626  -45.625
  -44.776  -44.775  -44.775  -44.775  -44.752  -44.747  -44.746  -44.746  -44.730  -44.729
  -44.728  -44.727  -42.852  -42.845  -33.178  -33.160  -33.069  -33.067  -10.264  -10.160
  -10.023  -10.014   -3.462   -3.377   -2.708   -2.657   -1.612   -1.557   -0.855   -0.794
   -0.395   -0.247    0.307    0.328    1.906    2.273    4.449    4.633    5.171    5.605
    5.829    5.833    6.713    6.867    7.412    7.494   10.055   10.339   10.631   10.748
   10.893   10.900   11.714   11.737   11.764   11.798   12.039   12.050   12.502   12.564
   13.150   13.153   13.704   13.711   14.101   14.143   14.802   14.854   15.012   15.137
            0.419379  0.427757  0.000000
  -71.414  -71.414  -45.662  -45.662  -45.662  -45.661  -45.626  -45.626  -45.626  -45.625
  -44.776  -44.775  -44.775  -44.775  -44.752  -44.747  -44.746  -44.746  -44.730  -44.729
  -44.728  -44.727  -42.852  -42.845  -33.178  -33.162  -33.066  -33.065  -10.276  -10.178
  -10.031  -10.023   -3.508   -3.429   -2.693   -2.646   -1.622   -1.567   -0.834   -0.770
   -0.283   -0.113    0.321    0.348    1.881    2.244    4.485    4.680    5.139    5.594
    5.878    5.892    6.659    6.801    7.350    7.429   10.105   10.281   10.627   10.702
   10.889   10.973   11.548   11.558   11.687   11.723   12.004   12.013   12.422   12.480
   13.081   13.090   13.677   13.685   14.083   14.120   14.877   14.948   14.998   15.102
            0.425138  0.417822  0.000000
  -71.414  -71.414  -45.662  -45.662  -45.662  -45.662  -45.626  -45.626  -45.626  -45.625
  -44.776  -44.775  -44.775  -44.775  -44.752  -44.747  -44.746  -44.746  -44.730  -44.729
  -44.728  -44.727  -42.851  -42.845  -33.179  -33.164  -33.064  -33.063  -10.287  -10.195
  -10.039  -10.032   -3.552   -3.478   -2.680   -2.636   -1.631   -1.578   -0.810   -0.747
   -0.168    0.017    0.340    0.369    1.856    2.216    4.518    4.724    5.108    5.572
    5.939    5.959    6.607    6.734    7.289    7.364   10.111   10.195   10.602   10.645
   10.922   11.087   11.388   11.392   11.622   11.655   11.970   11.979   12.349   12.403
   13.017   13.034   13.650   13.658   14.063   14.094   14.878   15.008   15.046   15.088
            0.430897  0.407888  0.000000
  -71.414  -71.414  -45.662  -45.662  -45.662  -45.662  -45.626  -45.626  -45.626  -45.625
  -44.776  -44.775  -44.775  -44.775  -44.751  -44.747  -44.746  -44.746  -44.730  -44.729
  -44.728  -44.727  -42.851  -42.845  -33.179  -33.165  -33.061  -33.061  -10.298  -10.212
  -10.047  -10.040   -3.593   -3.525   -2.667   -2.627   -1.641   -1.589   -0.785   -0.726
   -0.054    0.132    0.372    0.392    1.832    2.188    4.548    4.762    5.080    5.545
    6.011    6.029    6.558    6.668    7.229    7.301   10.079   10.098   10.559   10.578
   10.966   11.182   11.262   11.271   11.570   11.599   11.939   11.947   12.283   12.334
   12.961   12.984   13.624   13.631   14.041   14.068   14.838   14.985   15.118   15.137
            0.436655  0.397954  0.000000
  -71.414  -71.414  -45.662  -45.662  -45.662  -45.662  -45.626  -45.626  -45.626  -45.625
  -44.776  -44.775  -44.775  -44.775  -44.751  -44.747  -44.746  -44.746  -44.730  -44.729
  -44.728  -44.727  -42.850  -42.845  -33.179  -33.167  -33.059  -33.059  -10.308  -10.228
  -10.055  -10.048   -3.631   -3.568   -2.656   -2.619   -1.650   -1.602   -0.758   -0.704
    0.051    0.214    0.423    0.435    1.807    2.161    4.574    4.794    5.056    5.517
    6.089    6.099    6.514    6.604    7.172    7.240    9.999   10.021   10.500   10.500
   10.965   11.075   11.223   11.333   11.539   11.579   11.910   11.918   12.225   12.273
   12.910   12.940   13.598   13.606   14.019   14.042   14.787   14.936   15.179   15.192
            0.442414  0.388019  0.000000
  -71.414  -71.414  -45.662  -45.662  -45.662  -45.662  -45.626  -45.626  -45.626  -45.625
  -44.776  -44.775  -44.775  -44.775  -44.751  -44.747  -44.746  -44.746  -44.730  -44.729
  -44.728  -44.727  -42.850  -42.845  -33.180  -33.168  -33.057  -33.057  -10.317  -10.244
  -10.062  -10.055   -3.666   -3.609   -2.646   -2.612   -1.659   -1.614   -0.730   -0.682
    0.141    0.255    0.466    0.535    1.781    2.132    4.596    4.817    5.041    5.488
    6.165    6.172    6.480    6.542    7.116    7.180    9.901    9.948   10.405   10.421
   10.908   10.962   11.234   11.358   11.547   11.642   11.884   11.891   12.176   12.221
   12.866   12.903   13.575   13.582   13.998   14.017   14.729   14.879   15.225   15.233
            0.448172  0.378085  0.000000
  -71.414  -71.414  -45.662  -45.662  -45.662  -45.662  -45.626  -45.626  -45.626  -45.625
  -44.776  -44.775  -44.775  -44.775  -44.751  -44.747  -44.746  -44.746  -44.730  -44.729
  -44.728  -44.727  -42.849  -42.845  -33.180  -33.170  -33.055  -33.055  -10.325  -10.258
  -10.069  -10.063   -3.697   -3.646   -2.637   -2.607   -1.667   -1.626   -0.702   -0.659
    0.207    0.273    0.530    0.656    1.754    2.102    4.615    4.828    5.036    5.460
    6.216    6.257    6.465    6.483    7.064    7.123    9.807    9.868   10.295   10.324
   10.845   10.874   11.235   11.328   11.607   11.760   11.859   11.867   12.137   12.178
   12.828   12.871   13.553   13.560   13.978   13.994   14.667   14.816   15.257   15.261
            0.453931  0.368150  0.000000
  -71.414  -71.414  -45.662  -45.662  -45.662  -45.662  -45.626  -45.626  -45.626  -45.625
  -44.776  -44.775  -44.775  -44.775  -44.751  -44.748  -44.746  -44.746  -44.730  -44.729
  -44.728  -44.727  -42.849  -42.845  -33.180  -33.171  -33.054  -33.053  -10.332  -10.272
  -10.075  -10.069   -3.725   -3.680   -2.629   -2.602   -1.675   -1.638   -0.674   -0.638
    0.249    0.282    0.614    0.782    1.725    2.070    4.631    4.828    5.042    5.433
    6.240    6.344    6.428    6.482    7.015    7.069    9.719    9.786   10.176   10.212
   10.795   10.810   11.216   11.286   11.697   11.837   11.840   11.882   12.117   12.147
   12.798   12.847   13.534   13.540   13.959   13.972   14.601   14.749   15.277   15.279
            0.459690  0.358216  0.000000
  -71.414  -71.414  -45.662  -45.662  -45.662  -45.662  -45.626  -45.626  -45.626  -45.625
  -44.776  -44.775  -44.775  -44.775  -44.750  -44.748  -44.746  -44.746  -44.730  -44.729
  -44.728  -44.727  -42.849  -42.845  -33.180  -33.172  -33.052  -33.051  -10.338  -10.285
  -10.080  -10.075   -3.750   -3.710   -2.622   -2.599   -1.681   -1.649   -0.646   -0.616
    0.273    0.286    0.710    0.907    1.693    2.035    4.644    4.818    5.057    5.406
    6.237    6.374    6.432    6.528    6.970    7.018    9.637    9.705   10.055   10.094
   10.757   10.764   11.189   11.245   11.789   11.818   11.822   11.953   12.134   12.144
   12.776   12.831   13.518   13.523   13.941   13.953   14.532   14.677   15.290   15.291
            0.465448  0.348282  0.000000
  -71.414  -71.414  -45.662  -45.662  -45.662  -45.662  -45.626  -45.626  -45.626  -45.625
  -44.776  -44.776  -44.775  -44.775  -44.750  -44.748  -44.746  -44.746  -44.730  -44.729
  -44.728  -44.727  -42.848  -42.845  -33.180  -33.174  -33.051  -33.050  -10.342  -10.297
  -10.085  -10.081   -3.771   -3.737   -2.616   -2.596   -1.687   -1.659   -0.621   -0.596
    0.285    0.288    0.810    1.030    1.658    1.996    4.655    4.803    5.078    5.380
    6.221    6.328    6.515    6.589    6.930    6.971    9.563    9.627    9.941    9.979
   10.727   10.731   11.162   11.206   11.800   11.805   11.862   11.963   12.148   12.227
   12.766   12.823   13.504   13.509   13.926   13.935   14.462   14.602   15.297   15.297
            0.471207  0.338347  0.000000
  -71.414  -71.414  -45.662  -45.662  -45.662  -45.662  -45.626  -45.626  -45.626  -45.625
  -44.776  -44.776  -44.775  -44.775  -44.750  -44.748  -44.746  -44.746  -44.730  -44.729
  -44.728  -44.727  -42.848  -42.845  -33.180  -33.175  -33.049  -33.049  -10.346  -10.308
  -10.089  -10.085   -3.789   -3.760   -2.611   -2.594   -1.692   -1.668   -0.598   -0.578
    0.289    0.292    0.911    1.148    1.620    1.952    4.665    4.786    5.101    5.354
    6.202    6.287    6.594    6.652    6.896    6.929    9.498    9.554    9.838    9.873
   10.705   10.707   11.137   11.173   11.786   11.790   11.898   11.951   12.194   12.315
   12.772   12.825   13.494   13.497   13.913   13.920   14.393   14.525   15.300   15.301
            0.476966  0.328413  0.000000
  -71.414  -71.414  -45.662  -45.662  -45.662  -45.662  -45.626  -45.626  -45.626  -45.625
  -44.776  -44.776  -44.775  -44.775  -44.750  -44.748  -44.746  -44.746  -44.730  -44.729
  -44.728  -44.727  -42.847  -42.845  -33.180  -33.176  -33.048  -33.048  -10.348  -10.318
  -10.092  -10.089   -3.803   -3.780   -2.606   -2.593   -1.695   -1.676   -0.577   -0.563
    0.289    0.294    1.009    1.260    1.577    1.904    4.674    4.769    5.126    5.328
    6.185    6.251    6.666    6.710    6.867    6.892    9.442    9.488    9.752    9.780
   10.688   10.689   11.117   11.145   11.774   11.777   11.908   11.936   12.257   12.382
   12.796   12.838   13.487   13.488   13.902   13.908   14.329   14.447   15.302   15.302
            0.482724  0.318478  0.000000
  -71.414  -71.414  -45.662  -45.662  -45.662  -45.662  -45.626  -45.626  -45.626  -45.625
  -44.776  -44.776  -44.775  -44.775  -44.750  -44.748  -44.746  -44.746  -44.730  -44.729
  -44.728  -44.727  -42.847  -42.846  -33.180  -33.177  -33.048  -33.047  -10.349  -10.326
  -10.094  -10.092   -3.813   -3.796   -2.603   -2.593   -1.697   -1.683   -0.561   -0.550
    0.289    0.295    1.101    1.365    1.529    1.849    4.683    4.753    5.151    5.303
    6.173    6.221    6.728    6.757    6.847    6.862    9.396    9.430    9.684    9.705
   10.675   10.676   11.102   11.122   11.765   11.767   11.908   11.923   12.317   12.421
   12.835   12.859   13.482   13.483   13.894   13.898   14.274   14.373   15.302   15.303
            0.488483  0.308544  0.000000
  -71.414  -71.414  -45.662  -45.662  -45.662  -45.662  -45.626  -45.626  -45.626  -45.625
  -44.776  -44.776  -44.775  -44.775  -44.749  -44.749  -44.746  -44.746  -44.730  -44.729
  -44.728  -44.727  -42.847  -42.846  -33.180  -33.177  -33.047  -33.047  -10.349  -10.333
  -10.096  -10.095   -3.820   -3.808   -2.600   -2.593   -1.698   -1.689   -0.548   -0.541
    0.289    0.294    1.189    1.448    1.490    1.788    4.691    4.738    5.176    5.277
    6.165    6.197    6.777    6.789    6.836    6.838    9.362    9.384    9.637    9.650
   10.667   10.667   11.091   11.104   11.759   11.760   11.905   11.913   12.366   12.436
   12.876   12.885   13.480   13.480   13.888   13.890   14.234   14.307   15.302   15.302
            0.494241  0.298610  0.000000
  -71.414  -71.414  -45.662  -45.662  -45.662  -45.662  -45.626  -45.626  -45.626  -45.625
  -44.776  -44.776  -44.775  -44.775  -44.749  -44.749  -44.746  -44.746  -44.730  -44.729
  -44.728  -44.727  -42.847  -42.846  -33.179  -33.178  -33.047  -33.046  -10.347  -10.339
  -10.097  -10.096   -3.822   -3.817   -2.597   -2.594   -1.698   -1.693   -0.539   -0.536
    0.290    0.292    1.269    1.409    1.561    1.719    4.701    4.724    5.201    5.252
    6.164    6.180    6.803    6.810    6.823    6.834    9.342    9.352    9.609    9.615
   10.662   10.662   11.086   11.093   11.755   11.756   11.902   11.906   12.401   12.436
   12.905   12.907   13.479   13.479   13.885   13.886   14.216   14.255   15.302   15.302
            0.500000  0.288675  0.000000
  -71.414  -71.414  -45.662  -45.662  -45.662  -45.662  -45.626  -45.626  -45.625  -45.625
  -44.776  -44.776  -44.775  -44.775  -44.749  -44.749  -44.746  -44.746  -44.730  -44.730
  -44.728  -44.728  -42.846  -42.846  -33.179  -33.179  -33.046  -33.046  -10.344  -10.344
  -10.097  -10.097   -3.821   -3.821   -2.595   -2.595   -1.696   -1.696   -0.535   -0.535
    0.291    0.291    1.343    1.343    1.644    1.644    4.712    4.712    5.226    5.226
    6.168    6.168    6.810    6.810    6.831    6.831    9.338    9.338    9.602    9.602
   10.660   10.660   11.087   11.087   11.754   11.754   11.903   11.903   12.423   12.423
   12.916   12.916   13.479   13.479   13.884   13.884   14.223   14.223   15.302   15.302
            0.489796  0.282784  0.000000
  -71.414  -71.414  -45.662  -45.662  -45.662  -45.662  -45.626  -45.626  -45.625  -45.625
  -44.776  -44.776  -44.775  -44.775  -44.749  -44.749  -44.746  -44.746  -44.730  -44.730
  -44.728  -44.728  -42.846  -42.846  -33.178  -33.178  -33.046  -33.046  -10.346  -10.346
  -10.098  -10.098   -3.817   -3.817   -2.592   -2.592   -1.697   -1.697   -0.534   -0.534
    0.291    0.291    1.341    1.341    1.642    1.642    4.711    4.711    5.222    5.222
    6.167    6.167    6.814    6.814    6.836    6.836    9.336    9.336    9.598    9.598
   10.656   10.656   11.082   11.082   11.756   11.756   11.888   11.888   12.452   12.452
   12.921   12.921   13.484   13.484   13.852   13.852   14.261   14.261   15.300   15.300
            0.479592  0.276892  0.000000
  -71.414  -71.414  -45.662  -45.662  -45.662  -45.662  -45.626  -45.626  -45.626  -45.626
  -44.776  -44.776  -44.775  -44.775  -44.749  -44.749  -44.746  -44.746  -44.730  -44.730
  -44.728  -44.728  -42.846  -42.846  -33.178  -33.178  -33.046  -33.046  -10.355  -10.355
  -10.102  -10.102   -3.806   -3.806   -2.583   -2.583   -1.698   -1.698   -0.530   -0.530
    0.293    0.293    1.335    1.335    1.637    1.637    4.707    4.707    5.209    5.209
    6.161    6.161    6.817    6.817    6.864    6.864    9.329    9.329    9.588    9.588
   10.645   10.645   11.068   11.068   11.762   11.762   11.857   11.857   12.527   12.527
   12.937   12.937   13.499   13.499   13.781   13.781   14.348   14.348   15.295   15.295
            0.469388  0.271001  0.000000
  -71.415  -71.415  -45.662  -45.662  -45.662  -45.662  -45.626  -45.626  -45.626  -45.626
  -44.776  -44.776  -44.775  -44.775  -44.749  -44.749  -44.746  -44.746  -44.730  -44.730
  -44.728  -44.728  -42.846  -42.846  -33.177  -33.177  -33.046  -33.046  -10.368  -10.368
  -10.108  -10.108   -3.786   -3.786   -2.567   -2.567   -1.701   -1.701   -0.524   -0.524
    0.296    0.296    1.325    1.325    1.629    1.629    4.701    4.701    5.188    5.188
    6.151    6.151    6.815    6.815    6.914    6.914    9.317    9.317    9.571    9.571
   10.626   10.626   11.040   11.040   11.773   11.773   11.828   11.828   12.629   12.629
   12.964   12.964   13.523   13.523   13.703   13.703   14.457   14.457   15.288   15.288
            0.459184  0.265110  0.000000
  -71.415  -71.415  -45.662  -45.662  -45.662  -45.662  -45.626  -45.626  -45.626  -45.626
  -44.776  -44.776  -44.775  -44.775  -44.749  -44.749  -44.746  -44.746  -44.730  -44.730
  -44.728  -44.728  -42.846  -42.846  -33.176  -33.176  -33.046  -33.046  -10.387  -10.387
  -10.116  -10.116   -3.759   -3.759   -2.546   -2.546   -1.706   -1.706   -0.516   -0.516
    0.300    0.300    1.312    1.312    1.618    1.618    4.692    4.692    5.161    5.161
    6.138    6.138    6.811    6.811    6.983    6.983    9.299    9.300    9.551    9.551
   10.600   10.600   10.997   10.997   11.787   11.787   11.814   11.814   12.746   12.746
   13.000   13.000   13.554   13.554   13.632   13.632   14.574   14.574   15.280   15.280
            0.448980  0.259218  0.000000
  -71.415  -71.415  -45.662  -45.662  -45.662  -45.662  -45.626  -45.626  -45.626  -45.626
  -44.776  -44.776  -44.775  -44.775  -44.749  -44.749  -44.746  -44.746  -44.730  -44.730
  -44.728  -44.728  -42.845  -42.845  -33.174  -33.174  -33.046  -33.046  -10.411  -10.411
  -10.126  -10.126   -3.724   -3.724   -2.518   -2.518   -1.711   -1.711   -0.504   -0.504
    0.305    0.305    1.295    1.295    1.604    1.604    4.682    4.682    5.130    5.130
    6.120    6.120    6.805    6.805    7.068    7.068    9.276    9.276    9.528    9.528
   10.567   10.567   10.939   10.939   11.796   11.796   11.828   11.828   12.864   12.864
   13.044   13.044   13.573   13.573   13.595   13.595   14.696   14.696   15.273   15.273
            0.438776  0.253327  0.000000
  -71.415  -71.415  -45.662  -45.662  -45.662  -45.662  -45.626  -45.626  -45.626  -45.626
  -44.776  -44.776  -44.775  -44.775  -44.749  -44.749  -44.746  -44.746  -44.730  -44.730
  -44.728  -44.728  -42.845  -42.845  -33.172  -33.172  -33.046  -33.046  -10.439  -10.439
  -10.139  -10.139   -3.683   -3.683   -2.485   -2.485   -1.719   -1.719   -0.491   -0.491
    0.312    0.312    1.277    1.277    1.589    1.589    4.670    4.670    5.095    5.095
    6.099    6.099    6.797    6.797    7.166    7.166    9.247    9.247    9.506    9.506
   10.528   10.528   10.870   10.870   11.808   11.808   11.861   11.861   12.969   12.969
   13.102   13.102   13.549   13.549   13.630   13.630   14.820   14.820   15.269   15.269
            0.428571  0.247436  0.000000
  -71.415  -71.415  -45.662  -45.662  -45.662  -45.662  -45.626  -45.626  -45.626  -45.626
  -44.776  -44.776  -44.775  -44.775  -44.749  -44.749  -44.746  -44.746  -44.730  -44.730
  -44.728  -44.728  -42.844  -42.844  -33.170  -33.170  -33.046  -33.046  -10.472  -10.472
  -10.154  -10.154   -3.635   -3.635   -2.446   -2.446   -1.729   -1.729   -0.474   -0.474
    0.320    0.320    1.256    1.256    1.572    1.572    4.656    4.656    5.058    5.058
    6.074    6.074    6.789    6.789    7.275    7.275    9.212    9.212    9.484    9.484
   10.485   10.485   10.793   10.793   11.826   11.826   11.903   11.903   13.036   13.036
   13.182   13.182   13.564   13.564   13.667   13.667   14.943   14.943   15.273   15.273
            0.418367  0.241545  0.000000
  -71.415  -71.415  -45.662  -45.662  -45.662  -45.662  -45.626  -45.626  -45.626  -45.626
  -44.776  -44.776  -44.775  -44.775  -44.749  -44.749  -44.746  -44.746  -44.730  -44.730
  -44.728  -44.728  -42.844  -42.844  -33.167  -33.167  -33.046  -33.046  -10.510  -10.510
  -10.170  -10.170   -3.580   -3.580   -2.401   -2.401   -1.741   -1.741   -0.456   -0.456
    0.329    0.329    1.234    1.234    1.553    1.553    4.641    4.641    5.020    5.020
    6.045    6.045    6.778    6.778    7.393    7.393    9.171    9.171    9.463    9.463
   10.439   10.439   10.714   10.714   11.846   11.846   11.949   11.949   13.068   13.068
   13.277   13.277   13.626   13.626   13.702   13.702   15.063   15.063   15.286   15.286
            0.408163  0.235653  0.000000
  -71.415  -71.415  -45.662  -45.662  -45.662  -45.662  -45.626  -45.626  -45.626  -45.626
  -44.776  -44.776  -44.775  -44.775  -44.749  -44.749  -44.746  -44.746  -44.730  -44.730
  -44.728  -44.728  -42.843  -42.843  -33.165  -33.165  -33.046  -33.046  -10.551  -10.551
  -10.189  -10.189   -3.520   -3.520   -2.352   -2.352   -1.756   -1.756   -0.435   -0.435
    0.339    0.339    1.213    1.213    1.533    1.533    4.625    4.625    4.982    4.982
    6.013    6.013    6.766    6.766    7.518    7.518    9.126    9.126    9.443    9.443
   10.392   10.392   10.635   10.635   11.865   11.865   11.998   11.998   13.086   13.086
   13.374   13.374   13.727   13.727   13.731   13.731   15.179   15.179   15.312   15.312
            0.397959  0.229762  0.000000
  -71.415  -71.415  -45.662  -45.662  -45.662  -45.662  -45.626  -45.626  -45.626  -45.626
  -44.776  -44.776  -44.775  -44.775  -44.749  -44.749  -44.746  -44.746  -44.730  -44.730
  -44.728  -44.728  -42.843  -42.843  -33.161  -33.161  -33.045  -33.045  -10.596  -10.596
  -10.209  -10.209   -3.454   -3.454   -2.297   -2.297   -1.773   -1.773   -0.412   -0.412
    0.351    0.351    1.192    1.192    1.513    1.513    4.608    4.608    4.945    4.945
    5.977    5.977    6.753    6.753    7.647    7.647    9.078    9.078    9.423    9.423
   10.346   10.346   10.560   10.560   11.879   11.879   12.047   12.047   13.105   13.105
   13.472   13.472   13.751   13.751   13.854   13.854   15.287   15.287   15.354   15.354
            0.387755  0.223871  0.000000
  -71.416  -71.416  -45.662  -45.662  -45.662  -45.662  -45.626  -45.626  -45.626  -45.626
  -44.776  -44.776  -44.775  -44.775  -44.749  -44.749  -44.746  -44.746  -44.730  -44.730
  -44.728  -44.728  -42.842  -42.842  -33.158  -33.158  -33.045  -33.045  -10.644  -10.644
  -10.231  -10.231   -3.383   -3.383   -2.238   -2.238   -1.793   -1.793   -0.386   -0.386
    0.365    0.365    1.173    1.173    1.491    1.491    4.590    4.590    4.910    4.910
    5.937    5.937    6.738    6.738    7.778    7.778    9.028    9.028    9.400    9.400
   10.303   10.303   10.491   10.491   11.883   11.883   12.095   12.095   13.136   13.136
   13.571   13.571   13.765   13.765   13.991   13.991   15.384   15.384   15.414   15.414
            0.377551  0.217979  0.000000
  -71.416  -71.416  -45.662  -45.662  -45.662  -45.662  -45.626  -45.626  -45.626  -45.626
  -44.776  -44.776  -44.775  -44.775  -44.749  -44.749  -44.746  -44.746  -44.730  -44.730
  -44.728  -44.728  -42.841  -42.841  -33.154  -33.154  -33.045  -33.045  -10.694  -10.694
  -10.254  -10.254   -3.308   -3.308   -2.175   -2.175   -1.817   -1.817   -0.358   -0.358
    0.380    0.380    1.156    1.156    1.469    1.469    4.572    4.572    4.877    4.877
    5.894    5.894    6.721    6.721    7.907    7.907    8.978    8.978    9.372    9.372
   10.264   10.264   10.431   10.431   11.875   11.875   12.144   12.144   13.180   13.180
   13.668   13.668   13.778   13.778   14.128   14.128   15.469   15.469   15.491   15.491
            0.367347  0.212088  0.000000
  -71.416  -71.416  -45.662  -45.662  -45.662  -45.662  -45.626  -45.626  -45.626  -45.626
  -44.776  -44.776  -44.775  -44.775  -44.749  -44.749  -44.746  -44.746  -44.730  -44.730
  -44.728  -44.728  -42.840  -42.840  -33.151  -33.151  -33.044  -33.044  -10.748  -10.748
  -10.279  -10.279   -3.230   -3.230   -2.109   -2.109   -1.842   -1.842   -0.327   -0.327
    0.396    0.396    1.141    1.141    1.448    1.448    4.553    4.553    4.846    4.846
    5.847    5.847    6.702    6.702    8.032    8.032    8.931    8.931    9.339    9.339
   10.229   10.229   10.385   10.385   11.857   11.857   12.191   12.191   13.237   13.237
   13.733   13.733   13.822   13.822   14.259   14.259   15.548   15.548   15.577   15.577
            0.357143  0.206197  0.000000
  -71.416  -71.416  -45.662  -45.662  -45.662  -45.662  -45.626  -45.626  -45.626  -45.626
  -44.776  -44.776  -44.775  -44.775  -44.748  -44.748  -44.746  -44.746  -44.730  -44.730
  -44.728  -44.728  -42.839  -42.839  -33.146  -33.146  -33.044  -33.044  -10.803  -10.803
  -10.305  -10.305   -3.149   -3.149   -2.040   -2.040   -1.868   -1.868   -0.295   -0.295
    0.415    0.415    1.129    1.129    1.428    1.428    4.532    4.532    4.820    4.820
    5.798    5.798    6.682    6.682    8.146    8.146    8.892    8.892    9.297    9.297
   10.196   10.196   10.356   10.356   11.829   11.829   12.235   12.235   13.303   13.303
   13.744   13.744   13.918   13.918   14.372   14.372   15.614   15.614   15.678   15.678
            0.346939  0.200305  0.000000
  -71.416  -71.416  -45.662  -45.662  -45.662  -45.662  -45.626  -45.626  -45.626  -45.626
  -44.776  -44.776  -44.775  -44.775  -44.748  -44.748  -44.746  -44.746  -44.730  -44.730
  -44.728  -44.728  -42.839  -42.839  -33.142  -33.142  -33.044  -33.044  -10.860  -10.860
  -10.332  -10.332   -3.067   -3.067   -1.978   -1.978   -1.887   -1.887   -0.260   -0.260
    0.434    0.434    1.118    1.118    1.410    1.410    4.511    4.511    4.798    4.798
    5.747    5.747    6.660    6.660    8.239    8.239    8.868    8.868    9.248    9.248
   10.163   10.163   10.348   10.348   11.794   11.794   12.275   12.275   13.375   13.375
   13.745   13.745   14.028   14.028   14.459   14.459   15.674   15.674   15.791   15.791
            0.336735  0.194414  0.000000
  -71.417  -71.417  -45.662  -45.662  -45.662  -45.662  -45.626  -45.626  -45.626  -45.626
  -44.776  -44.776  -44.775  -44.775  -44.748  -44.748  -44.746  -44.746  -44.730  -44.730
  -44.728  -44.728  -42.838  -42.838  -33.138  -33.138  -33.043  -33.043  -10.918  -10.918
  -10.359  -10.359   -2.984   -2.984   -1.960   -1.960   -1.859   -1.859   -0.223   -0.223
    0.456    0.456    1.108    1.108    1.396    1.396    4.489    4.489    4.781    4.781
    5.693    5.693    6.636    6.636    8.301    8.301    8.867    8.867    9.192    9.192
   10.132   10.132   10.361   10.361   11.755   11.755   12.308   12.308   13.447   13.447
   13.750   13.750   14.141   14.141   14.511   14.511   15.741   15.741   15.912   15.912
            0.326531  0.188523  0.000000
  -71.417  -71.417  -45.662  -45.662  -45.662  -45.662  -45.626  -45.626  -45.626  -45.626
  -44.776  -44.776  -44.776  -44.776  -44.748  -44.748  -44.746  -44.746  -44.730  -44.730
  -44.728  -44.728  -42.837  -42.837  -33.133  -33.133  -33.042  -33.042  -10.978  -10.978
  -10.387  -10.387   -2.904   -2.904   -1.981   -1.981   -1.788   -1.788   -0.184   -0.184
    0.479    0.479    1.097    1.097    1.388    1.388    4.467    4.467    4.769    4.769
    5.638    5.638    6.609    6.609    8.325    8.325    8.896    8.896    9.129    9.129
   10.107   10.107   10.391   10.391   11.713   11.713   12.333   12.333   13.513   13.513
   13.765   13.765   14.253   14.253   14.525   14.525   15.821   15.821   16.032   16.032
            0.316327  0.182631  0.000000
  -71.417  -71.417  -45.662  -45.662  -45.662  -45.662  -45.626  -45.626  -45.626  -45.626
  -44.777  -44.777  -44.776  -44.776  -44.748  -44.748  -44.746  -44.746  -44.730  -44.730
  -44.728  -44.728  -42.836  -42.836  -33.129  -33.129  -33.042  -33.042  -11.039  -11.039
  -10.416  -10.416   -2.828   -2.828   -2.005   -2.005   -1.708   -1.708   -0.143   -0.143
    0.503    0.503    1.084    1.084    1.388    1.388    4.444    4.444    4.761    4.761
    5.582    5.582    6.581    6.581    8.312    8.312    8.948    8.948    9.060    9.060
   10.089   10.089   10.436   10.436   11.669   11.669   12.347   12.347   13.568   13.568
   13.792   13.792   14.360   14.360   14.508   14.508   15.911   15.911   16.142   16.142
            0.306122  0.176740  0.000000
  -71.417  -71.417  -45.662  -45.662  -45.662  -45.662  -45.626  -45.626  -45.626  -45.626
  -44.777  -44.777  -44.776  -44.776  -44.748  -44.748  -44.746  -44.746  -44.730  -44.730
  -44.728  -44.728  -42.834  -42.834  -33.124  -33.124  -33.041  -33.041  -11.099  -11.099
  -10.446  -10.446   -2.762   -2.762   -2.023   -2.023   -1.624   -1.624   -0.100   -0.100
    0.528    0.528    1.066    1.066    1.396    1.396    4.422    4.422    4.759    4.759
    5.525    5.525    6.551    6.551    8.276    8.276    8.984    8.984    9.014    9.014
   10.082   10.082   10.494   10.494   11.624   11.624   12.350   12.350   13.611   13.611
   13.829   13.829   14.435   14.435   14.498   14.498   15.995   15.995   16.216   16.216
            0.295918  0.170849  0.000000
  -71.418  -71.418  -45.662  -45.662  -45.662  -45.662  -45.626  -45.626  -45.626  -45.626
  -44.777  -44.777  -44.776  -44.776  -44.748  -44.748  -44.746  -44.746  -44.730  -44.730
  -44.728  -44.728  -42.833  -42.833  -33.120  -33.120  -33.040  -33.040  -11.161  -11.161
  -10.475  -10.475   -2.710   -2.710   -2.028   -2.028   -1.539   -1.539   -0.055   -0.055
    0.554    0.554    1.045    1.045    1.414    1.414    4.402    4.402    4.762    4.762
    5.468    5.468    6.518    6.518    8.225    8.225    8.911    8.911    9.070    9.070
   10.086   10.086   10.562   10.562   11.579   11.579   12.343   12.343   13.645   13.645
   13.869   13.869   14.411   14.411   14.576   14.576   16.060   16.060   16.214   16.214
            0.285714  0.164957  0.000000
  -71.418  -71.418  -45.662  -45.662  -45.662  -45.662  -45.626  -45.626  -45.626  -45.626
  -44.777  -44.777  -44.776  -44.776  -44.748  -44.748  -44.746  -44.746  -44.730  -44.730
  -44.728  -44.728  -42.832  -42.832  -33.115  -33.115  -33.038  -33.038  -11.222  -11.222
  -10.505  -10.505   -2.678   -2.678   -2.013   -2.013   -1.452   -1.452   -0.008   -0.008
    0.581    0.581    1.022    1.022    1.440    1.440    4.383    4.383    4.769    4.769
    5.412    5.412    6.484    6.484    8.166    8.166    8.834    8.834    9.117    9.117
   10.102   10.102   10.638   10.638   11.532   11.532   12.325   12.325   13.671   13.671
   13.901   13.901   14.379   14.379   14.660   14.660   16.091   16.091   16.148   16.148
            0.275510  0.159066  0.000000
  -71.418  -71.418  -45.662  -45.662  -45.662  -45.662  -45.626  -45.626  -45.626  -45.626
  -44.777  -44.777  -44.776  -44.776  -44.748  -44.748  -44.746  -44.746  -44.730  -44.730
  -44.728  -44.728  -42.831  -42.831  -33.111  -33.111  -33.037  -33.037  -11.283  -11.283
  -10.535  -10.535   -2.669   -2.669   -1.976   -1.976   -1.364   -1.364    0.040    0.040
    0.606    0.606    0.998    0.998    1.473    1.473    4.367    4.367    4.780    4.780
    5.357    5.357    6.447    6.447    8.102    8.102    8.755    8.755    9.148    9.148
   10.129   10.129   10.723   10.723   11.484   11.484   12.298   12.298   13.684   13.684
   13.925   13.925   14.366   14.366   14.730   14.730   15.988   15.988   16.164   16.164
            0.265306  0.153175  0.000000
  -71.418  -71.418  -45.662  -45.662  -45.662  -45.662  -45.626  -45.626  -45.626  -45.626
  -44.777  -44.777  -44.776  -44.776  -44.748  -44.748  -44.746  -44.746  -44.730  -44.730
  -44.728  -44.728  -42.830  -42.830  -33.106  -33.106  -33.035  -33.035  -11.343  -11.343
  -10.564  -10.564   -2.682   -2.682   -1.918   -1.918   -1.276   -1.276    0.089    0.089
    0.628    0.628    0.976    0.976    1.511    1.511    4.354    4.354    4.795    4.795
    5.303    5.303    6.409    6.409    8.036    8.036    8.677    8.677    9.163    9.163
   10.164   10.164   10.812   10.812   11.436   11.436   12.264   12.264   13.681   13.681
   13.944   13.944   14.373   14.373   14.781   14.781   15.846   15.846   16.205   16.205
            0.255102  0.147283  0.000000
  -71.419  -71.419  -45.663  -45.663  -45.662  -45.662  -45.626  -45.626  -45.626  -45.626
  -44.777  -44.777  -44.776  -44.776  -44.748  -44.748  -44.746  -44.746  -44.730  -44.730
  -44.728  -44.728  -42.829  -42.829  -33.102  -33.102  -33.033  -33.033  -11.403  -11.403
  -10.594  -10.594   -2.711   -2.711   -1.843   -1.843   -1.189   -1.189    0.140    0.140
    0.645    0.645    0.958    0.958    1.554    1.554    4.345    4.345    4.813    4.813
    5.252    5.252    6.368    6.368    7.969    7.969    8.598    8.598    9.163    9.163
   10.202   10.202   10.906   10.906   11.388   11.388   12.224   12.224   13.664   13.664
   13.961   13.961   14.394   14.394   14.807   14.807   15.709   15.709   16.236   16.236
            0.244898  0.141392  0.000000
  -71.419  -71.419  -45.663  -45.663  -45.663  -45.663  -45.626  -45.626  -45.626  -45.626
  -44.777  -44.777  -44.776  -44.776  -44.747  -44.747  -44.746  -44.746  -44.730  -44.730
  -44.728  -44.728  -42.828  -42.828  -33.098  -33.098  -33.031  -33.031  -11.462  -11.462
  -10.623  -10.623   -2.753   -2.753   -1.756   -1.756   -1.102   -1.102    0.191    0.191
    0.654    0.654    0.950    0.950    1.601    1.601    4.341    4.341    4.834    4.834
    5.204    5.204    6.326    6.326    7.901    7.901    8.521    8.521    9.150    9.150
   10.237   10.237   11.000   11.000   11.345   11.345   12.182   12.182   13.638   13.638
   13.970   13.970   14.424   14.424   14.806   14.806   15.590   15.590   16.167   16.167
            0.234694  0.135501  0.000000
  -71.419  -71.419  -45.663  -45.663  -45.663  -45.663  -45.626  -45.626  -45.626  -45.626
  -44.777  -44.777  -44.776  -44.776  -44.747  -44.747  -44.746  -44.746  -44.730  -44.730
  -44.728  -44.728  -42.827  -42.827  -33.095  -33.095  -33.029  -33.029  -11.520  -11.520
  -10.651  -10.651   -2.802   -2.802   -1.661   -1.661   -1.015   -1.015    0.243    0.243
    0.652    0.652    0.952    0.952    1.649    1.649    4.341    4.341    4.857    4.857
    5.160    5.160    6.282    6.282    7.833    7.833    8.445    8.445    9.124    9.124
   10.262   10.262   11.088   11.088   11.314   11.314   12.138   12.138   13.610   13.610
   13.963   13.963   14.457   14.457   14.779   14.779   15.498   15.498   16.086   16.086
            0.224490  0.129609  0.000000
  -71.420  -71.420  -45.663  -45.663  -45.663  -45.663  -45.626  -45.626  -45.626  -45.626
  -44.777  -44.777  -44.776  -44.776  -44.747  -44.747  -44.746  -44.746  -44.730  -44.730
  -44.728  -44.728  -42.825  -42.825  -33.092  -33.092  -33.026  -33.026  -11.576  -11.576
  -10.679  -10.679   -2.855   -2.855   -1.561   -1.561   -0.930   -0.930    0.295    0.295
    0.639    0.639    0.966    0.966    1.698    1.698    4.348    4.348    4.882    4.882
    5.121    5.121    6.236    6.236    7.766    7.766    8.370    8.370    9.090    9.090
   10.273   10.273   11.153   11.153   11.316   11.316   12.095   12.095   13.585   13.585
   13.930   13.930   14.492   14.492   14.731   14.731   15.438   15.438   16.009   16.009
            0.214286  0.123718  0.000000
  -71.420  -71.420  -45.663  -45.663  -45.663  -45.663  -45.626  -45.626  -45.626  -45.626
  -44.777  -44.777  -44.776  -44.776  -44.747  -44.747  -44.746  -44.746  -44.730  -44.730
  -44.728  -44.728  -42.824  -42.824  -33.089  -33.089  -33.023  -33.023  -11.631  -11.631
  -10.706  -10.706   -2.912   -2.912   -1.458   -1.458   -0.847   -0.847    0.346    0.346
    0.619    0.619    0.989    0.989    1.747    1.747    4.360    4.360    4.906    4.906
    5.089    5.089    6.188    6.188    7.700    7.700    8.298    8.298    9.046    9.046
   10.262   10.262   11.183   11.183   11.363   11.363   12.056   12.056   13.562   13.562
   13.869   13.869   14.527   14.527   14.669   14.669   15.411   15.411   15.936   15.936
            0.204082  0.117827  0.000000
  -71.420  -71.420  -45.663  -45.663  -45.663  -45.663  -45.626  -45.626  -45.626  -45.626
  -44.777  -44.777  -44.776  -44.776  -44.747  -44.747  -44.746  -44.746  -44.730  -44.730
  -44.728  -44.728  -42.823  -42.823  -33.086  -33.086  -33.020  -33.020  -11.685  -11.685
  -10.733  -10.733   -2.970   -2.970   -1.353   -1.353   -0.765   -0.765    0.395    0.395
    0.596    0.596    1.019    1.019    1.795    1.795    4.379    4.379    4.929    4.929
    5.066    5.066    6.140    6.140    7.635    7.635    8.227    8.227    8.995    8.995
   10.228   10.228   11.203   11.203   11.431   11.431   12.023   12.023   13.543   13.543
   13.783   13.783   14.559   14.559   14.597   14.597   15.420   15.420   15.868   15.868
            0.193878  0.111935  0.000000
  -71.420  -71.420  -45.663  -45.663  -45.663  -45.663  -45.626  -45.626  -45.626  -45.626
  -44.778  -44.778  -44.776  -44.776  -44.747  -44.747  -44.746  -44.746  -44.730  -44.730
  -44.728  -44.728  -42.822  -42.822  -33.084  -33.084  -33.016  -33.016  -11.737  -11.737
  -10.759  -10.759   -3.028   -3.028   -1.247   -1.247   -0.685   -0.685    0.437    0.437
    0.577    0.577    1.051    1.051    1.842    1.842    4.405    4.405    4.944    4.944
    5.058    5.058    6.090    6.090    7.571    7.571    8.159    8.159    8.937    8.937
   10.172   10.172   11.232   11.232   11.491   11.491   12.000   12.000   13.523   13.523
   13.686   13.686   14.503   14.503   14.600   14.600   15.461   15.461   15.806   15.806
            0.183673  0.106044  0.000000
  -71.421  -71.421  -45.663  -45.663  -45.663  -45.663  -45.626  -45.626  -45.626  -45.626
  -44.778  -44.778  -44.776  -44.776  -44.747  -44.747  -44.746  -44.746  -44.730  -44.730
  -44.728  -44.728  -42.821  -42.821  -33.082  -33.082  -33.013  -33.013  -11.786  -11.786
  -10.784  -10.784   -3.086   -3.086   -1.141   -1.141   -0.607   -0.607    0.457    0.457
    0.577    0.577    1.085    1.085    1.887    1.887    4.437    4.437    4.949    4.949
    5.068    5.068    6.040    6.040    7.509    7.509    8.093    8.093    8.872    8.872
   10.100   10.100   11.273   11.273   11.532   11.532   11.988   11.988   13.499   13.499
   13.594   13.594   14.404   14.404   14.633   14.633   15.530   15.530   15.748   15.748
            0.173469  0.100153  0.000000
  -71.421  -71.421  -45.663  -45.663  -45.663  -45.663  -45.626  -45.626  -45.626  -45.626
  -44.778  -44.778  -44.776  -44.776  -44.747  -44.747  -44.746  -44.746  -44.730  -44.730
  -44.728  -44.728  -42.820  -42.820  -33.080  -33.080  -33.009  -33.009  -11.834  -11.834
  -10.807  -10.807   -3.143   -3.143   -1.036   -1.036   -0.531   -0.531    0.448    0.448
    0.605    0.605    1.119    1.119    1.929    1.929    4.476    4.476    4.948    4.948
    5.091    5.091    5.990    5.990    7.448    7.448    8.031    8.031    8.800    8.800
   10.017   10.017   11.326   11.326   11.549   11.549   11.982   11.982   13.461   13.461
   13.530   13.530   14.297   14.297   14.664   14.664   15.619   15.619   15.696   15.696
            0.163265  0.094261  0.000000
  -71.421  -71.421  -45.663  -45.663  -45.663  -45.663  -45.626  -45.626  -45.626  -45.626
  -44.778  -44.778  -44.776  -44.776  -44.747  -44.747  -44.746  -44.746  -44.730  -44.730
  -44.729  -44.728  -42.819  -42.819  -33.079  -33.079  -33.005  -33.005  -11.880  -11.880
  -10.830  -10.830   -3.198   -3.198   -0.933   -0.933   -0.458   -0.458    0.424    0.424
    0.647    0.647    1.152    1.152    1.967    1.967    4.522    4.522    4.948    4.948
    5.121    5.121    5.939    5.939    7.388    7.388    7.970    7.970    8.722    8.722
    9.929    9.929   11.386   11.386   11.545   11.545   11.970   11.970   13.419   13.419
   13.497   13.497   14.185   14.185   14.692   14.692   15.645   15.645   15.728   15.728
            0.153061  0.088370  0.000000
  -71.421  -71.421  -45.663  -45.663  -45.663  -45.663  -45.626  -45.626  -45.626  -45.626
  -44.778  -44.778  -44.777  -44.777  -44.747  -44.747  -44.746  -44.746  -44.730  -44.730
  -44.729  -44.729  -42.818  -42.818  -33.077  -33.077  -33.001  -33.001  -11.923  -11.923
  -10.852  -10.852   -3.251   -3.251   -0.832   -0.832   -0.387   -0.387    0.396    0.396
    0.693    0.693    1.183    1.183    2.003    2.003    4.574    4.574    4.951    4.951
    5.154    5.154    5.889    5.889    7.330    7.330    7.913    7.913    8.639    8.639
    9.840    9.840   11.443   11.443   11.535   11.535   11.941   11.941   13.401   13.401
   13.477   13.477   14.072   14.072   14.716   14.716   15.603   15.603   15.843   15.843
            0.142857  0.082479  0.000000
  -71.422  -71.422  -45.663  -45.663  -45.663  -45.663  -45.626  -45.626  -45.626  -45.626
  -44.778  -44.778  -44.777  -44.777  -44.747  -44.747  -44.746  -44.746  -44.730  -44.730
  -44.729  -44.729  -42.817  -42.817  -33.076  -33.076  -32.997  -32.997  -11.964  -11.964
  -10.873  -10.873   -3.302   -3.302   -0.734   -0.734   -0.319   -0.319    0.368    0.368
    0.740    0.740    1.211    1.211    2.034    2.034    4.631    4.631    4.961    4.961
    5.189    5.189    5.840    5.840    7.273    7.273    7.859    7.859    8.550    8.550
    9.754    9.754   11.463   11.463   11.550   11.550   11.892   11.892   13.400   13.400
   13.480   13.480   13.960   13.960   14.734   14.734   15.564   15.564   15.966   15.966
            0.132653  0.076587  0.000000
  -71.422  -71.422  -45.663  -45.663  -45.663  -45.663  -45.626  -45.626  -45.626  -45.626
  -44.778  -44.778  -44.777  -44.777  -44.747  -44.747  -44.746  -44.746  -44.730  -44.730
  -44.729  -44.729  -42.816  -42.816  -33.075  -33.075  -32.994  -32.994  -12.003  -12.003
  -10.892  -10.892   -3.350   -3.350   -0.639   -0.639   -0.254   -0.254    0.340    0.340
    0.785    0.785    1.237    1.237    2.063    2.063    4.693    4.693    4.976    4.976
    5.223    5.223    5.793    5.793    7.216    7.216    7.808    7.808    8.456    8.456
    9.672    9.672   11.437   11.437   11.588   11.588   11.841   11.841   13.385   13.385
   13.534   13.534   13.852   13.852   14.745   14.745   15.530   15.530   16.091   16.091
            0.122449  0.070696  0.000000
  -71.422  -71.422  -45.663  -45.663  -45.663  -45.663  -45.626  -45.626  -45.626  -45.626
  -44.778  -44.778  -44.777  -44.777  -44.747  -44.747  -44.746  -44.746  -44.730  -44.730
  -44.729  -44.729  -42.816  -42.816  -33.075  -33.075  -32.990  -32.990  -12.039  -12.039
  -10.910  -10.910   -3.396   -3.396   -0.548   -0.548   -0.192   -0.192    0.316    0.316
    0.827    0.827    1.260    1.260    2.088    2.088    4.758    4.758    4.998    4.998
    5.257    5.257    5.749    5.749    7.161    7.161    7.760    7.760    8.361    8.361
    9.596    9.596   11.396   11.396   11.580   11.580   11.833   11.833   13.356   13.356
   13.629   13.629   13.750   13.750   14.748   14.748   15.500   15.500   16.212   16.212
            0.112245  0.064805  0.000000
  -71.422  -71.422  -45.663  -45.663  -45.663  -45.663  -45.626  -45.626  -45.626  -45.626
  -44.778  -44.778  -44.777  -44.777  -44.747  -44.747  -44.746  -44.746  -44.730  -44.730
  -44.729  -44.729  -42.815  -42.815  -33.074  -33.074  -32.987  -32.987  -12.072  -12.072
  -10.927  -10.927   -3.439   -3.439   -0.462   -0.462   -0.135   -0.135    0.295    0.295
    0.866    0.866    1.280    1.280    2.109    2.109    4.826    4.826    5.025    5.025
    5.290    5.290    5.708    5.708    7.106    7.106    7.716    7.716    8.264    8.264
    9.526    9.526   11.340   11.340   11.518   11.518   11.884   11.884   13.320   13.320
   13.654   13.654   13.752   13.752   14.744   14.744   15.474   15.474   16.322   16.322
            0.102041  0.058913  0.000000
  -71.423  -71.423  -45.663  -45.663  -45.663  -45.663  -45.626  -45.626  -45.626  -45.626
  -44.778  -44.778  -44.777  -44.777  -44.746  -44.746  -44.746  -44.746  -44.730  -44.730
  -44.729  -44.729  -42.814  -42.814  -33.073  -33.073  -32.983  -32.983  -12.103  -12.103
  -10.942  -10.942   -3.478   -3.478   -0.382   -0.382   -0.083   -0.083    0.279    0.279
    0.900    0.900    1.298    1.298    2.128    2.128    4.895    4.895    5.058    5.058
    5.320    5.320    5.672    5.672    7.051    7.051    7.674    7.674    8.168    8.168
    9.463    9.463   11.261   11.261   11.450   11.450   11.962   11.962   13.280   13.280
   13.568   13.568   13.893   13.893   14.732   14.732   15.451   15.451   16.412   16.412
            0.091837  0.053022  0.000000
  -71.423  -71.423  -45.663  -45.663  -45.663  -45.663  -45.626  -45.626  -45.626  -45.626
  -44.778  -44.778  -44.777  -44.777  -44.746  -44.746  -44.746  -44.746  -44.730  -44.730
  -44.729  -44.729  -42.813  -42.813  -33.073  -33.073  -32.980  -32.980  -12.131  -12.131
  -10.957  -10.957   -3.514   -3.514   -0.307   -0.307   -0.037   -0.037    0.269    0.269
    0.930    0.930    1.314    1.314    2.143    2.143    4.962    4.962    5.096    5.096
    5.347    5.347    5.642    5.642    6.996    6.996    7.637    7.637    8.075    8.075
    9.408    9.408   11.160   11.160   11.398   11.398   12.049   12.049   13.234   13.234
   13.493   13.493   14.047   14.047   14.714   14.714   15.432   15.432   16.477   16.477
            0.081633  0.047131  0.000000
  -71.423  -71.423  -45.663  -45.663  -45.663  -45.663  -45.626  -45.626  -45.626  -45.626
  -44.778  -44.778  -44.777  -44.777  -44.746  -44.746  -44.745  -44.745  -44.729  -44.729
  -44.729  -44.729  -42.813  -42.813  -33.072  -33.072  -32.977  -32.977  -12.157  -12.157
  -10.969  -10.969   -3.546   -3.546   -0.240   -0.240   -0.001   -0.001    0.269    0.269
    0.954    0.954    1.328    1.328    2.157    2.157    5.023    5.023    5.139    5.139
    5.370    5.370    5.620    5.620    6.942    6.942    7.603    7.603    7.988    7.988
    9.359    9.359   11.048   11.048   11.359   11.359   12.140   12.140   13.184   13.184
   13.428   13.428   14.210   14.210   14.690   14.690   15.415   15.415   16.514   16.514
            0.071429  0.041239  0.000000
  -71.423  -71.423  -45.663  -45.663  -45.663  -45.663  -45.626  -45.626  -45.626  -45.626
  -44.778  -44.778  -44.777  -44.777  -44.746  -44.746  -44.745  -44.745  -44.729  -44.729
  -44.729  -44.729  -42.812  -42.812  -33.072  -33.072  -32.975  -32.975  -12.179  -12.179
  -10.981  -10.981   -3.575   -3.575   -0.180   -0.180    0.025    0.025    0.278    0.278
    0.973    0.973    1.342    1.342    2.168    2.168    5.075    5.075    5.188    5.188
    5.389    5.389    5.608    5.608    6.887    6.887    7.572    7.572    7.907    7.907
    9.316    9.316   10.936   10.936   11.329   11.329   12.231   12.231   13.132   13.132
   13.373   13.373   14.375   14.375   14.665   14.665   15.401   15.401   16.529   16.529
            0.061224  0.035348  0.000000
  -71.423  -71.423  -45.663  -45.663  -45.663  -45.663  -45.626  -45.626  -45.626  -45.626
  -44.778  -44.778  -44.777  -44.777  -44.746  -44.746  -44.745  -44.745  -44.729  -44.729
  -44.729  -44.729  -42.812  -42.812  -33.072  -33.072  -32.973  -32.973  -12.199  -12.199
  -10.990  -10.990   -3.601   -3.601   -0.128   -0.128    0.041    0.041    0.296    0.296
    0.986    0.986    1.355    1.355    2.176    2.176    5.114    5.114    5.242    5.242
    5.404    5.404    5.605    5.605    6.832    6.832    7.545    7.545    7.835    7.835
    9.279    9.279   10.831   10.831   11.304   11.304   12.322   12.322   13.079   13.079
   13.327   13.327   14.521   14.521   14.659   14.659   15.390   15.390   16.527   16.527
            0.051020  0.029457  0.000000
  -71.423  -71.423  -45.663  -45.663  -45.663  -45.663  -45.626  -45.626  -45.626  -45.626
  -44.778  -44.778  -44.777  -44.777  -44.746  -44.746  -44.745  -44.745  -44.729  -44.729
  -44.729  -44.729  -42.811  -42.811  -33.072  -33.072  -32.971  -32.971  -12.215  -12.215
  -10.999  -10.999   -3.622   -3.622   -0.086   -0.086    0.051    0.051    0.319    0.319
    0.994    0.994    1.366    1.366    2.184    2.184    5.142    5.142    5.295    5.295
    5.418    5.418    5.611    5.611    6.780    6.780    7.522    7.522    7.772    7.772
    9.249    9.249   10.736   10.736   11.283   11.283   12.409   12.409   13.028   13.028
   13.287   13.287   14.557   14.557   14.763   14.763   15.381   15.381   16.511   16.511
            0.040816  0.023565  0.000000
  -71.423  -71.423  -45.663  -45.663  -45.663  -45.663  -45.626  -45.626  -45.626  -45.626
  -44.778  -44.778  -44.777  -44.777  -44.746  -44.746  -44.745  -44.745  -44.729  -44.729
  -44.729  -44.729  -42.811  -42.811  -33.071  -33.071  -32.969  -32.969  -12.229  -12.229
  -11.006  -11.006   -3.640   -3.640   -0.054   -0.054    0.059    0.059    0.344    0.344
    0.998    0.998    1.377    1.377    2.189    2.189    5.159    5.159    5.341    5.341
    5.433    5.433    5.623    5.623    6.731    6.731    7.503    7.503    7.720    7.720
    9.224    9.224   10.655   10.655   11.267   11.267   12.492   12.492   12.980   12.980
   13.252   13.252   14.534   14.534   14.923   14.923   15.374   15.374   16.483   16.483
            0.030612  0.017674  0.000000
  -71.423  -71.423  -45.663  -45.663  -45.663  -45.663  -45.626  -45.626  -45.626  -45.626
  -44.778  -44.778  -44.777  -44.777  -44.746  -44.746  -44.745  -44.745  -44.729  -44.729
  -44.729  -44.729  -42.811  -42.811  -33.071  -33.071  -32.968  -32.968  -12.239  -12.239
  -11.011  -11.011   -3.654   -3.654   -0.033   -0.033    0.067    0.067    0.366    0.366
    0.999    0.999    1.386    1.386    2.193    2.193    5.168    5.168    5.377    5.377
    5.451    5.451    5.638    5.638    6.687    6.687    7.488    7.488    7.680    7.680
    9.205    9.205   10.590   10.590   11.254   11.254   12.569   12.569   12.934   12.934
   13.223   13.223   14.507   14.507   15.081   15.081   15.368   15.368   16.440   16.440
            0.020408  0.011783  0.000000
  -71.423  -71.423  -45.663  -45.663  -45.663  -45.663  -45.626  -45.626  -45.626  -45.626
  -44.778  -44.778  -44.777  -44.777  -44.746  -44.746  -44.745  -44.745  -44.729  -44.729
  -44.729  -44.729  -42.811  -42.811  -33.071  -33.071  -32.967  -32.967  -12.247  -12.247
  -11.015  -11.015   -3.663   -3.663   -0.021   -0.021    0.075    0.075    0.384    0.384
    0.999    0.999    1.392    1.392    2.196    2.196    5.173    5.173    5.401    5.401
    5.468    5.468    5.653    5.653    6.653    6.653    7.477    7.477    7.651    7.651
    9.191    9.191   10.542   10.542   11.245   11.245   12.638   12.638   12.892   12.892
   13.201   13.201   14.485   14.485   15.220   15.220   15.366   15.366   16.385   16.385
            0.010204  0.005891  0.000000
  -71.423  -71.423  -45.663  -45.663  -45.663  -45.663  -45.626  -45.626  -45.626  -45.626
  -44.778  -44.778  -44.777  -44.777  -44.746  -44.746  -44.745  -44.745  -44.729  -44.729
  -44.729  -44.729  -42.811  -42.811  -33.071  -33.071  -32.967  -32.967  -12.252  -12.252
  -11.017  -11.017   -3.669   -3.669   -0.015   -0.015    0.081    0.081    0.396    0.396
    0.998    0.998    1.397    1.397    2.198    2.198    5.175    5.175    5.414    5.414
    5.480    5.480    5.664    5.664    6.630    6.630    7.470    7.470    7.633    7.633
    9.183    9.183   10.512   10.512   11.240   11.240   12.692   12.692   12.855   12.855
   13.186   13.186   14.470   14.470   15.318   15.318   15.367   15.367   16.333   16.333
            0.000000  0.000000  0.000000
  -71.423  -71.423  -45.663  -45.663  -45.663  -45.663  -45.626  -45.626  -45.626  -45.626
  -44.778  -44.778  -44.777  -44.777  -44.746  -44.746  -44.745  -44.745  -44.729  -44.729
  -44.729  -44.729  -42.811  -42.811  -33.071  -33.071  -32.966  -32.966  -12.253  -12.253
  -11.018  -11.018   -3.671   -3.671   -0.013   -0.013    0.084    0.084    0.400    0.400
    0.998    0.998    1.398    1.398    2.198    2.198    5.175    5.175    5.418    5.418
    5.485    5.485    5.668    5.668    6.622    6.622    7.468    7.468    7.628    7.628
    9.180    9.180   10.502   10.502   11.238   11.238   12.717   12.717   12.836   12.836
   13.181   13.181   14.465   14.465   15.345   15.345   15.377   15.377   16.311   16.311
