 &plot nbnd=  50, nks=   128 /
            0.000000  0.000000  0.000000
  -71.661  -45.167  -45.167  -45.167  -45.167  -45.127  -45.127  -45.126  -45.126  -45.112
  -45.110  -35.879  -35.768  -35.768  -12.263  -11.029   -3.675    0.110    0.110    0.289
    1.212    1.212    2.116    5.338    5.338    5.496    5.496    6.611    7.465    7.622
    9.179   10.535   11.237   12.711   13.039   13.039   14.459   15.348   15.348   16.313
   16.871   16.913   18.886   18.886   19.203   19.203   19.522   19.766   22.289   22.289
            0.006796  0.011771  0.000000
  -71.661  -45.167  -45.167  -45.167  -45.167  -45.127  -45.127  -45.126  -45.126  -45.112
  -45.110  -35.879  -35.768  -35.768  -12.261  -11.028   -3.672    0.103    0.112    0.284
    1.209    1.214    2.115    5.332    5.341    5.484    5.493    6.621    7.468    7.629
    9.182   10.548   11.240   12.689   13.046   13.052   14.466   15.297   15.349   16.342
   16.878   16.939   18.795   18.890   19.184   19.188   19.622   19.772   22.274   22.305
            0.013592  0.023542  0.000000
  -71.661  -45.167  -45.167  -45.167  -45.167  -45.127  -45.127  -45.126  -45.126  -45.112
  -45.110  -35.878  -35.769  -35.768  -12.255  -11.025   -3.664    0.084    0.118    0.268
    1.198    1.220    2.113    5.313    5.353    5.448    5.485    6.651    7.477    7.652
    9.193   10.587   11.247   12.631   13.066   13.085   14.487   15.168   15.351   16.404
   16.898   17.018   18.607   18.903   19.127   19.145   19.789   19.838   22.235   22.354
            0.020388  0.035313  0.000000
  -71.661  -45.167  -45.167  -45.167  -45.167  -45.127  -45.127  -45.126  -45.126  -45.112
  -45.110  -35.878  -35.770  -35.768  -12.245  -11.020   -3.651    0.051    0.128    0.241
    1.179    1.228    2.111    5.285    5.372    5.394    5.471    6.695    7.492    7.690
    9.211   10.651   11.259   12.552   13.097   13.128   14.519   14.995   15.355   16.463
   16.933   17.147   18.402   18.924   19.032   19.080   19.818   20.093   22.187   22.428
            0.027184  0.047084  0.000000
  -71.661  -45.167  -45.167  -45.167  -45.167  -45.127  -45.127  -45.126  -45.126  -45.112
  -45.110  -35.878  -35.772  -35.769  -12.230  -11.013   -3.632    0.006    0.141    0.206
    1.152    1.238    2.107    5.247    5.325    5.398    5.452    6.750    7.512    7.744
    9.237   10.737   11.277   12.459   13.133   13.181   14.558   14.801   15.360   16.505
   16.980   17.310   18.209   18.902   18.956   18.999   19.860   20.363   22.136   22.520
            0.033980  0.058854  0.000000
  -71.661  -45.167  -45.167  -45.167  -45.167  -45.127  -45.127  -45.126  -45.126  -45.112
  -45.109  -35.877  -35.775  -35.769  -12.212  -11.004   -3.609   -0.050    0.159    0.163
    1.118    1.250    2.101    5.202    5.247    5.427    5.431    6.810    7.537    7.811
    9.270   10.843   11.299   12.359   13.168   13.246   14.601   14.602   15.365   16.531
   17.039   17.472   18.056   18.742   18.908   19.000   19.914   20.640   22.085   22.614
            0.040776  0.070625  0.000000
  -71.661  -45.167  -45.167  -45.167  -45.167  -45.127  -45.127  -45.126  -45.126  -45.112
  -45.109  -35.877  -35.778  -35.770  -12.190  -10.993   -3.580   -0.117    0.114    0.180
    1.075    1.262    2.093    5.153    5.163    5.397    5.470    6.873    7.568    7.893
    9.311   10.965   11.328   12.254   13.201   13.322   14.399   14.646   15.367   16.545
   17.107   17.557   18.008   18.556   18.813   19.059   19.983   20.916   22.030   22.685
            0.047571  0.082396  0.000000
  -71.661  -45.167  -45.167  -45.167  -45.167  -45.127  -45.127  -45.126  -45.126  -45.111
  -45.109  -35.876  -35.782  -35.771  -12.164  -10.980   -3.547   -0.193    0.059    0.204
    1.023    1.274    2.084    5.076    5.102    5.363    5.516    6.938    7.603    7.986
    9.360   11.097   11.366   12.149   13.231   13.407   14.201   14.689   15.365   16.548
   17.182   17.518   18.108   18.352   18.720   19.140   20.064   21.183   21.962   22.431
            0.054367  0.094167  0.000000
  -71.661  -45.167  -45.167  -45.167  -45.167  -45.127  -45.127  -45.126  -45.126  -45.111
  -45.109  -35.875  -35.786  -35.772  -12.135  -10.965   -3.508   -0.279    0.000    0.232
    0.963    1.285    2.071    4.988    5.052    5.324    5.567    7.003    7.643    8.089
    9.417   11.226   11.421   12.044   13.260   13.499   14.009   14.731   15.356   16.540
   17.256   17.439   18.138   18.262   18.633   19.249   20.160   21.419   21.865   22.211
            0.061163  0.105938  0.000000
  -71.661  -45.167  -45.167  -45.167  -45.167  -45.127  -45.127  -45.126  -45.126  -45.111
  -45.109  -35.874  -35.790  -35.773  -12.101  -10.948   -3.465   -0.372   -0.062    0.262
    0.894    1.295    2.056    4.902    5.003    5.281    5.622    7.068    7.688    8.200
    9.484   11.329   11.513   11.942   13.286   13.593   13.826   14.771   15.335   16.525
   17.314   17.376   17.930   18.407   18.558   19.394   20.268   21.544   21.718   22.099
            0.067959  0.117709  0.000000
  -71.660  -45.167  -45.167  -45.167  -45.166  -45.127  -45.127  -45.126  -45.126  -45.111
  -45.109  -35.873  -35.795  -35.774  -12.064  -10.929   -3.418   -0.471   -0.127    0.295
    0.816    1.303    2.036    4.818    4.957    5.234    5.682    7.134    7.738    8.316
    9.559   11.399   11.644   11.844   13.310   13.656   13.685   14.813   15.298   16.509
   17.311   17.341   17.770   18.500   18.523   19.574   20.387   21.467   21.517   21.854
            0.074755  0.129480  0.000000
  -71.660  -45.167  -45.167  -45.167  -45.166  -45.127  -45.127  -45.126  -45.126  -45.111
  -45.109  -35.872  -35.800  -35.776  -12.024  -10.909   -3.366   -0.577   -0.193    0.330
    0.731    1.310    2.014    4.738    4.917    5.185    5.745    7.201    7.793    8.434
    9.644   11.452   11.751   11.791   13.331   13.501   13.772   14.858   15.245   16.501
   17.186   17.333   17.716   18.469   18.605   19.782   20.509   21.277   21.299   21.580
            0.081551  0.141251  0.000000
  -71.660  -45.167  -45.167  -45.167  -45.166  -45.127  -45.127  -45.126  -45.126  -45.111
  -45.109  -35.871  -35.806  -35.777  -11.980  -10.887   -3.310   -0.687   -0.261    0.366
    0.637    1.314    1.987    4.663    4.883    5.134    5.811    7.269    7.851    8.553
    9.737   11.501   11.664   11.935   13.349   13.366   13.848   14.911   15.173   16.509
   16.975   17.348   17.727   18.472   18.655   20.002   20.612   21.017   21.130   21.337
            0.088347  0.153021  0.000000
  -71.660  -45.167  -45.167  -45.167  -45.166  -45.127  -45.127  -45.126  -45.126  -45.111
  -45.109  -35.869  -35.812  -35.779  -11.932  -10.863   -3.250   -0.800   -0.329    0.404
    0.537    1.315    1.956    4.593    4.855    5.082    5.879    7.339    7.915    8.669
    9.839   11.548   11.584   12.062   13.260   13.361   13.910   14.970   15.088   16.536
   16.737   17.379   17.740   18.517   18.678   20.204   20.622   20.751   20.992   21.197
            0.095143  0.164792  0.000000
  -71.659  -45.167  -45.167  -45.166  -45.166  -45.127  -45.127  -45.126  -45.126  -45.111
  -45.109  -35.868  -35.818  -35.781  -11.882  -10.838   -3.187   -0.916   -0.398    0.430
    0.441    1.314    1.922    4.529    4.833    5.031    5.949    7.411    7.982    8.783
    9.946   11.513   11.593   12.160   13.193   13.368   13.958   14.994   15.033   16.500
   16.584   17.421   17.739   18.601   18.675   20.342   20.455   20.498   20.877   21.226
            0.101939  0.176563  0.000000
  -71.659  -45.167  -45.167  -45.166  -45.166  -45.127  -45.127  -45.126  -45.126  -45.111
  -45.109  -35.867  -35.825  -35.783  -11.829  -10.811   -3.121   -1.034   -0.467    0.318
    0.477    1.311    1.885    4.471    4.819    4.982    6.019    7.486    8.054    8.893
   10.055   11.454   11.636   12.216   13.174   13.369   13.991   14.897   15.086   16.283
   16.648   17.471   17.722   18.647   18.719   20.198   20.250   20.379   20.701   21.262
            0.108735  0.188334  0.000000
  -71.659  -45.167  -45.167  -45.166  -45.166  -45.127  -45.127  -45.126  -45.126  -45.111
  -45.109  -35.865  -35.832  -35.785  -11.772  -10.783   -3.051   -1.153   -0.535    0.202
    0.510    1.305    1.845    4.417    4.812    4.937    6.088    7.564    8.130    9.000
   10.160   11.411   11.674   12.229   13.205   13.362   14.012   14.802   15.106   16.114
   16.725   17.525   17.696   18.602   18.860   19.937   19.987   20.356   20.469   21.391
            0.115531  0.200105  0.000000
  -71.658  -45.167  -45.167  -45.166  -45.166  -45.127  -45.127  -45.127  -45.126  -45.111
  -45.109  -35.864  -35.838  -35.787  -11.714  -10.754   -2.979   -1.272   -0.604    0.084
    0.539    1.295    1.805    4.367    4.811    4.897    6.157    7.645    8.210    9.102
   10.254   11.389   11.704   12.214   13.270   13.349   14.020   14.716   15.059   16.026
   16.806   17.577   17.665   18.548   19.020   19.680   19.722   20.223   20.323   21.303
            0.122327  0.211876  0.000000
  -71.658  -45.167  -45.167  -45.166  -45.166  -45.127  -45.127  -45.127  -45.126  -45.111
  -45.109  -35.862  -35.845  -35.790  -11.652  -10.723   -2.906   -1.391   -0.673   -0.035
    0.562    1.283    1.766    4.322    4.817    4.864    6.224    7.729    8.293    9.200
   10.327   11.395   11.722   12.190   13.331   13.354   14.012   14.641   14.940   16.029
   16.882   17.624   17.632   18.501   19.192   19.432   19.459   19.981   20.292   21.096
            0.129122  0.223647  0.000000
  -71.658  -45.167  -45.167  -45.166  -45.165  -45.127  -45.127  -45.127  -45.126  -45.111
  -45.109  -35.861  -35.852  -35.792  -11.589  -10.692   -2.831   -1.508   -0.744   -0.153
    0.577    1.268    1.730    4.279    4.828    4.839    6.289    7.816    8.380    9.294
   10.372   11.434   11.724   12.172   13.310   13.442   13.980   14.581   14.787   16.093
   16.937   17.599   17.665   18.479   19.189   19.203   19.379   19.743   20.264   20.860
            0.135918  0.235418  0.000000
  -71.657  -45.167  -45.167  -45.166  -45.165  -45.127  -45.127  -45.127  -45.126  -45.111
  -45.109  -35.859  -35.859  -35.795  -11.523  -10.659   -2.755   -1.622   -0.816   -0.268
    0.582    1.249    1.698    4.239    4.823    4.845    6.351    7.906    8.470    9.384
   10.386   11.508   11.710   12.167   13.288   13.526   13.906   14.540   14.644   16.186
   16.951   17.566   17.707   18.493   18.938   18.981   19.515   19.566   20.236   20.621
            0.142714  0.247188  0.000000
  -71.657  -45.167  -45.167  -45.166  -45.165  -45.127  -45.127  -45.127  -45.126  -45.111
  -45.109  -35.866  -35.857  -35.798  -11.455  -10.625   -2.680   -1.733   -0.892   -0.378
    0.575    1.228    1.674    4.203    4.816    4.867    6.410    8.000    8.564    9.469
   10.373   11.610   11.684   12.175   13.267   13.602   13.779   14.518   14.542   16.288
   16.910   17.528   17.760   18.544   18.690   18.783   19.297   19.756   20.203   20.388
            0.149510  0.258959  0.000000
  -71.657  -45.167  -45.167  -45.165  -45.165  -45.127  -45.127  -45.127  -45.126  -45.111
  -45.109  -35.873  -35.856  -35.801  -11.386  -10.591   -2.607   -1.838   -0.973   -0.479
    0.554    1.203    1.658    4.171    4.817    4.894    6.465    8.097    8.660    9.545
   10.344   11.652   11.731   12.192   13.246   13.606   13.670   14.485   14.514   16.384
   16.817   17.482   17.824   18.448   18.616   18.618   19.097   19.924   20.169   20.175
            0.156306  0.270730  0.000000
  -71.656  -45.167  -45.167  -45.165  -45.165  -45.127  -45.127  -45.127  -45.126  -45.111
  -45.108  -35.880  -35.854  -35.804  -11.316  -10.556   -2.539   -1.934   -1.060   -0.571
    0.520    1.174    1.650    4.145    4.826    4.925    6.516    8.198    8.758    9.608
   10.310   11.621   11.860   12.214   13.220   13.419   13.733   14.457   14.525   16.468
   16.685   17.417   17.885   18.213   18.489   18.694   18.923   19.899   20.096   20.143
            0.163102  0.282501  0.000000
  -71.656  -45.167  -45.167  -45.165  -45.165  -45.128  -45.127  -45.127  -45.126  -45.111
  -45.108  -35.886  -35.853  -35.807  -11.244  -10.521   -2.483   -2.015   -1.154   -0.650
    0.472    1.143    1.649    4.126    4.840    4.959    6.562    8.301    8.859    9.649
   10.283   11.593   11.985   12.239   13.136   13.295   13.793   14.445   14.548   16.527
   16.530   17.328   17.920   17.987   18.404   18.737   18.804   19.711   20.018   20.143
            0.169898  0.294272  0.000000
  -71.656  -45.167  -45.167  -45.165  -45.165  -45.128  -45.127  -45.127  -45.126  -45.110
  -45.108  -35.892  -35.851  -35.810  -11.172  -10.486   -2.450   -2.070   -1.255   -0.717
    0.412    1.109    1.655    4.115    4.860    4.995    6.604    8.408    8.962    9.658
   10.279   11.572   12.084   12.265   12.983   13.274   13.854   14.439   14.579   16.354
   16.566   17.219   17.771   17.905   18.350   18.699   18.786   19.524   19.897   20.185
            0.176694  0.306043  0.000000
  -71.656  -45.167  -45.167  -45.165  -45.165  -45.128  -45.127  -45.127  -45.126  -45.110
  -45.108  -35.898  -35.849  -35.813  -11.100  -10.450   -2.455   -2.084   -1.361   -0.773
    0.342    1.071    1.666    4.113    4.883    5.034    6.642    8.517    9.067    9.630
   10.304   11.559   12.120   12.292   12.874   13.282   13.918   14.435   14.615   16.173
   16.563   17.105   17.570   17.830   18.303   18.696   18.749   19.349   19.803   20.278
            0.183490  0.317814  0.000000
  -71.655  -45.167  -45.167  -45.165  -45.165  -45.128  -45.127  -45.127  -45.126  -45.110
  -45.108  -35.904  -35.848  -35.817  -11.027  -10.414   -2.497   -2.057   -1.469   -0.820
    0.264    1.031    1.680    4.121    4.908    5.074    6.675    8.629    9.173    9.570
   10.356   11.554   12.060   12.322   12.862   13.304   13.985   14.431   14.653   15.988
   16.508   17.000   17.396   17.709   18.240   18.663   18.744   19.183   19.765   20.409
            0.190286  0.329585  0.000000
  -71.655  -45.167  -45.167  -45.165  -45.164  -45.128  -45.127  -45.127  -45.126  -45.110
  -45.108  -35.909  -35.846  -35.821  -10.955  -10.379   -2.558   -2.008   -1.579   -0.858
    0.179    0.988    1.696    4.140    4.933    5.114    6.705    8.743    9.281    9.488
   10.424   11.558   11.922   12.356   12.929   13.340   14.055   14.426   14.692   15.802
   16.400   16.891   17.270   17.567   18.147   18.546   18.817   19.021   19.791   20.550
            0.197082  0.341355  0.000000
  -71.655  -45.167  -45.166  -45.165  -45.164  -45.128  -45.127  -45.127  -45.126  -45.110
  -45.108  -35.914  -35.845  -35.824  -10.883  -10.344   -2.625   -1.950   -1.688   -0.889
    0.088    0.942    1.714    4.168    4.959    5.154    6.732    8.856    9.390    9.396
   10.500   11.572   11.755   12.394   13.028   13.391   14.124   14.419   14.733   15.617
   16.255   16.754   17.209   17.416   18.029   18.406   18.859   18.902   19.872   20.666
            0.203878  0.353126  0.000000
  -71.654  -45.167  -45.166  -45.165  -45.164  -45.128  -45.127  -45.127  -45.126  -45.110
  -45.108  -35.919  -35.843  -35.828  -10.812  -10.309   -2.692   -1.889   -1.796   -0.913
   -0.008    0.894    1.734    4.205    4.982    5.193    6.756    8.963    9.305    9.499
   10.572   11.591   11.594   12.438   13.128   13.462   14.190   14.411   14.777   15.438
   16.092   16.591   17.191   17.265   17.899   18.252   18.700   18.989   19.987   20.713
            0.210673  0.364897  0.000000
  -71.654  -45.167  -45.166  -45.164  -45.164  -45.128  -45.128  -45.127  -45.126  -45.110
  -45.108  -35.923  -35.842  -35.832  -10.743  -10.275   -2.755   -1.901   -1.829   -0.931
   -0.107    0.845    1.755    4.250    5.004    5.229    6.778    9.032    9.250    9.610
   10.627   11.453   11.625   12.489   13.214   13.555   14.245   14.404   14.826   15.266
   15.923   16.418   17.117   17.185   17.773   18.091   18.545   19.071   20.112   20.685
            0.217469  0.376668  0.000000
  -71.654  -45.167  -45.166  -45.164  -45.164  -45.128  -45.128  -45.127  -45.126  -45.110
  -45.108  -35.927  -35.841  -35.836  -10.675  -10.242   -2.813   -2.002   -1.771   -0.945
   -0.208    0.793    1.779    4.301    5.024    5.263    6.800    8.999    9.298    9.720
   10.643   11.366   11.664   12.547   13.282   13.668   14.282   14.396   14.876   15.113
   15.755   16.244   16.974   17.161   17.672   17.927   18.398   19.141   20.220   20.619
            0.224265  0.388439  0.000000
  -71.654  -45.167  -45.166  -45.164  -45.164  -45.128  -45.128  -45.127  -45.126  -45.110
  -45.108  -35.930  -35.840  -35.840  -10.610  -10.210   -2.865   -2.099   -1.718   -0.953
   -0.312    0.740    1.805    4.353    5.044    5.292    6.823    8.910    9.403    9.831
   10.604   11.352   11.711   12.612   13.335   13.791   14.296   14.389   14.881   15.032
   15.595   16.073   16.838   17.098   17.612   17.763   18.265   19.193   20.281   20.549
            0.231061  0.400210  0.000000
  -71.653  -45.167  -45.166  -45.164  -45.164  -45.128  -45.128  -45.127  -45.126  -45.110
  -45.108  -35.933  -35.844  -35.838  -10.547  -10.180   -2.909   -2.191   -1.668   -0.957
   -0.416    0.686    1.835    4.403    5.065    5.317    6.846    8.812    9.518    9.942
   10.520   11.402   11.765   12.685   13.375   13.916   14.278   14.379   14.785   15.084
   15.449   15.908   16.710   16.995   17.582   17.601   18.156   19.221   20.278   20.492
            0.237857  0.411981  0.000000
  -71.653  -45.167  -45.166  -45.164  -45.164  -45.128  -45.128  -45.127  -45.126  -45.110
  -45.108  -35.935  -35.849  -35.837  -10.487  -10.150   -2.946   -2.277   -1.624   -0.957
   -0.522    0.632    1.868    4.445    5.091    5.336    6.872    8.713    9.626   10.052
   10.424   11.493   11.825   12.764   13.406   14.034   14.225   14.367   14.690   15.172
   15.323   15.751   16.588   16.872   17.445   17.551   18.087   19.219   20.219   20.453
            0.244653  0.423752  0.000000
  -71.653  -45.167  -45.166  -45.164  -45.164  -45.128  -45.128  -45.127  -45.126  -45.110
  -45.108  -35.937  -35.853  -35.836  -10.430  -10.122   -2.975   -2.359   -1.586   -0.954
   -0.626    0.577    1.906    4.473    5.126    5.350    6.900    8.620    9.710   10.161
   10.349   11.608   11.891   12.849   13.428   14.126   14.140   14.361   14.619   15.221
   15.270   15.606   16.473   16.744   17.296   17.492   18.069   19.187   20.129   20.430
            0.251449  0.435522  0.000000
  -71.653  -45.167  -45.166  -45.164  -45.164  -45.128  -45.128  -45.127  -45.127  -45.110
  -45.108  -35.938  -35.857  -35.835  -10.376  -10.096   -2.995   -2.434   -1.555   -0.947
   -0.730    0.523    1.947    4.483    5.175    5.359    6.931    8.531    9.741   10.268
   10.333   11.737   11.961   12.939   13.442   14.034   14.146   14.398   14.569   15.143
   15.367   15.478   16.367   16.621   17.156   17.404   18.094   19.128   20.027   20.414
            0.258245  0.447293  0.000000
  -71.652  -45.166  -45.166  -45.164  -45.164  -45.128  -45.128  -45.127  -45.127  -45.110
  -45.108  -35.939  -35.862  -35.834  -10.327  -10.072   -3.006   -2.503   -1.530   -0.938
   -0.831    0.470    1.993    4.473    5.236    5.362    6.964    8.450    9.705   10.374
   10.391   11.874   12.033   13.032   13.448   13.920   14.088   14.481   14.534   15.078
   15.377   15.455   16.269   16.511   17.028   17.299   18.146   19.051   19.925   20.392
            0.265041  0.459064  0.000000
  -71.652  -45.166  -45.166  -45.164  -45.164  -45.128  -45.128  -45.127  -45.127  -45.110
  -45.107  -35.939  -35.866  -35.834  -10.281  -10.049   -3.009   -2.566   -1.515   -0.927
   -0.926    0.418    2.042    4.445    5.309    5.359    7.000    8.377    9.625   10.477
   10.503   12.018   12.106   13.125   13.447   13.807   13.991   14.511   14.573   15.007
   15.319   15.524   16.185   16.420   16.915   17.188   18.208   18.960   19.832   20.351
            0.271837  0.470835  0.000000
  -71.652  -45.166  -45.166  -45.164  -45.164  -45.128  -45.128  -45.127  -45.127  -45.110
  -45.107  -35.939  -35.870  -35.833  -10.240  -10.029   -3.003   -2.623   -1.509   -1.016
   -0.912    0.368    2.093    4.402    5.353    5.389    7.038    8.312    9.527   10.576
   10.644   12.165   12.177   13.215   13.440   13.704   13.876   14.500   14.651   14.921
   15.307   15.560   16.120   16.350   16.819   17.078   18.273   18.864   19.751   20.288
            0.278633  0.482606  0.000000
  -71.652  -45.166  -45.165  -45.164  -45.164  -45.128  -45.128  -45.127  -45.127  -45.110
  -45.107  -35.939  -35.875  -35.832  -10.204  -10.011   -2.989   -2.673   -1.518   -1.094
   -0.898    0.321    2.147    4.349    5.343    5.473    7.076    8.257    9.424   10.671
   10.800   12.243   12.311   13.293   13.428   13.621   13.754   14.502   14.703   14.828
   15.334   15.551   16.077   16.305   16.745   16.972   18.335   18.768   19.688   20.206
            0.285429  0.494377  0.000000
  -71.652  -45.166  -45.165  -45.164  -45.164  -45.128  -45.128  -45.127  -45.127  -45.110
  -45.107  -35.937  -35.879  -35.832  -10.172   -9.995   -2.967   -2.717   -1.543   -1.156
   -0.883    0.277    2.201    4.289    5.331    5.556    7.114    8.212    9.321   10.760
   10.966   12.301   12.451   13.337   13.412   13.585   13.633   14.520   14.717   14.740
   15.394   15.501   16.045   16.281   16.696   16.872   18.389   18.678   19.645   20.112
            0.292224  0.506148  0.000000
  -71.652  -45.166  -45.165  -45.164  -45.164  -45.128  -45.128  -45.127  -45.127  -45.110
  -45.107  -35.936  -35.883  -35.831  -10.144   -9.981   -2.938   -2.754   -1.585   -1.200
   -0.868    0.238    2.254    4.228    5.317    5.635    7.150    8.179    9.222   10.842
   11.137   12.349   12.577   13.321   13.393   13.525   13.620   14.553   14.646   14.707
   15.424   15.481   16.006   16.273   16.671   16.780   18.434   18.602   19.621   20.015
            0.299020  0.517919  0.000000
  -71.652  -45.166  -45.165  -45.164  -45.164  -45.128  -45.128  -45.127  -45.127  -45.110
  -45.107  -35.934  -35.887  -35.831  -10.121   -9.969   -2.904   -2.785   -1.641   -1.228
   -0.853    0.203    2.304    4.167    5.303    5.707    7.184    8.159    9.128   10.915
   11.309   12.385   12.677   13.274   13.346   13.468   13.701   14.565   14.599   14.667
   15.335   15.585   15.948   16.274   16.663   16.696   18.470   18.544   19.615   19.919
            0.305816  0.529689  0.000000
  -71.652  -45.166  -45.165  -45.164  -45.164  -45.129  -45.128  -45.127  -45.127  -45.110
  -45.107  -35.932  -35.891  -35.831  -10.103   -9.960   -2.866   -2.810   -1.703   -1.245
   -0.841    0.174    2.349    4.111    5.289    5.768    7.214    8.151    9.040   10.977
   11.477   12.412   12.739   13.224   13.258   13.489   13.801   14.490   14.613   14.647
   15.251   15.698   15.871   16.278   16.619   16.662   18.499   18.509   19.612   19.795
            0.312612  0.541460  0.000000
  -71.652  -45.166  -45.165  -45.164  -45.164  -45.129  -45.128  -45.127  -45.127  -45.110
  -45.107  -35.930  -35.895  -35.830  -10.089   -9.953   -2.828   -2.828   -1.763   -1.255
   -0.831    0.151    2.387    4.063    5.277    5.818    7.239    8.155    8.961   11.027
   11.632   12.431   12.764   13.165   13.179   13.555   13.910   14.422   14.555   14.683
   15.189   15.781   15.811   16.282   16.545   16.660   18.495   18.523   19.515   19.676
            0.319408  0.553231  0.000000
  -71.652  -45.166  -45.165  -45.165  -45.165  -45.129  -45.128  -45.127  -45.127  -45.110
  -45.107  -35.928  -35.898  -35.830  -10.079   -9.948   -2.841   -2.793   -1.815   -1.261
   -0.824    0.134    2.416    4.027    5.267    5.853    7.258    8.168    8.895   11.063
   11.762   12.445   12.773   13.075   13.142   13.640   14.020   14.368   14.497   14.683
   15.168   15.688   15.916   16.289   16.471   16.655   18.498   18.541   19.350   19.680
            0.326204  0.565002  0.000000
  -71.652  -45.166  -45.165  -45.165  -45.165  -45.129  -45.128  -45.127  -45.127  -45.110
  -45.107  -35.926  -35.901  -35.830  -10.074   -9.945   -2.849   -2.768   -1.850   -1.265
   -0.819    0.124    2.435    4.003    5.261    5.874    7.270    8.183    8.848   11.084
   11.850   12.454   12.794   12.990   13.118   13.713   14.113   14.345   14.439   14.653
   15.182   15.609   16.000   16.303   16.397   16.648   18.508   18.550   19.241   19.640
            0.333000  0.576773  0.000000
  -71.652  -45.166  -45.165  -45.165  -45.165  -45.129  -45.128  -45.127  -45.127  -45.110
  -45.107  -35.925  -35.901  -35.830  -10.072   -9.944   -2.852   -2.758   -1.864   -1.266
   -0.818    0.121    2.441    3.995    5.258    5.882    7.274    8.191    8.829   11.092
   11.882   12.458   12.829   12.931   13.109   13.743   14.156   14.372   14.382   14.632
   15.196   15.573   16.039   16.331   16.338   16.644   18.514   18.550   19.203   19.625
            0.338759  0.566839  0.000000
  -71.652  -45.166  -45.165  -45.165  -45.165  -45.129  -45.128  -45.127  -45.127  -45.110
  -45.107  -35.926  -35.901  -35.830  -10.073   -9.944   -2.850   -2.766   -1.854   -1.265
   -0.819    0.123    2.437    4.001    5.260    5.877    7.271    8.184    8.843   11.087
   11.863   12.455   12.786   12.987   13.115   13.725   14.124   14.323   14.448   14.646
   15.190   15.597   16.007   16.322   16.374   16.648   18.509   18.554   19.225   19.634
            0.344517  0.556904  0.000000
  -71.652  -45.166  -45.165  -45.165  -45.165  -45.129  -45.128  -45.127  -45.127  -45.110
  -45.107  -35.927  -35.899  -35.830  -10.077   -9.946   -2.845   -2.787   -1.827   -1.261
   -0.821    0.129    2.425    4.017    5.266    5.864    7.262    8.161    8.886   11.075
   11.815   12.444   12.715   13.090   13.134   13.684   14.042   14.266   14.543   14.666
   15.197   15.652   15.928   16.349   16.420   16.663   18.493   18.569   19.279   19.655
            0.350276  0.546970  0.000000
  -71.652  -45.166  -45.165  -45.164  -45.164  -45.129  -45.128  -45.127  -45.127  -45.110
  -45.107  -35.929  -35.896  -35.830  -10.082   -9.949   -2.838   -2.820   -1.786   -1.252
   -0.824    0.138    2.406    4.041    5.276    5.844    7.246    8.124    8.955   11.056
   11.748   12.427   12.638   13.160   13.197   13.638   13.934   14.204   14.649   14.660
   15.247   15.719   15.827   16.399   16.468   16.691   18.468   18.603   19.351   19.679
            0.356034  0.537035  0.000000
  -71.652  -45.166  -45.165  -45.164  -45.164  -45.129  -45.128  -45.127  -45.127  -45.110
  -45.107  -35.932  -35.893  -35.830  -10.090   -9.953   -2.863   -2.828   -1.737   -1.236
   -0.828    0.151    2.383    4.074    5.290    5.818    7.224    8.076    9.044   11.033
   11.669   12.402   12.560   13.183   13.278   13.609   13.819   14.139   14.624   14.759
   15.339   15.721   15.788   16.461   16.522   16.736   18.437   18.656   19.425   19.686
            0.361793  0.527101  0.000000
  -71.652  -45.166  -45.165  -45.164  -45.164  -45.129  -45.128  -45.127  -45.127  -45.110
  -45.107  -35.934  -35.889  -35.831  -10.099   -9.958   -2.913   -2.817   -1.686   -1.209
   -0.832    0.165    2.355    4.113    5.310    5.788    7.196    8.021    9.149   11.006
   11.582   12.372   12.482   13.184   13.295   13.628   13.721   14.075   14.573   14.867
   15.456   15.619   15.857   16.518   16.598   16.799   18.405   18.725   19.472   19.729
            0.367552  0.517166  0.000000
  -71.652  -45.166  -45.165  -45.164  -45.164  -45.128  -45.128  -45.127  -45.127  -45.110
  -45.107  -35.937  -35.885  -35.831  -10.109   -9.964   -2.967   -2.803   -1.639   -1.168
   -0.835    0.181    2.325    4.157    5.334    5.753    7.163    7.961    9.267   10.976
   11.491   12.338   12.403   13.131   13.251   13.670   13.671   14.027   14.522   14.973
   15.529   15.576   15.932   16.562   16.705   16.879   18.375   18.808   19.479   19.771
            0.373310  0.507232  0.000000
  -71.652  -45.166  -45.165  -45.164  -45.164  -45.128  -45.128  -45.127  -45.127  -45.110
  -45.107  -35.940  -35.881  -35.831  -10.121   -9.971   -3.024   -2.789   -1.602   -1.107
   -0.837    0.198    2.293    4.204    5.364    5.716    7.123    7.898    9.394   10.945
   11.397   12.301   12.324   13.018   13.178   13.672   13.679   14.018   14.480   15.076
   15.459   15.676   16.028   16.602   16.835   16.973   18.350   18.898   19.464   19.807
            0.379069  0.497298  0.000000
  -71.652  -45.166  -45.165  -45.164  -45.164  -45.128  -45.128  -45.127  -45.127  -45.110
  -45.107  -35.943  -35.877  -35.831  -10.133   -9.978   -3.082   -2.773   -1.577   -1.028
   -0.838    0.215    2.261    4.254    5.399    5.676    7.079    7.833    9.529   10.913
   11.301   12.244   12.263   12.863   13.093   13.632   13.703   14.049   14.455   15.167
   15.421   15.744   16.156   16.643   16.983   17.075   18.336   18.988   19.442   19.848
            0.384828  0.487363  0.000000
  -71.652  -45.166  -45.166  -45.164  -45.164  -45.128  -45.128  -45.127  -45.127  -45.110
  -45.107  -35.946  -35.873  -35.831  -10.147   -9.986   -3.141   -2.757   -1.562   -0.933
   -0.836    0.232    2.228    4.305    5.440    5.635    7.029    7.767    9.668   10.879
   11.205   12.165   12.223   12.687   13.001   13.556   13.738   14.088   14.455   15.213
   15.451   15.784   16.311   16.686   17.147   17.181   18.336   19.070   19.421   19.894
            0.390586  0.477429  0.000000
  -71.652  -45.166  -45.166  -45.164  -45.164  -45.128  -45.128  -45.127  -45.127  -45.110
  -45.107  -35.948  -35.868  -35.832  -10.161   -9.994   -3.199   -2.741   -1.556   -0.833
   -0.824    0.249    2.196    4.356    5.487    5.593    6.976    7.701    9.809   10.846
   11.111   12.085   12.182   12.500   12.905   13.471   13.761   14.118   14.484   15.206
   15.557   15.808   16.480   16.733   17.285   17.323   18.355   19.130   19.414   19.944
            0.396345  0.467494  0.000000
  -71.652  -45.167  -45.166  -45.164  -45.164  -45.128  -45.128  -45.127  -45.127  -45.110
  -45.107  -35.951  -35.864  -35.832  -10.176  -10.003   -3.257   -2.725   -1.556   -0.827
   -0.706    0.265    2.165    4.406    5.539    5.551    6.920    7.634    9.948   10.812
   11.021   12.006   12.139   12.311   12.808   13.384   13.767   14.134   14.543   15.179
   15.701   15.824   16.654   16.787   17.386   17.510   18.397   19.151   19.432   19.999
            0.402103  0.457560  0.000000
  -71.652  -45.167  -45.166  -45.164  -45.164  -45.128  -45.128  -45.127  -45.127  -45.110
  -45.107  -35.954  -35.860  -35.832  -10.190  -10.011   -3.312   -2.709   -1.560   -0.818
   -0.580    0.280    2.135    4.455    5.510    5.597    6.861    7.567   10.080   10.777
   10.941   11.927   12.069   12.147   12.712   13.300   13.759   14.136   14.625   15.147
   15.839   15.864   16.823   16.847   17.483   17.703   18.466   19.135   19.476   20.058
            0.407862  0.447626  0.000000
  -71.652  -45.167  -45.166  -45.164  -45.164  -45.128  -45.128  -45.127  -45.126  -45.110
  -45.107  -35.956  -35.855  -35.833  -10.205  -10.020   -3.366   -2.694   -1.567   -0.806
   -0.449    0.293    2.107    4.502    5.469    5.659    6.800    7.501   10.192   10.741
   10.881   11.849   11.901   12.082   12.619   13.223   13.740   14.127   14.723   15.112
   15.856   16.036   16.916   16.976   17.586   17.900   18.562   19.097   19.530   20.121
            0.413621  0.437691  0.000000
  -71.652  -45.167  -45.166  -45.164  -45.164  -45.128  -45.128  -45.127  -45.126  -45.110
  -45.107  -35.958  -35.851  -35.833  -10.220  -10.029   -3.418   -2.680   -1.575   -0.792
   -0.315    0.305    2.079    4.547    5.430    5.727    6.737    7.436   10.263   10.704
   10.863   11.713   11.774   12.042   12.530   13.151   13.715   14.111   14.828   15.073
   15.880   16.210   16.996   17.099   17.707   18.095   18.682   19.051   19.586   20.187
            0.419379  0.427757  0.000000
  -71.652  -45.167  -45.166  -45.164  -45.164  -45.128  -45.128  -45.127  -45.126  -45.110
  -45.107  -35.961  -35.847  -35.833  -10.235  -10.037   -3.468   -2.667   -1.585   -0.776
   -0.178    0.315    2.052    4.588    5.393    5.800    6.675    7.371   10.274   10.664
   10.905   11.529   11.701   12.006   12.448   13.086   13.687   14.091   14.933   15.030
   15.917   16.380   17.090   17.184   17.858   18.277   18.821   19.009   19.643   20.254
            0.425138  0.417822  0.000000
  -71.652  -45.167  -45.166  -45.164  -45.164  -45.128  -45.128  -45.127  -45.126  -45.110
  -45.107  -35.963  -35.844  -35.833  -10.249  -10.046   -3.514   -2.654   -1.596   -0.757
   -0.040    0.323    2.026    4.626    5.357    5.877    6.613    7.307   10.231   10.619
   10.997   11.353   11.635   11.973   12.372   13.027   13.659   14.069   14.983   15.029
   15.970   16.536   17.202   17.237   18.037   18.422   18.974   18.996   19.704   20.324
            0.430897  0.407888  0.000000
  -71.652  -45.167  -45.166  -45.164  -45.163  -45.128  -45.128  -45.127  -45.126  -45.110
  -45.107  -35.965  -35.840  -35.834  -10.262  -10.054   -3.558   -2.643   -1.607   -0.736
    0.098    0.329    2.000    4.660    5.324    5.957    6.553    7.245   10.159   10.565
   11.112   11.190   11.581   11.942   12.305   12.974   13.631   14.045   14.932   15.111
   16.046   16.672   17.265   17.336   18.238   18.494   19.049   19.136   19.772   20.396
            0.436655  0.397954  0.000000
  -71.652  -45.167  -45.166  -45.164  -45.163  -45.128  -45.128  -45.127  -45.126  -45.110
  -45.107  -35.967  -35.836  -35.834  -10.275  -10.062   -3.599   -2.634   -1.618   -0.713
    0.236    0.333    1.974    4.690    5.294    6.040    6.495    7.184   10.074   10.497
   11.049   11.219   11.551   11.912   12.245   12.928   13.604   14.021   14.876   15.176
   16.146   16.786   17.279   17.490   18.452   18.487   19.175   19.303   19.851   20.468
            0.442414  0.388019  0.000000
  -71.652  -45.167  -45.166  -45.164  -45.163  -45.128  -45.128  -45.127  -45.126  -45.110
  -45.107  -35.968  -35.834  -35.833  -10.288  -10.069   -3.637   -2.625   -1.628   -0.689
    0.336    0.373    1.947    4.716    5.267    6.123    6.442    7.126    9.985   10.410
   10.934   11.278   11.579   11.885   12.195   12.888   13.578   13.998   14.816   15.223
   16.270   16.877   17.285   17.657   18.441   18.675   19.336   19.468   19.946   20.539
            0.448172  0.378085  0.000000
  -71.652  -45.167  -45.166  -45.164  -45.163  -45.128  -45.128  -45.127  -45.126  -45.110
  -45.108  -35.970  -35.834  -35.830  -10.299  -10.076   -3.671   -2.618   -1.639   -0.665
    0.337    0.507    1.918    4.738    5.243    6.201    6.397    7.069    9.897   10.303
   10.848   11.277   11.670   11.861   12.154   12.855   13.555   13.976   14.752   15.255
   16.412   16.950   17.287   17.819   18.395   18.904   19.501   19.623   20.060   20.515
            0.453931  0.368150  0.000000
  -71.653  -45.167  -45.167  -45.163  -45.163  -45.128  -45.128  -45.127  -45.126  -45.110
  -45.108  -35.971  -35.835  -35.828  -10.310  -10.082   -3.702   -2.611   -1.648   -0.640
    0.337    0.638    1.887    4.755    5.222    6.254    6.382    7.016    9.813   10.182
   10.787   11.249   11.782   11.838   12.127   12.830   13.534   13.956   14.683   15.276
   16.570   17.009   17.287   17.939   18.393   19.134   19.657   19.751   20.192   20.361
            0.459690  0.358216  0.000000
  -71.653  -45.167  -45.167  -45.163  -45.163  -45.128  -45.128  -45.127  -45.126  -45.110
  -45.108  -35.973  -35.835  -35.825  -10.319  -10.088   -3.730   -2.606   -1.657   -0.616
    0.336    0.764    1.854    4.768    5.205    6.250    6.427    6.967    9.735   10.055
   10.743   11.215   11.818   11.877   12.128   12.813   13.515   13.937   14.611   15.289
   16.736   17.056   17.289   17.974   18.482   19.360   19.800   19.808   20.256   20.335
            0.465448  0.348282  0.000000
  -71.653  -45.167  -45.167  -45.163  -45.163  -45.128  -45.128  -45.127  -45.126  -45.110
  -45.108  -35.974  -35.835  -35.823  -10.327  -10.093   -3.754   -2.601   -1.665   -0.594
    0.333    0.886    1.817    4.778    5.191    6.220    6.498    6.922    9.665    9.932
   10.711   11.182   11.801   11.926   12.173   12.807   13.499   13.921   14.536   15.296
   16.903   17.093   17.299   17.945   18.638   19.545   19.779   19.929   20.257   20.468
            0.471207  0.338347  0.000000
  -71.653  -45.168  -45.167  -45.163  -45.163  -45.128  -45.128  -45.127  -45.126  -45.110
  -45.108  -35.975  -35.835  -35.821  -10.334  -10.097   -3.774   -2.598   -1.673   -0.573
    0.331    1.002    1.776    4.785    5.180    6.189    6.571    6.882    9.603    9.816
   10.687   11.153   11.786   11.934   12.248   12.815   13.485   13.907   14.461   15.300
   17.051   17.122   17.331   17.897   18.816   19.502   19.893   20.045   20.314   20.573
            0.476966  0.328413  0.000000
  -71.653  -45.168  -45.167  -45.163  -45.163  -45.128  -45.128  -45.127  -45.126  -45.110
  -45.108  -35.975  -35.835  -35.820  -10.340  -10.101   -3.791   -2.595   -1.678   -0.555
    0.328    1.112    1.729    4.789    5.171    6.162    6.638    6.848    9.552    9.715
   10.670   11.129   11.774   11.927   12.320   12.838   13.474   13.895   14.388   15.302
   17.142   17.146   17.419   17.849   18.992   19.334   20.101   20.142   20.375   20.653
            0.482724  0.318478  0.000000
  -71.653  -45.168  -45.167  -45.163  -45.163  -45.128  -45.128  -45.127  -45.126  -45.110
  -45.108  -35.976  -35.835  -35.818  -10.345  -10.104   -3.804   -2.593   -1.683   -0.540
    0.325    1.215    1.677    4.792    5.165    6.139    6.694    6.821    9.512    9.630
   10.657   11.110   11.764   11.918   12.374   12.873   13.465   13.886   14.321   15.302
   17.156   17.182   17.559   17.809   19.153   19.153   20.208   20.308   20.423   20.737
            0.488483  0.308544  0.000000
  -71.653  -45.168  -45.167  -45.163  -45.163  -45.128  -45.128  -45.127  -45.126  -45.110
  -45.108  -35.976  -35.835  -35.818  -10.348  -10.106   -3.814   -2.592   -1.686   -0.529
    0.323    1.310    1.619    4.793    5.161    6.123    6.737    6.801    9.483    9.567
   10.648   11.096   11.757   11.910   12.409   12.912   13.459   13.879   14.265   15.302
   17.164   17.195   17.708   17.780   18.986   19.285   20.239   20.450   20.498   20.847
            0.494241  0.298610  0.000000
  -71.653  -45.168  -45.167  -45.163  -45.163  -45.128  -45.128  -45.127  -45.126  -45.110
  -45.108  -35.977  -35.835  -35.817  -10.350  -10.107   -3.820   -2.591   -1.688   -0.522
    0.321    1.397    1.554    4.794    5.158    6.113    6.765    6.789    9.465    9.528
   10.643   11.087   11.753   11.905   12.426   12.943   13.455   13.875   14.228   15.302
   17.168   17.199   17.762   17.827   18.858   19.375   20.246   20.472   20.631   20.975
            0.500000  0.288675  0.000000
  -71.653  -45.168  -45.167  -45.163  -45.163  -45.128  -45.128  -45.127  -45.126  -45.110
  -45.108  -35.977  -35.835  -35.817  -10.351  -10.108   -3.821   -2.590   -1.689   -0.520
    0.321    1.462    1.497    4.794    5.158    6.110    6.774    6.785    9.459    9.514
   10.641   11.085   11.752   11.903   12.432   12.955   13.454   13.874   14.215   15.302
   17.170   17.201   17.756   17.874   18.807   19.407   20.245   20.479   20.683   21.061
            0.489796  0.282784  0.000000
  -71.653  -45.168  -45.167  -45.163  -45.163  -45.128  -45.128  -45.127  -45.126  -45.110
  -45.108  -35.976  -35.836  -35.817  -10.354  -10.109   -3.817   -2.587   -1.690   -0.519
    0.321    1.459    1.496    4.793    5.153    6.108    6.773    6.796    9.454    9.513
   10.638   11.080   11.754   11.889   12.460   12.960   13.460   13.841   14.253   15.300
   17.160   17.204   17.760   17.871   18.814   19.407   20.242   20.465   20.672   21.053
            0.479592  0.276892  0.000000
  -71.653  -45.168  -45.167  -45.163  -45.163  -45.128  -45.128  -45.127  -45.126  -45.110
  -45.108  -35.976  -35.836  -35.817  -10.362  -10.112   -3.806   -2.578   -1.691   -0.515
    0.323    1.451    1.493    4.790    5.138    6.102    6.771    6.829    9.440    9.510
   10.628   11.064   11.761   11.858   12.534   12.976   13.476   13.769   14.341   15.295
   17.133   17.216   17.770   17.862   18.834   19.407   20.230   20.425   20.641   21.030
            0.469388  0.271001  0.000000
  -71.653  -45.168  -45.167  -45.163  -45.163  -45.128  -45.128  -45.127  -45.126  -45.110
  -45.108  -35.975  -35.836  -35.816  -10.375  -10.118   -3.786   -2.562   -1.694   -0.508
    0.326    1.438    1.487    4.785    5.115    6.093    6.768    6.882    9.417    9.504
   10.611   11.036   11.774   11.827   12.635   13.003   13.502   13.689   14.450   15.287
   17.090   17.235   17.783   17.846   18.865   19.407   20.207   20.358   20.596   20.999
            0.459184  0.265110  0.000000
  -71.653  -45.168  -45.167  -45.163  -45.163  -45.128  -45.128  -45.127  -45.126  -45.110
  -45.108  -35.973  -35.836  -35.816  -10.394  -10.127   -3.759   -2.541   -1.699   -0.499
    0.331    1.420    1.480    4.778    5.085    6.079    6.764    6.953    9.386    9.497
   10.587   10.992   11.793   11.809   12.751   13.040   13.536   13.613   14.568   15.279
   17.035   17.263   17.797   17.823   18.903   19.405   20.169   20.269   20.541   20.968
            0.448980  0.259218  0.000000
  -71.653  -45.168  -45.167  -45.163  -45.163  -45.128  -45.128  -45.127  -45.126  -45.110
  -45.108  -35.971  -35.837  -35.816  -10.418  -10.137   -3.724   -2.513   -1.705   -0.488
    0.336    1.399    1.470    4.770    5.050    6.062    6.758    7.040    9.348    9.488
   10.556   10.934   11.807   11.818   12.868   13.088   13.553   13.575   14.690   15.271
   16.969   17.299   17.793   17.809   18.943   19.399   20.115   20.168   20.478   20.928
            0.438776  0.253327  0.000000
  -71.653  -45.168  -45.167  -45.164  -45.163  -45.128  -45.128  -45.127  -45.126  -45.110
  -45.108  -35.969  -35.837  -35.815  -10.447  -10.150   -3.683   -2.480   -1.712   -0.474
    0.344    1.375    1.459    4.760    5.011    6.041    6.751    7.141    9.305    9.478
   10.521   10.865   11.819   11.850   12.976   13.145   13.520   13.617   14.814   15.267
   16.896   17.344   17.757   17.817   18.976   19.386   20.048   20.066   20.408   20.833
            0.428571  0.247436  0.000000
  -71.653  -45.168  -45.167  -45.164  -45.163  -45.128  -45.128  -45.127  -45.126  -45.110
  -45.108  -35.966  -35.838  -35.814  -10.480  -10.165   -3.634   -2.441   -1.722   -0.458
    0.352    1.350    1.445    4.750    4.969    6.016    6.742    7.253    9.257    9.467
   10.481   10.788   11.839   11.888   13.059   13.211   13.531   13.658   14.937   15.269
   16.818   17.398   17.714   17.818   18.989   19.363   19.973   19.979   20.334   20.730
            0.418367  0.241545  0.000000
  -71.653  -45.168  -45.167  -45.164  -45.163  -45.128  -45.128  -45.127  -45.126  -45.110
  -45.108  -35.963  -35.838  -35.814  -10.517  -10.182   -3.579   -2.396   -1.735   -0.439
    0.362    1.324    1.428    4.739    4.925    5.987    6.733    7.373    9.207    9.455
   10.439   10.707   11.862   11.931   13.105   13.286   13.597   13.695   15.058   15.281
   16.735   17.459   17.663   17.813   18.968   19.324   19.897   19.918   20.260   20.628
            0.408163  0.235653  0.000000
  -71.653  -45.168  -45.167  -45.164  -45.163  -45.128  -45.128  -45.127  -45.126  -45.110
  -45.108  -35.960  -35.839  -35.813  -10.558  -10.200   -3.519   -2.346   -1.750   -0.418
    0.373    1.299    1.409    4.728    4.881    5.955    6.721    7.500    9.153    9.441
   10.397   10.626   11.882   11.979   13.129   13.369   13.705   13.726   15.175   15.307
   16.650   17.525   17.605   17.803   18.904   19.263   19.827   19.884   20.199   20.539
            0.397959  0.229762  0.000000
  -71.654  -45.168  -45.167  -45.164  -45.163  -45.128  -45.128  -45.127  -45.126  -45.110
  -45.108  -35.956  -35.840  -35.812  -10.603  -10.221   -3.453   -2.291   -1.768   -0.394
    0.386    1.277    1.388    4.718    4.836    5.918    6.708    7.631    9.099    9.424
   10.358   10.547   11.893   12.030   13.150   13.460   13.749   13.837   15.284   15.347
   16.565   17.540   17.594   17.789   18.804   19.176   19.769   19.851   20.176   20.471
            0.387755  0.223871  0.000000
  -71.654  -45.168  -45.167  -45.164  -45.164  -45.128  -45.127  -45.127  -45.126  -45.110
  -45.108  -35.952  -35.841  -35.811  -10.651  -10.243   -3.382   -2.232   -1.789   -0.368
    0.401    1.257    1.365    4.708    4.791    5.878    6.694    7.764    9.044    9.403
   10.325   10.471   11.894   12.082   13.181   13.557   13.763   13.977   15.384   15.405
   16.483   17.468   17.660   17.775   18.682   19.062   19.725   19.793   20.209   20.429
            0.377551  0.217979  0.000000
  -71.654  -45.168  -45.167  -45.164  -45.164  -45.128  -45.127  -45.127  -45.126  -45.110
  -45.108  -35.948  -35.842  -35.810  -10.702  -10.266   -3.307   -2.168   -1.813   -0.339
    0.417    1.242    1.339    4.700    4.747    5.835    6.677    7.896    8.991    9.376
   10.300   10.400   11.883   12.135   13.224   13.660   13.768   14.116   15.473   15.479
   16.409   17.390   17.711   17.766   18.560   18.922   19.695   19.711   20.288   20.413
            0.367347  0.212088  0.000000
  -71.654  -45.168  -45.167  -45.164  -45.164  -45.128  -45.127  -45.127  -45.126  -45.110
  -45.108  -35.943  -35.843  -35.809  -10.755  -10.291   -3.229   -2.099   -1.840   -0.309
    0.435    1.232    1.310    4.693    4.704    5.788    6.659    8.022    8.941    9.342
   10.287   10.335   11.862   12.186   13.282   13.767   13.769   14.247   15.548   15.570
   16.346   17.306   17.727   17.768   18.464   18.763   19.620   19.678   20.394   20.420
            0.357143  0.206197  0.000000
  -71.654  -45.167  -45.167  -45.164  -45.164  -45.128  -45.127  -45.127  -45.126  -45.110
  -45.108  -35.938  -35.844  -35.808  -10.810  -10.316   -3.148   -2.027   -1.870   -0.276
    0.455    1.227    1.280    4.661    4.688    5.739    6.639    8.137    8.899    9.301
   10.276   10.286   11.832   12.233   13.349   13.762   13.881   14.361   15.612   15.675
   16.300   17.217   17.684   17.785   18.422   18.590   19.529   19.673   20.418   20.447
            0.346939  0.200305  0.000000
  -71.655  -45.167  -45.167  -45.164  -45.164  -45.128  -45.127  -45.127  -45.126  -45.110
  -45.108  -35.933  -35.845  -35.806  -10.867  -10.343   -3.065   -1.952   -1.902   -0.241
    0.477    1.228    1.247    4.620    4.685    5.687    6.618    8.232    8.872    9.250
   10.225   10.300   11.797   12.275   13.425   13.756   13.997   14.448   15.672   15.791
   16.274   17.124   17.579   17.822   18.408   18.436   19.446   19.676   20.352   20.489
            0.336735  0.194414  0.000000
  -71.655  -45.167  -45.167  -45.164  -45.164  -45.128  -45.127  -45.127  -45.126  -45.110
  -45.108  -35.927  -35.846  -35.805  -10.926  -10.371   -2.983   -1.934   -1.874   -0.203
    0.501    1.212    1.236    4.581    4.685    5.634    6.594    8.296    8.869    9.193
   10.183   10.327   11.757   12.310   13.503   13.753   14.115   14.500   15.739   15.913
   16.267   17.028   17.436   17.880   18.222   18.479   19.381   19.684   20.293   20.544
            0.326531  0.188523  0.000000
  -71.655  -45.167  -45.167  -45.164  -45.164  -45.127  -45.127  -45.127  -45.126  -45.110
  -45.108  -35.921  -35.847  -35.804  -10.986  -10.399   -2.902   -1.965   -1.793   -0.164
    0.527    1.174    1.250    4.544    4.687    5.578    6.568    8.320    8.895    9.129
   10.150   10.368   11.715   12.334   13.581   13.755   14.233   14.513   15.820   16.034
   16.281   16.929   17.280   17.962   18.035   18.523   19.345   19.695   20.240   20.610
            0.316327  0.182631  0.000000
  -71.655  -45.167  -45.167  -45.165  -45.164  -45.127  -45.127  -45.127  -45.126  -45.110
  -45.108  -35.915  -35.848  -35.802  -11.046  -10.428   -2.826   -1.993   -1.709   -0.123
    0.556    1.135    1.270    4.509    4.692    5.522    6.541    8.309    8.945    9.059
   10.127   10.420   11.671   12.349   13.654   13.766   14.350   14.493   15.910   16.142
   16.321   16.830   17.134   17.852   18.064   18.544   19.354   19.706   20.191   20.685
            0.306122  0.176740  0.000000
  -71.656  -45.167  -45.167  -45.165  -45.164  -45.127  -45.127  -45.127  -45.126  -45.110
  -45.108  -35.909  -35.850  -35.801  -11.107  -10.457   -2.759   -2.012   -1.624   -0.080
    0.586    1.094    1.297    4.477    4.701    5.465    6.511    8.273    8.986    9.005
   10.115   10.484   11.626   12.352   13.716   13.784   14.453   14.464   15.993   16.209
   16.400   16.730   17.032   17.674   18.184   18.532   19.412   19.713   20.145   20.768
            0.295918  0.170849  0.000000
  -71.656  -45.167  -45.167  -45.165  -45.164  -45.127  -45.127  -45.127  -45.126  -45.110
  -45.108  -35.903  -35.851  -35.799  -11.169  -10.487   -2.707   -2.018   -1.537   -0.035
    0.618    1.052    1.328    4.447    4.712    5.408    6.479    8.222    8.910    9.062
   10.116   10.557   11.581   12.343   13.763   13.812   14.409   14.573   16.056   16.201
   16.526   16.630   17.009   17.506   18.318   18.493   19.512   19.717   20.102   20.859
            0.285714  0.164957  0.000000
  -71.656  -45.167  -45.167  -45.165  -45.165  -45.127  -45.127  -45.127  -45.126  -45.111
  -45.108  -35.896  -35.852  -35.798  -11.230  -10.517   -2.675   -2.004   -1.450    0.012
    0.653    1.008    1.365    4.421    4.726    5.351    6.445    8.163    8.833    9.108
   10.128   10.638   11.534   12.325   13.787   13.846   14.374   14.672   16.103   16.111
   16.532   16.692   17.074   17.350   18.439   18.462   19.643   19.717   20.061   20.956
            0.275510  0.159066  0.000000
  -71.656  -45.167  -45.167  -45.165  -45.165  -45.127  -45.127  -45.127  -45.126  -45.111
  -45.108  -35.890  -35.854  -35.796  -11.291  -10.546   -2.666   -1.967   -1.361    0.060
    0.689    0.963    1.407    4.400    4.743    5.296    6.408    8.099    8.754    9.139
   10.152   10.727   11.486   12.297   13.786   13.885   14.359   14.758   15.973   16.142
   16.436   16.886   17.193   17.212   18.381   18.607   19.716   19.793   20.021   21.059
            0.265306  0.153175  0.000000
  -71.657  -45.167  -45.167  -45.165  -45.165  -45.127  -45.127  -45.127  -45.126  -45.111
  -45.108  -35.883  -35.855  -35.795  -11.352  -10.576   -2.679   -1.909   -1.273    0.110
    0.727    0.917    1.451    4.382    4.763    5.241    6.370    8.033    8.675    9.154
   10.182   10.822   11.437   12.263   13.764   13.924   14.364   14.826   15.821   16.182
   16.343   17.097   17.099   17.331   18.332   18.744   19.723   19.955   19.981   21.167
            0.255102  0.147283  0.000000
  -71.657  -45.167  -45.167  -45.165  -45.165  -45.127  -45.127  -45.127  -45.126  -45.111
  -45.109  -35.876  -35.856  -35.793  -11.412  -10.605   -2.709   -1.833   -1.184    0.161
    0.767    0.871    1.499    4.369    4.786    5.190    6.330    7.965    8.597    9.154
   10.216   10.921   11.388   12.223   13.730   13.956   14.385   14.871   15.672   16.227
   16.253   17.010   17.326   17.463   18.307   18.858   19.751   19.940   20.126   21.281
            0.244898  0.141392  0.000000
  -71.657  -45.167  -45.167  -45.165  -45.165  -45.127  -45.127  -45.127  -45.126  -45.111
  -45.109  -35.870  -35.858  -35.792  -11.471  -10.634   -2.751   -1.746   -1.096    0.213
    0.808    0.824    1.548    4.361    4.812    5.141    6.287    7.897    8.520    9.141
   10.246   11.024   11.340   12.181   13.693   13.975   14.413   14.889   15.541   16.166
   16.280   16.955   17.562   17.563   18.327   18.931   19.818   19.898   20.301   21.399
            0.234694  0.135501  0.000000
  -71.657  -45.167  -45.167  -45.166  -45.165  -45.127  -45.127  -45.127  -45.126  -45.111
  -45.109  -35.863  -35.859  -35.790  -11.528  -10.663   -2.800   -1.651   -1.009    0.267
    0.777    0.851    1.599    4.359    4.840    5.095    6.243    7.829    8.443    9.116
   10.268   11.127   11.299   12.137   13.658   13.972   14.446   14.877   15.440   16.084
   16.341   16.936   17.612   17.804   18.410   18.954   19.854   19.933   20.476   21.421
            0.224490  0.129609  0.000000
  -71.658  -45.167  -45.167  -45.166  -45.165  -45.127  -45.127  -45.127  -45.126  -45.111
  -45.109  -35.861  -35.856  -35.788  -11.585  -10.690   -2.854   -1.550   -0.923    0.321
    0.730    0.893    1.650    4.364    4.870    5.053    6.197    7.762    8.369    9.081
   10.274   11.229   11.267   12.094   13.628   13.939   14.481   14.835   15.379   16.006
   16.411   16.951   17.612   18.049   18.552   18.938   19.809   20.090   20.646   21.422
            0.214286  0.123718  0.000000
  -71.658  -45.167  -45.167  -45.166  -45.165  -45.127  -45.127  -45.127  -45.126  -45.111
  -45.109  -35.862  -35.850  -35.787  -11.640  -10.718   -2.911   -1.446   -0.839    0.376
    0.683    0.936    1.700    4.374    4.902    5.016    6.149    7.695    8.296    9.037
   10.260   11.252   11.326   12.055   13.603   13.875   14.517   14.767   15.361   15.933
   16.491   16.998   17.581   18.283   18.734   18.905   19.761   20.276   20.797   21.412
            0.204082  0.117827  0.000000
  -71.658  -45.167  -45.167  -45.166  -45.166  -45.127  -45.127  -45.127  -45.126  -45.111
  -45.109  -35.863  -35.843  -35.785  -11.694  -10.744   -2.969   -1.340   -0.756    0.432
    0.637    0.979    1.748    4.392    4.936    4.985    6.100    7.630    8.226    8.986
   10.223   11.256   11.412   12.022   13.582   13.786   14.553   14.679   15.385   15.864
   16.579   17.070   17.534   18.468   18.908   18.939   19.711   20.477   20.904   21.390
            0.193878  0.111935  0.000000
  -71.659  -45.167  -45.167  -45.166  -45.166  -45.127  -45.127  -45.127  -45.126  -45.111
  -45.109  -35.865  -35.837  -35.784  -11.745  -10.770   -3.028   -1.233   -0.675    0.488
    0.592    1.020    1.795    4.417    4.959    4.972    6.050    7.566    8.157    8.928
   10.167   11.279   11.481   11.999   13.563   13.684   14.576   14.588   15.442   15.801
   16.676   17.163   17.480   18.520   19.035   19.158   19.659   20.676   20.911   21.360
            0.183673  0.106044  0.000000
  -71.659  -45.167  -45.167  -45.166  -45.166  -45.127  -45.127  -45.126  -45.126  -45.111
  -45.109  -35.866  -35.831  -35.782  -11.795  -10.795   -3.086   -1.126   -0.596    0.544
    0.548    1.060    1.838    4.448    4.939    5.009    5.999    7.504    8.092    8.862
   10.095   11.320   11.525   11.988   13.544   13.582   14.463   14.623   15.524   15.742
   16.780   17.271   17.426   18.468   19.265   19.380   19.605   20.792   20.844   21.345
            0.173469  0.100153  0.000000
  -71.659  -45.167  -45.167  -45.166  -45.166  -45.127  -45.127  -45.126  -45.126  -45.111
  -45.109  -35.867  -35.825  -35.781  -11.843  -10.819   -3.143   -1.020   -0.519    0.505
    0.600    1.097    1.879    4.487    4.926    5.046    5.947    7.442    8.029    8.790
   10.012   11.374   11.542   11.982   13.496   13.525   14.344   14.655   15.625   15.688
   16.890   17.372   17.390   18.381   19.529   19.550   19.594   20.611   20.922   21.402
            0.163265  0.094261  0.000000
  -71.659  -45.167  -45.167  -45.166  -45.166  -45.127  -45.127  -45.126  -45.126  -45.111
  -45.109  -35.868  -35.819  -35.780  -11.889  -10.842   -3.199   -0.915   -0.444    0.464
    0.655    1.132    1.916    4.533    4.921    5.085    5.894    7.382    7.969    8.712
    9.924   11.439   11.537   11.969   13.439   13.505   14.222   14.684   15.639   15.738
   17.003   17.323   17.518   18.287   19.494   19.762   19.806   20.451   20.893   21.542
            0.153061  0.088370  0.000000
  -71.660  -45.167  -45.167  -45.167  -45.166  -45.127  -45.127  -45.126  -45.126  -45.111
  -45.109  -35.869  -35.813  -35.778  -11.932  -10.863   -3.252   -0.811   -0.372    0.424
    0.710    1.163    1.949    4.585    4.922    5.123    5.842    7.324    7.911    8.628
    9.836   11.512   11.517   11.935   13.422   13.482   14.100   14.708   15.595   15.860
   17.116   17.280   17.651   18.195   19.437   19.783   20.084   20.430   20.817   21.704
            0.142857  0.082479  0.000000
  -71.660  -45.167  -45.167  -45.167  -45.166  -45.127  -45.127  -45.126  -45.126  -45.111
  -45.109  -35.871  -35.808  -35.777  -11.974  -10.884   -3.303   -0.710   -0.302    0.386
    0.764    1.190    1.978    4.644    4.931    5.162    5.790    7.266    7.857    8.539
    9.750   11.488   11.592   11.872   13.450   13.458   13.980   14.726   15.555   15.987
   17.220   17.245   17.788   18.119   19.380   19.632   20.341   20.580   20.748   21.843
            0.132653  0.076587  0.000000
  -71.660  -45.167  -45.167  -45.167  -45.166  -45.127  -45.127  -45.126  -45.126  -45.111
  -45.109  -35.872  -35.802  -35.776  -12.012  -10.903   -3.352   -0.612   -0.234    0.350
    0.817    1.212    2.004    4.707    4.947    5.200    5.738    7.210    7.806    8.446
    9.668   11.452   11.677   11.783   13.432   13.518   13.864   14.737   15.520   16.113
   17.221   17.302   17.927   18.072   19.324   19.413   20.462   20.797   20.808   21.949
            0.122449  0.070696  0.000000
  -71.660  -45.167  -45.167  -45.167  -45.166  -45.127  -45.127  -45.126  -45.126  -45.111
  -45.109  -35.873  -35.798  -35.775  -12.048  -10.921   -3.398   -0.518   -0.169    0.316
    0.868    1.229    2.026    4.776    4.970    5.237    5.688    7.154    7.758    8.350
    9.592   11.411   11.678   11.766   13.404   13.619   13.752   14.740   15.489   16.232
   17.213   17.345   18.066   18.072   19.176   19.268   20.408   21.028   21.044   22.031
            0.112245  0.064805  0.000000
  -71.660  -45.167  -45.167  -45.167  -45.166  -45.127  -45.127  -45.126  -45.126  -45.111
  -45.109  -35.873  -35.793  -35.774  -12.082  -10.938   -3.441   -0.428   -0.107    0.284
    0.916    1.242    2.045    4.848    4.999    5.273    5.640    7.098    7.714    8.253
    9.523   11.362   11.569   11.859   13.374   13.646   13.744   14.736   15.462   16.339
   17.225   17.342   18.126   18.205   18.936   19.215   20.317   21.239   21.311   22.101
            0.102041  0.058913  0.000000
  -71.661  -45.167  -45.167  -45.167  -45.167  -45.127  -45.127  -45.126  -45.126  -45.111
  -45.109  -35.874  -35.789  -35.773  -12.113  -10.954   -3.480   -0.343   -0.048    0.255
    0.963    1.251    2.060    4.924    5.033    5.308    5.593    7.043    7.672    8.158
    9.461   11.293   11.474   11.953   13.344   13.547   13.888   14.723   15.439   16.425
   17.264   17.302   18.224   18.342   18.701   19.164   20.224   21.365   21.561   22.041
            0.091837  0.053022  0.000000
  -71.661  -45.167  -45.167  -45.167  -45.167  -45.127  -45.127  -45.126  -45.126  -45.111
  -45.109  -35.875  -35.785  -35.772  -12.141  -10.968   -3.516   -0.263    0.008    0.228
    1.006    1.255    2.074    5.000    5.071    5.340    5.549    6.988    7.635    8.065
    9.405   11.197   11.408   12.049   13.312   13.455   14.044   14.703   15.419   16.484
   17.243   17.330   18.348   18.475   18.478   19.115   20.137   21.318   21.764   22.131
            0.081633  0.047131  0.000000
  -71.661  -45.167  -45.167  -45.167  -45.167  -45.127  -45.127  -45.126  -45.126  -45.111
  -45.109  -35.876  -35.781  -35.771  -12.166  -10.981   -3.549   -0.189    0.061    0.204
    1.047    1.255    2.084    5.078    5.112    5.371    5.508    6.932    7.600    7.978
    9.356   11.086   11.363   12.145   13.280   13.370   14.210   14.676   15.402   16.518
   17.177   17.410   18.277   18.484   18.603   19.070   20.058   21.146   21.900   22.337
            0.071429  0.041239  0.000000
  -71.661  -45.167  -45.167  -45.167  -45.167  -45.127  -45.127  -45.126  -45.126  -45.112
  -45.109  -35.876  -35.778  -35.770  -12.189  -10.992   -3.578   -0.122    0.109    0.182
    1.084    1.252    2.093    5.153    5.155    5.399    5.470    6.877    7.570    7.898
    9.314   10.973   11.330   12.241   13.246   13.295   14.382   14.644   15.388   16.531
   17.112   17.473   18.130   18.621   18.725   19.029   19.988   20.928   21.989   22.583
            0.061224  0.035348  0.000000
  -71.661  -45.167  -45.167  -45.167  -45.167  -45.127  -45.127  -45.126  -45.126  -45.112
  -45.109  -35.877  -35.775  -35.769  -12.208  -11.002   -3.603   -0.063    0.153    0.163
    1.116    1.246    2.100    5.195    5.229    5.423    5.437    6.822    7.543    7.826
    9.278   10.867   11.304   12.334   13.212   13.228   14.557   14.608   15.376   16.528
   17.052   17.460   18.090   18.755   18.838   18.993   19.927   20.693   22.054   22.688
            0.051020  0.029457  0.000000
  -71.661  -45.167  -45.167  -45.167  -45.167  -45.127  -45.127  -45.126  -45.126  -45.112
  -45.110  -35.878  -35.773  -35.769  -12.225  -11.010   -3.625   -0.011    0.147    0.192
    1.145    1.239    2.105    5.234    5.299    5.407    5.445    6.769    7.520    7.765
    9.247   10.771   11.284   12.424   13.171   13.178   14.572   14.733   15.367   16.512
   16.998   17.356   18.169   18.879   18.941   18.961   19.877   20.455   22.108   22.576
            0.040816  0.023565  0.000000
  -71.661  -45.167  -45.167  -45.167  -45.167  -45.127  -45.127  -45.126  -45.126  -45.112
  -45.110  -35.878  -35.771  -35.768  -12.238  -11.017   -3.643    0.032    0.134    0.226
    1.169    1.231    2.109    5.268    5.363    5.383    5.463    6.720    7.500    7.713
    9.222   10.689   11.267   12.509   13.124   13.142   14.536   14.905   15.360   16.483
   16.953   17.219   18.314   18.934   18.989   19.030   19.836   20.218   22.158   22.479
            0.030612  0.017674  0.000000
  -71.661  -45.167  -45.167  -45.167  -45.167  -45.127  -45.127  -45.126  -45.126  -45.112
  -45.110  -35.878  -35.770  -35.768  -12.249  -11.022   -3.657    0.066    0.123    0.253
    1.188    1.224    2.112    5.297    5.363    5.417    5.477    6.676    7.485    7.673
    9.203   10.622   11.254   12.585   13.087   13.107   14.505   15.067   15.354   16.441
   16.917   17.090   18.485   18.913   19.079   19.103   19.805   19.989   22.205   22.399
            0.020408  0.011783  0.000000
  -71.661  -45.167  -45.167  -45.167  -45.167  -45.127  -45.127  -45.126  -45.126  -45.112
  -45.110  -35.878  -35.769  -35.768  -12.257  -11.026   -3.667    0.090    0.116    0.273
    1.201    1.218    2.114    5.319    5.349    5.460    5.488    6.641    7.474    7.645
    9.190   10.574   11.245   12.649   13.060   13.074   14.480   15.208   15.351   16.386
   16.892   16.991   18.661   18.898   19.147   19.158   19.775   19.783   22.246   22.339
            0.010204  0.005891  0.000000
  -71.661  -45.167  -45.167  -45.167  -45.167  -45.127  -45.127  -45.126  -45.126  -45.112
  -45.110  -35.879  -35.768  -35.768  -12.261  -11.028   -3.673    0.105    0.111    0.285
    1.210    1.214    2.115    5.333    5.341    5.487    5.494    6.619    7.468    7.627
    9.181   10.544   11.239   12.694   13.044   13.049   14.464   15.309   15.348   16.335
   16.876   16.933   18.815   18.889   19.189   19.192   19.600   19.770   22.277   22.301
            0.000000  0.000000  0.000000
  -71.661  -45.167  -45.167  -45.167  -45.167  -45.127  -45.127  -45.126  -45.126  -45.112
  -45.110  -35.879  -35.768  -35.768  -12.263  -11.029   -3.675    0.110    0.110    0.289
    1.212    1.212    2.116    5.338    5.338    5.496    5.496    6.611    7.465    7.622
    9.179   10.535   11.237   12.711   13.039   13.039   14.459   15.348   15.348   16.313
   16.871   16.913   18.886   18.886   19.203   19.203   19.522   19.766   22.289   22.289
