 &plot nbnd=  60, nks=   128 /
            0.000000  0.000000  0.000000
  -73.925  -73.925  -45.302  -45.302  -35.576  -35.576  -35.430  -35.430  -14.824  -14.824
  -13.206  -13.206   -6.416   -6.416   -3.071   -3.071   -2.808   -2.808   -2.209   -2.209
   -1.815   -1.815   -1.599   -1.599   -0.118   -0.118    2.698    2.698    2.727    2.727
    3.010    3.010    3.019    3.019    4.858    4.858    5.342    5.342    5.471    5.471
    6.405    6.405    7.661    7.661    8.476    8.476    9.021    9.021   10.188   10.188
   10.484   10.484   11.195   11.195   11.898   11.898   12.567   12.567   12.606   12.606
            0.006796  0.011771  0.000000
  -73.925  -73.925  -45.302  -45.302  -35.576  -35.576  -35.431  -35.431  -14.821  -14.821
  -13.205  -13.205   -6.414   -6.414   -3.073   -3.072   -2.810   -2.810   -2.222   -2.222
   -1.811   -1.811   -1.598   -1.598   -0.119   -0.119    2.697    2.698    2.724    2.725
    3.005    3.005    3.018    3.018    4.866    4.866    5.345    5.345    5.477    5.477
    6.409    6.409    7.664    7.664    8.486    8.486    9.023    9.023   10.185   10.186
   10.481   10.482   11.197   11.197   11.907   11.907   12.554   12.555   12.598   12.599
            0.013592  0.023542  0.000000
  -73.925  -73.925  -45.302  -45.302  -35.576  -35.576  -35.432  -35.432  -14.814  -14.814
  -13.203  -13.203   -6.405   -6.405   -3.080   -3.079   -2.816   -2.814   -2.257   -2.256
   -1.804   -1.803   -1.595   -1.594   -0.122   -0.122    2.691    2.697    2.718    2.728
    2.991    2.993    3.016    3.016    4.889    4.889    5.353    5.353    5.497    5.497
    6.419    6.419    7.672    7.672    8.517    8.517    9.030    9.030   10.175   10.180
   10.474   10.479   11.203   11.203   11.934   11.934   12.504   12.507   12.588   12.591
            0.020388  0.035313  0.000000
  -73.925  -73.925  -45.303  -45.303  -35.577  -35.577  -35.434  -35.434  -14.803  -14.803
  -13.199  -13.199   -6.392   -6.392   -3.096   -3.091   -2.823   -2.819   -2.309   -2.306
   -1.800   -1.799   -1.586   -1.584   -0.128   -0.128    2.672    2.690    2.709    2.740
    2.969    2.973    3.011    3.019    4.926    4.926    5.367    5.367    5.531    5.531
    6.437    6.437    7.684    7.684    8.567    8.567    9.040    9.040   10.149   10.164
   10.472   10.487   11.211   11.211   11.975   11.975   12.419   12.423   12.583   12.588
            0.027184  0.047084  0.000000
  -73.925  -73.925  -45.303  -45.303  -35.577  -35.577  -35.436  -35.436  -14.787  -14.787
  -13.193  -13.193   -6.372   -6.372   -3.122   -3.113   -2.830   -2.821   -2.373   -2.367
   -1.807   -1.807   -1.572   -1.566   -0.136   -0.136    2.643    2.675    2.698    2.760
    2.943    2.946    3.004    3.029    4.974    4.975    5.386    5.386    5.579    5.579
    6.461    6.462    7.702    7.702    8.636    8.636    9.054    9.054   10.105   10.133
   10.483   10.512   11.222   11.222   12.024   12.026   12.311   12.314   12.578   12.585
            0.033980  0.058854  0.000000
  -73.925  -73.925  -45.304  -45.304  -35.577  -35.577  -35.440  -35.439  -14.767  -14.767
  -13.185  -13.185   -6.348   -6.348   -3.161   -3.146   -2.831   -2.817   -2.444   -2.434
   -1.828   -1.827   -1.551   -1.541   -0.147   -0.147    2.606    2.653    2.677    2.782
    2.916    2.916    2.998    3.050    5.030    5.031    5.411    5.411    5.642    5.643
    6.493    6.494    7.725    7.725    8.721    8.721    9.071    9.072   10.045   10.087
   10.513   10.557   11.235   11.235   12.063   12.074   12.198   12.205   12.574   12.581
            0.040776  0.070625  0.000000
  -73.925  -73.925  -45.305  -45.305  -35.578  -35.578  -35.444  -35.443  -14.742  -14.742
  -13.176  -13.176   -6.318   -6.318   -3.214   -3.192   -2.826   -2.806   -2.521   -2.505
   -1.863   -1.860   -1.526   -1.512   -0.161   -0.160    2.563    2.627    2.646    2.799
    2.885    2.895    2.995    3.084    5.091    5.093    5.441    5.441    5.721    5.722
    6.533    6.534    7.752    7.752    8.820    8.821    9.090    9.092    9.974   10.029
   10.560   10.617   11.245   11.245   12.010   12.030   12.170   12.187   12.569   12.576
            0.047571  0.082396  0.000000
  -73.924  -73.924  -45.306  -45.306  -35.579  -35.579  -35.448  -35.448  -14.714  -14.712
  -13.165  -13.165   -6.284   -6.283   -3.279   -3.251   -2.814   -2.792   -2.602   -2.575
   -1.910   -1.904   -1.501   -1.482   -0.178   -0.177    2.515    2.592    2.613    2.796
    2.852    2.886    3.003    3.130    5.155    5.158    5.476    5.476    5.815    5.816
    6.581    6.582    7.785    7.785    8.930    8.930    9.111    9.115    9.901    9.965
   10.621   10.691   11.250   11.250   11.892   11.909   12.221   12.237   12.563   12.568
            0.054367  0.094167  0.000000
  -73.924  -73.924  -45.307  -45.307  -35.580  -35.579  -35.453  -35.452  -14.681  -14.679
  -13.153  -13.153   -6.245   -6.243   -3.354   -3.321   -2.795   -2.783   -2.684   -2.636
   -1.968   -1.958   -1.477   -1.453   -0.200   -0.198    2.464    2.542    2.585    2.775
    2.820    2.881    3.033    3.186    5.220    5.225    5.517    5.517    5.923    5.924
    6.638    6.639    7.822    7.822    9.041    9.041    9.137    9.146    9.831    9.902
   10.693   10.776   11.238   11.239   11.781   11.797   12.275   12.293   12.557   12.558
            0.061163  0.105938  0.000000
  -73.924  -73.924  -45.309  -45.309  -35.581  -35.580  -35.459  -35.458  -14.643  -14.641
  -13.139  -13.139   -6.201   -6.199   -3.437   -3.400   -2.801   -2.774   -2.765   -2.664
   -2.035   -2.021   -1.454   -1.426   -0.227   -0.223    2.412    2.485    2.562    2.746
    2.787    2.870    3.082    3.252    5.287    5.292    5.562    5.563    6.040    6.042
    6.706    6.707    7.864    7.864    9.112    9.113    9.202    9.220    9.771    9.845
   10.774   10.868   11.198   11.201   11.702   11.716   12.323   12.346   12.546   12.551
            0.067959  0.117709  0.000000
  -73.923  -73.923  -45.310  -45.310  -35.582  -35.582  -35.465  -35.464  -14.602  -14.599
  -13.124  -13.123   -6.152   -6.149   -3.528   -3.486   -2.858   -2.853   -2.742   -2.651
   -2.112   -2.093   -1.435   -1.402   -0.259   -0.252    2.362    2.424    2.541    2.715
    2.756    2.856    3.145    3.324    5.355    5.361    5.613    5.613    6.164    6.166
    6.786    6.788    7.910    7.910    9.126    9.137    9.313    9.340    9.730    9.797
   10.859   10.966   11.123   11.129   11.665   11.677   12.359   12.392   12.531   12.545
            0.074755  0.129480  0.000000
  -73.923  -73.923  -45.312  -45.312  -35.584  -35.583  -35.472  -35.470  -14.558  -14.553
  -13.107  -13.106   -6.100   -6.096   -3.624   -3.579   -2.938   -2.929   -2.711   -2.619
   -2.197   -2.172   -1.418   -1.381   -0.297   -0.285    2.314    2.362    2.523    2.683
    2.727    2.840    3.217    3.402    5.425    5.431    5.669    5.669    6.290    6.292
    6.881    6.883    7.961    7.961    9.118    9.143    9.420    9.467    9.720    9.764
   10.948   11.022   11.031   11.068   11.663   11.674   12.383   12.430   12.515   12.541
            0.081551  0.141251  0.000000
  -73.922  -73.922  -45.314  -45.313  -35.585  -35.585  -35.478  -35.476  -14.509  -14.503
  -13.089  -13.088   -6.044   -6.039   -3.723   -3.677   -3.022   -3.003   -2.677   -2.579
   -2.290   -2.257   -1.404   -1.363   -0.340   -0.323    2.270    2.300    2.508    2.650
    2.701    2.827    3.296    3.485    5.496    5.503    5.729    5.730    6.413    6.416
    6.993    6.993    8.016    8.016    9.094    9.138    9.503    9.587    9.749    9.752
   10.912   10.924   11.035   11.171   11.683   11.694   12.394   12.458   12.500   12.536
            0.088347  0.153021  0.000000
  -73.922  -73.922  -45.316  -45.315  -35.588  -35.587  -35.485  -35.483  -14.457  -14.449
  -13.069  -13.068   -5.985   -5.978   -3.825   -3.778   -3.105   -3.079   -2.643   -2.538
   -2.387   -2.349   -1.393   -1.348   -0.390   -0.365    2.231    2.239    2.495    2.618
    2.680    2.817    3.379    3.572    5.570    5.578    5.795    5.796    6.531    6.534
    7.120    7.121    8.075    8.075    9.056    9.124    9.560    9.680    9.770    9.811
   10.809   10.825   11.118   11.270   11.714   11.726   12.398   12.471   12.496   12.532
            0.095143  0.164792  0.000000
  -73.921  -73.921  -45.318  -45.317  -35.590  -35.589  -35.493  -35.489  -14.402  -14.392
  -13.048  -13.047   -5.923   -5.914   -3.929   -3.881   -3.186   -3.153   -2.611   -2.525
   -2.461   -2.443   -1.386   -1.337   -0.445   -0.410    2.179    2.198    2.486    2.586
    2.666    2.811    3.467    3.661    5.647    5.656    5.865    5.866    6.643    6.646
    7.261    7.264    8.137    8.137    9.011    9.102    9.606    9.730    9.823    9.874
   10.726   10.748   11.191   11.363   11.752   11.766   12.400   12.468   12.509   12.527
            0.101939  0.176563  0.000000
  -73.921  -73.921  -45.320  -45.319  -35.593  -35.592  -35.500  -35.496  -14.344  -14.332
  -13.027  -13.025   -5.859   -5.848   -4.033   -3.986   -3.267   -3.226   -2.618   -2.603
   -2.518   -2.432   -1.382   -1.329   -0.505   -0.459    2.122    2.169    2.479    2.557
    2.661    2.810    3.557    3.751    5.726    5.736    5.940    5.941    6.748    6.752
    7.411    7.417    8.203    8.203    8.963    9.079    9.650    9.767    9.865    9.912
   10.675   10.704   11.251   11.445   11.792   11.808   12.405   12.468   12.527   12.530
            0.108735  0.188334  0.000000
  -73.920  -73.920  -45.322  -45.321  -35.596  -35.595  -35.507  -35.502  -14.283  -14.268
  -13.003  -13.002   -5.794   -5.780   -4.135   -4.090   -3.346   -3.298   -2.731   -2.677
   -2.517   -2.387   -1.380   -1.325   -0.569   -0.510    2.067    2.144    2.475    2.531
    2.663    2.814    3.649    3.843    5.809    5.820    6.019    6.021    6.850    6.854
    7.562    7.573    8.272    8.272    8.919    9.059    9.695    9.810    9.868    9.914
   10.663   10.700   11.294   11.510   11.831   11.851   12.418   12.478   12.537   12.557
            0.115531  0.200105  0.000000
  -73.920  -73.920  -45.324  -45.323  -35.600  -35.599  -35.514  -35.508  -14.219  -14.201
  -12.979  -12.977   -5.728   -5.710   -4.236   -4.193   -3.424   -3.369   -2.848   -2.781
   -2.491   -2.342   -1.382   -1.324   -0.637   -0.562    2.014    2.123    2.476    2.510
    2.673    2.823    3.742    3.934    5.896    5.907    6.103    6.105    6.951    6.955
    7.708    7.724    8.344    8.344    8.886    9.049    9.733    9.831    9.861    9.893
   10.682   10.726   11.318   11.556   11.870   11.894   12.443   12.500   12.560   12.595
            0.122327  0.211876  0.000000
  -73.919  -73.919  -45.327  -45.325  -35.604  -35.604  -35.520  -35.514  -14.153  -14.131
  -12.954  -12.952   -5.664   -5.640   -4.332   -4.294   -3.501   -3.439   -2.966   -2.889
   -2.466   -2.300   -1.388   -1.327   -0.706   -0.613    1.964    2.104    2.481    2.497
    2.691    2.837    3.835    4.025    5.985    5.998    6.191    6.193    7.051    7.055
    7.838    7.859    8.417    8.417    8.871    9.056    9.737    9.773    9.888    9.916
   10.716   10.768   11.325   11.580   11.908   11.937   12.482   12.532   12.599   12.639
            0.129122  0.223647  0.000000
  -73.918  -73.918  -45.329  -45.328  -35.609  -35.609  -35.526  -35.520  -14.084  -14.059
  -12.929  -12.925   -5.601   -5.571   -4.422   -4.390   -3.578   -3.509   -3.083   -2.997
   -2.445   -2.263   -1.396   -1.334   -0.774   -0.663    1.918    2.087    2.491    2.493
    2.716    2.854    3.927    4.113    6.078    6.092    6.283    6.285    7.152    7.155
    7.941    7.963    8.492    8.492    8.886    9.087    9.693    9.704    9.927    9.977
   10.749   10.813   11.316   11.587   11.945   11.980   12.532   12.552   12.651   12.666
            0.135918  0.235418  0.000000
  -73.918  -73.918  -45.331  -45.330  -35.615  -35.614  -35.532  -35.525  -14.014  -13.985
  -12.902  -12.898   -5.543   -5.505   -4.505   -4.481   -3.657   -3.582   -3.196   -3.103
   -2.433   -2.232   -1.408   -1.344   -0.841   -0.708    1.876    2.071    2.498    2.508
    2.746    2.876    4.018    4.199    6.174    6.190    6.379    6.382    7.255    7.257
    8.011    8.025    8.567    8.567    8.940    9.149    9.633    9.633    9.986   10.044
   10.774   10.855   11.294   11.580   11.983   12.023   12.461   12.581   12.687   12.694
            0.142714  0.247188  0.000000
  -73.917  -73.917  -45.334  -45.332  -35.621  -35.620  -35.537  -35.530  -13.941  -13.908
  -12.875  -12.870   -5.492   -5.445   -4.576   -4.563   -3.738   -3.660   -3.301   -3.203
   -2.429   -2.211   -1.423   -1.358   -0.902   -0.748    1.840    2.057    2.513    2.530
    2.781    2.901    4.107    4.282    6.274    6.291    6.478    6.481    7.359    7.361
    8.043    8.045    8.641    8.642    9.032    9.237    9.569    9.575   10.055   10.115
   10.784   10.890   11.262   11.561   12.020   12.066   12.297   12.450   12.672   12.760
            0.149510  0.258959  0.000000
  -73.917  -73.917  -45.336  -45.334  -35.628  -35.626  -35.541  -35.535  -13.868  -13.830
  -12.847  -12.842   -5.453   -5.394   -4.632   -4.632   -3.822   -3.747   -3.393   -3.296
   -2.436   -2.202   -1.441   -1.377   -0.957   -0.781    1.810    2.046    2.537    2.558
    2.821    2.929    4.193    4.361    6.376    6.396    6.581    6.585    7.464    7.466
    8.024    8.047    8.713    8.714    9.149    9.342    9.521    9.528   10.131   10.190
   10.776   10.922   11.222   11.530   12.053   12.100   12.139   12.247   12.732   12.845
            0.156306  0.270730  0.000000
  -73.916  -73.916  -45.339  -45.336  -35.635  -35.632  -35.545  -35.539  -13.793  -13.750
  -12.818  -12.813   -5.429   -5.358   -4.684   -4.670   -3.912   -3.844   -3.471   -3.380
   -2.454   -2.206   -1.463   -1.399   -1.002   -0.807    1.787    2.039    2.568    2.591
    2.863    2.960    4.276    4.435    6.481    6.504    6.687    6.692    7.567    7.574
    7.982    8.028    8.779    8.781    9.272    9.415    9.501    9.526   10.212   10.270
   10.744   10.952   11.183   11.479   11.985   12.026   12.105   12.168   12.787   12.936
            0.163102  0.282501  0.000000
  -73.915  -73.915  -45.341  -45.339  -35.643  -35.638  -35.549  -35.543  -13.717  -13.669
  -12.790  -12.784   -5.423   -5.342   -4.712   -4.686   -4.008   -3.951   -3.533   -3.452
   -2.483   -2.226   -1.487   -1.426   -1.038   -0.824    1.774    2.037    2.605    2.629
    2.908    2.992    4.355    4.504    6.589    6.614    6.796    6.801    7.661    7.679
    7.929    7.999    8.837    8.840    9.371    9.415    9.517    9.618   10.299   10.349
   10.690   10.984   11.153   11.385   11.885   11.888   12.136   12.196   12.835   13.016
            0.169898  0.294272  0.000000
  -73.915  -73.915  -45.344  -45.341  -35.651  -35.645  -35.552  -35.547  -13.641  -13.587
  -12.761  -12.754   -5.435   -5.349   -4.715   -4.680   -4.109   -4.065   -3.582   -3.514
   -2.525   -2.260   -1.513   -1.457   -1.063   -0.833    1.769    2.042    2.648    2.670
    2.954    3.026    4.430    4.567    6.698    6.727    6.908    6.914    7.726    7.756
    7.896    7.988    8.884    8.888    9.413    9.420    9.599    9.712   10.391   10.411
   10.641   11.019   11.142   11.239   11.812   11.817   12.165   12.225   12.875   13.066
            0.176694  0.306043  0.000000
  -73.914  -73.914  -45.346  -45.343  -35.659  -35.651  -35.556  -35.551  -13.565  -13.504
  -12.732  -12.724   -5.462   -5.376   -4.695   -4.657   -4.213   -4.183   -3.620   -3.564
   -2.576   -2.309   -1.543   -1.492   -1.077   -0.834    1.775    2.054    2.694    2.714
    3.000    3.061    4.502    4.625    6.807    6.842    7.023    7.029    7.726    7.731
    7.962    8.033    8.920    8.924    9.427    9.458    9.698    9.768   10.418   10.488
   10.662   11.056   11.070   11.151   11.780   11.786   12.190   12.249   12.911   13.102
            0.183490  0.317814  0.000000
  -73.913  -73.913  -45.349  -45.345  -35.667  -35.657  -35.559  -35.555  -13.489  -13.421
  -12.702  -12.694   -5.499   -5.418   -4.659   -4.621   -4.320   -4.303   -3.650   -3.606
   -2.638   -2.371   -1.576   -1.530   -1.083   -0.830    1.791    2.074    2.742    2.759
    3.047    3.096    4.569    4.676    6.914    6.958    7.141    7.147    7.661    7.673
    8.074    8.125    8.947    8.951    9.450    9.509    9.766    9.780   10.413   10.584
   10.750   10.897   11.110   11.177   11.766   11.790   12.209   12.266   12.945   13.133
            0.190286  0.329585  0.000000
  -73.913  -73.913  -45.351  -45.347  -35.674  -35.663  -35.561  -35.558  -13.414  -13.339
  -12.674  -12.665   -5.540   -5.467   -4.618   -4.578   -4.423   -4.423   -3.672   -3.638
   -2.707   -2.444   -1.611   -1.571   -1.080   -0.820    1.818    2.101    2.792    2.805
    3.092    3.130    4.632    4.722    7.016    7.074    7.261    7.267    7.588    7.598
    8.196    8.236    8.970    8.971    9.452    9.574    9.731    9.823   10.449   10.658
   10.785   10.859   11.168   11.218   11.770   11.811   12.222   12.277   12.982   13.166
            0.197082  0.341355  0.000000
  -73.912  -73.912  -45.353  -45.349  -35.682  -35.669  -35.564  -35.562  -13.340  -13.257
  -12.645  -12.635   -5.583   -5.518   -4.601   -4.548   -4.523   -4.498   -3.687   -3.664
   -2.783   -2.525   -1.649   -1.614   -1.072   -0.805    1.855    2.133    2.843    2.850
    3.136    3.164    4.692    4.762    7.099    7.183    7.382    7.388    7.518    7.530
    8.322    8.351    8.992    8.993    9.388    9.646    9.740    9.815   10.518   10.643
   10.819   10.972   11.233   11.270   11.787   11.842   12.230   12.283   13.026   13.203
            0.203878  0.353126  0.000000
  -73.912  -73.912  -45.356  -45.351  -35.690  -35.675  -35.567  -35.565  -13.266  -13.176
  -12.616  -12.606   -5.625   -5.569   -4.672   -4.659   -4.481   -4.480   -3.696   -3.682
   -2.865   -2.613   -1.690   -1.661   -1.057   -0.786    1.901    2.169    2.893    2.895
    3.177    3.196    4.748    4.798    7.140    7.264    7.457    7.500    7.508    7.524
    8.448    8.461    9.015    9.021    9.279    9.682    9.793    9.801   10.605   10.640
   10.903   11.082   11.306   11.332   11.816   11.881   12.233   12.284   13.080   13.250
            0.210673  0.364897  0.000000
  -73.911  -73.911  -45.358  -45.353  -35.697  -35.680  -35.569  -35.568  -13.195  -13.096
  -12.589  -12.577   -5.664   -5.617   -4.772   -4.771   -4.435   -4.433   -3.699   -3.695
   -2.950   -2.705   -1.733   -1.709   -1.038   -0.762    1.955    2.207    2.932    2.948
    3.215    3.226    4.802    4.829    7.122    7.250    7.488    7.553    7.632    7.638
    8.550    8.571    9.043    9.056    9.183    9.597    9.864    9.887   10.685   10.701
   10.985   11.180   11.384   11.401   11.854   11.925   12.233   12.283   13.147   13.307
            0.217469  0.376668  0.000000
  -73.911  -73.911  -45.360  -45.355  -35.703  -35.685  -35.572  -35.572  -13.126  -13.018
  -12.561  -12.549   -5.697   -5.661   -4.882   -4.873   -4.389   -4.387   -3.704   -3.698
   -3.037   -2.802   -1.779   -1.760   -1.014   -0.734    2.014    2.243    2.965    3.002
    3.251    3.254    4.853    4.856    7.064    7.171    7.573    7.636    7.758    7.762
    8.590    8.683    9.078    9.100    9.150    9.487    9.964    9.987   10.760   10.804
   11.057   11.262   11.464   11.475   11.901   11.972   12.232   12.280   13.226   13.378
            0.224265  0.388439  0.000000
  -73.910  -73.910  -45.362  -45.356  -35.710  -35.689  -35.575  -35.575  -13.059  -12.943
  -12.535  -12.522   -5.726   -5.699   -4.987   -4.972   -4.349   -4.341   -3.710   -3.691
   -3.124   -2.900   -1.826   -1.813   -0.986   -0.701    2.077    2.273    2.992    3.061
    3.278    3.285    4.881    4.904    6.991    7.079    7.655    7.732    7.885    7.887
    8.572    8.768    9.140    9.154    9.189    9.407   10.072   10.096   10.854   10.911
   11.117   11.326   11.543   11.547   11.958   12.021   12.236   12.281   13.308   13.447
            0.231061  0.400210  0.000000
  -73.910  -73.910  -45.364  -45.358  -35.715  -35.693  -35.579  -35.577  -12.995  -12.870
  -12.510  -12.496   -5.747   -5.731   -5.087   -5.067   -4.313   -4.300   -3.714   -3.680
   -3.209   -3.000   -1.875   -1.867   -0.953   -0.663    2.139    2.294    3.012    3.125
    3.298    3.317    4.905    4.954    6.915    6.986    7.711    7.826    8.011    8.011
    8.540    8.802    9.215    9.219    9.284    9.395   10.187   10.211   10.960   11.021
   11.166   11.372   11.612   11.614   12.021   12.072   12.250   12.290   13.300   13.373
            0.237857  0.411981  0.000000
  -73.909  -73.909  -45.365  -45.359  -35.721  -35.696  -35.582  -35.580  -12.934  -12.800
  -12.485  -12.471   -5.762   -5.756   -5.182   -5.158   -4.283   -4.264   -3.720   -3.666
   -3.288   -3.101   -1.925   -1.923   -0.915   -0.620    2.196    2.302    3.028    3.196
    3.314    3.348    4.929    5.004    6.841    6.895    7.725    7.907    8.134    8.136
    8.539    8.788    9.293    9.295    9.421    9.461   10.305   10.330   11.074   11.134
   11.204   11.405   11.662   11.672   12.088   12.123   12.281   12.313   13.167   13.221
            0.244653  0.423752  0.000000
  -73.909  -73.909  -45.367  -45.360  -35.726  -35.699  -35.585  -35.582  -12.876  -12.734
  -12.462  -12.447   -5.774   -5.770   -5.272   -5.244   -4.258   -4.236   -3.731   -3.648
   -3.357   -3.201   -1.979   -1.976   -0.873   -0.572    2.243    2.295    3.041    3.272
    3.327    3.378    4.953    5.054    6.770    6.809    7.692    7.958    8.254    8.259
    8.587    8.769    9.381    9.384    9.575    9.579   10.426   10.451   11.195   11.234
   11.243   11.433   11.694   11.710   12.153   12.172   12.331   12.354   13.017   13.066
            0.251449  0.435522  0.000000
  -73.909  -73.909  -45.369  -45.362  -35.730  -35.701  -35.589  -35.584  -12.822  -12.672
  -12.440  -12.425   -5.784   -5.769   -5.356   -5.325   -4.240   -4.216   -3.752   -3.629
   -3.408   -3.299   -2.036   -2.028   -0.826   -0.518    2.273    2.274    3.056    3.321
    3.370    3.407    4.978    5.105    6.704    6.728    7.627    7.967    8.371    8.379
    8.678    8.781    9.481    9.484    9.724    9.741   10.546   10.571   11.257   11.321
   11.332   11.473   11.709   11.731   12.214   12.216   12.399   12.412   12.870   12.917
            0.258245  0.447293  0.000000
  -73.908  -73.908  -45.370  -45.363  -35.734  -35.703  -35.592  -35.587  -12.773  -12.614
  -12.419  -12.404   -5.785   -5.762   -5.434   -5.400   -4.227   -4.208   -3.784   -3.611
   -3.438   -3.391   -2.093   -2.079   -0.775   -0.460    2.238    2.281    3.077    3.325
    3.436    3.459    5.006    5.156    6.645    6.653    7.545    7.933    8.483    8.494
    8.798    8.840    9.592    9.596    9.885    9.915   10.664   10.687   11.278   11.378
   11.447   11.551   11.718   11.738   12.253   12.267   12.474   12.474   12.738   12.778
            0.265041  0.459064  0.000000
  -73.908  -73.908  -45.371  -45.364  -35.738  -35.705  -35.596  -35.589  -12.727  -12.560
  -12.400  -12.385   -5.779   -5.746   -5.505   -5.469   -4.221   -4.214   -3.824   -3.607
   -3.465   -3.447   -2.149   -2.130   -0.721   -0.397    2.190    2.265    3.105    3.321
    3.465    3.555    5.035    5.209    6.586    6.591    7.456    7.868    8.590    8.604
    8.936    8.937    9.714    9.719   10.055   10.095   10.775   10.792   11.298   11.393
   11.570   11.646   11.733   11.742   12.283   12.310   12.488   12.515   12.667   12.682
            0.271837  0.470835  0.000000
  -73.908  -73.908  -45.372  -45.365  -35.741  -35.706  -35.599  -35.591  -12.686  -12.512
  -12.383  -12.368   -5.764   -5.725   -5.568   -5.532   -4.239   -4.220   -3.863   -3.645
   -3.492   -3.441   -2.205   -2.179   -0.664   -0.331    2.132    2.226    3.137    3.313
    3.498    3.653    5.067    5.261    6.527    6.545    7.368    7.787    8.690    8.708
    9.059    9.087    9.846    9.851   10.232   10.280   10.873   10.882   11.317   11.397
   11.682   11.722   11.752   11.776   12.308   12.346   12.403   12.446   12.699   12.701
            0.278633  0.482606  0.000000
  -73.907  -73.907  -45.373  -45.365  -35.743  -35.706  -35.602  -35.593  -12.649  -12.469
  -12.367  -12.352   -5.740   -5.699   -5.622   -5.588   -4.283   -4.227   -3.892   -3.716
   -3.480   -3.426   -2.258   -2.227   -0.606   -0.263    2.068    2.169    3.168    3.301
    3.534    3.750    5.100    5.312    6.477    6.507    7.280    7.698    8.783    8.805
    9.196    9.245    9.987    9.992   10.411   10.467   10.951   10.953   11.337   11.397
   11.764   11.775   11.780   11.835   12.292   12.323   12.347   12.404   12.748   12.751
            0.285429  0.494377  0.000000
  -73.907  -73.907  -45.374  -45.366  -35.745  -35.706  -35.606  -35.595  -12.617  -12.430
  -12.353  -12.338   -5.709   -5.696   -5.639   -5.638   -4.344   -4.240   -3.911   -3.791
   -3.457   -3.405   -2.310   -2.272   -0.548   -0.193    2.000    2.100    3.194    3.288
    3.576    3.843    5.133    5.361    6.438    6.478    7.196    7.607    8.868    8.893
    9.343    9.408   10.136   10.140   10.589   10.654   11.000   11.016   11.359   11.398
   11.794   11.823   11.826   11.871   12.212   12.235   12.398   12.463   12.772   12.776
            0.292224  0.506148  0.000000
  -73.907  -73.907  -45.375  -45.367  -35.747  -35.706  -35.609  -35.597  -12.590  -12.398
  -12.341  -12.327   -5.732   -5.682   -5.671   -5.607   -4.415   -4.262   -3.923   -3.861
   -3.430   -3.380   -2.357   -2.313   -0.492   -0.125    1.931    2.024    3.212    3.272
    3.621    3.930    5.167    5.408    6.411    6.459    7.114    7.518    8.942    8.971
    9.493    9.571   10.290   10.293   10.760   10.834   11.032   11.063   11.385   11.405
   11.797   11.830   11.832   11.878   12.186   12.201   12.476   12.546   12.754   12.761
            0.299020  0.517919  0.000000
  -73.907  -73.907  -45.376  -45.367  -35.748  -35.706  -35.611  -35.599  -12.567  -12.370
  -12.331  -12.317   -5.767   -5.717   -5.627   -5.564   -4.492   -4.291   -3.931   -3.921
   -3.405   -3.356   -2.401   -2.351   -0.440   -0.059    1.866    1.947    3.223    3.257
    3.666    4.007    5.199    5.451    6.397    6.450    7.033    7.431    9.006    9.038
    9.641    9.732   10.447   10.448   10.910   10.992   11.059   11.104   11.421   11.428
   11.747   11.785   11.813   11.844   12.236   12.258   12.553   12.630   12.694   12.715
            0.305816  0.529689  0.000000
  -73.907  -73.907  -45.376  -45.368  -35.749  -35.705  -35.614  -35.600  -12.549  -12.348
  -12.323  -12.309   -5.797   -5.747   -5.579   -5.518   -4.569   -4.325   -3.969   -3.936
   -3.381   -3.332   -2.439   -2.383   -0.394    0.001    1.807    1.874    3.228    3.242
    3.708    4.072    5.229    5.489    6.399    6.454    6.954    7.348    9.057    9.092
    9.781    9.884   10.601   10.603   11.024   11.071   11.124   11.148   11.471   11.475
   11.665   11.705   11.797   11.805   12.332   12.371   12.558   12.604   12.679   12.681
            0.312612  0.541460  0.000000
  -73.907  -73.907  -45.377  -45.368  -35.750  -35.704  -35.616  -35.601  -12.535  -12.331
  -12.317  -12.302   -5.820   -5.770   -5.531   -5.474   -4.641   -4.362   -4.006   -3.939
   -3.362   -3.311   -2.470   -2.408   -0.355    0.052    1.757    1.811    3.229    3.229
    3.744    4.124    5.254    5.521    6.416    6.468    6.877    7.272    9.095    9.133
    9.906   10.019   10.746   10.752   11.096   11.104   11.192   11.196   11.512   11.517
   11.575   11.614   11.822   11.822   12.417   12.495   12.507   12.508   12.635   12.642
            0.319408  0.553231  0.000000
  -73.907  -73.907  -45.377  -45.368  -35.750  -35.704  -35.618  -35.602  -12.525  -12.319
  -12.312  -12.298   -5.837   -5.786   -5.486   -5.437   -4.702   -4.395   -4.031   -3.942
   -3.347   -3.295   -2.493   -2.427   -0.326    0.091    1.719    1.761    3.219    3.228
    3.770    4.160    5.274    5.545    6.448    6.488    6.803    7.208    9.120    9.161
   10.005   10.126   10.873   10.885   11.143   11.148   11.233   11.241   11.491   11.493
   11.508   11.530   11.919   11.932   12.364   12.405   12.509   12.524   12.578   12.605
            0.326204  0.565002  0.000000
  -73.907  -73.907  -45.377  -45.368  -35.750  -35.703  -35.619  -35.603  -12.520  -12.312
  -12.309  -12.295   -5.847   -5.795   -5.453   -5.411   -4.745   -4.418   -4.047   -3.944
   -3.338   -3.285   -2.507   -2.439   -0.308    0.116    1.696    1.729    3.212    3.227
    3.786    4.182    5.287    5.560    6.490    6.509    6.736    7.161    9.134    9.176
   10.069   10.195   10.965   10.982   11.188   11.191   11.269   11.286   11.423   11.430
   11.467   11.475   12.050   12.086   12.303   12.328   12.418   12.419   12.517   12.559
            0.333000  0.576773  0.000000
  -73.907  -73.907  -45.377  -45.368  -35.750  -35.703  -35.619  -35.603  -12.518  -12.310
  -12.309  -12.295   -5.850   -5.799   -5.439   -5.401   -4.762   -4.427   -4.054   -3.945
   -3.334   -3.282   -2.512   -2.442   -0.302    0.125    1.687    1.718    3.210    3.226
    3.791    4.190    5.292    5.566    6.517    6.520    6.700    7.141    9.139    9.181
   10.091   10.219   11.000   11.019   11.211   11.225   11.293   11.316   11.389   11.393
   11.430   11.450   12.118   12.188   12.294   12.300   12.359   12.364   12.468   12.516
            0.338759  0.566839  0.000000
  -73.907  -73.907  -45.377  -45.368  -35.750  -35.703  -35.619  -35.603  -12.519  -12.311
  -12.309  -12.295   -5.848   -5.797   -5.449   -5.408   -4.750   -4.421   -4.049   -3.944
   -3.337   -3.284   -2.509   -2.440   -0.306    0.119    1.693    1.726    3.212    3.227
    3.788    4.185    5.288    5.562    6.493    6.510    6.730    7.156    9.136    9.178
   10.077   10.204   10.980   10.997   11.186   11.193   11.266   11.289   11.416   11.424
   11.461   11.472   12.083   12.135   12.306   12.307   12.345   12.362   12.543   12.579
            0.344517  0.556904  0.000000
  -73.907  -73.907  -45.377  -45.368  -35.750  -35.704  -35.618  -35.603  -12.522  -12.316
  -12.311  -12.297   -5.841   -5.790   -5.476   -5.428   -4.718   -4.408   -4.032   -3.941
   -3.343   -3.291   -2.500   -2.433   -0.318    0.103    1.709    1.748    3.218    3.229
    3.778    4.172    5.278    5.549    6.439    6.483    6.799    7.199    9.130    9.171
   10.037   10.164   10.932   10.945   11.118   11.119   11.209   11.233   11.474   11.485
   11.518   11.525   12.007   12.047   12.286   12.287   12.371   12.401   12.642   12.686
            0.350276  0.546970  0.000000
  -73.907  -73.907  -45.377  -45.368  -35.750  -35.704  -35.617  -35.602  -12.528  -12.323
  -12.314  -12.300   -5.831   -5.780   -5.518   -5.461   -4.669   -4.393   -4.001   -3.935
   -3.352   -3.300   -2.486   -2.422   -0.336    0.078    1.735    1.782    3.227    3.233
    3.764    4.152    5.260    5.528    6.375    6.441    6.887    7.267    9.122    9.161
    9.977   10.106   10.868   10.872   11.023   11.024   11.140   11.164   11.540   11.547
   11.571   11.597   11.916   11.952   12.233   12.236   12.468   12.492   12.601   12.646
            0.356034  0.537035  0.000000
  -73.907  -73.907  -45.376  -45.368  -35.750  -35.705  -35.615  -35.601  -12.535  -12.332
  -12.318  -12.303   -5.817   -5.767   -5.568   -5.502   -4.612   -4.379   -3.952   -3.924
   -3.363   -3.312   -2.468   -2.408   -0.360    0.045    1.769    1.827    3.238    3.242
    3.746    4.127    5.235    5.498    6.307    6.387    6.988    7.355    9.112    9.150
    9.902   10.034   10.780   10.789   10.916   10.924   11.063   11.087   11.586   11.598
   11.633   11.664   11.820   11.854   12.181   12.189   12.541   12.562   12.599   12.651
            0.361793  0.527101  0.000000
  -73.907  -73.907  -45.376  -45.368  -35.750  -35.707  -35.612  -35.599  -12.544  -12.343
  -12.322  -12.308   -5.800   -5.751   -5.624   -5.551   -4.551   -4.370   -3.906   -3.886
   -3.377   -3.326   -2.447   -2.392   -0.388    0.008    1.810    1.881    3.245    3.260
    3.726    4.097    5.202    5.459    6.236    6.324    7.097    7.457    9.102    9.138
    9.815    9.952   10.663   10.685   10.817   10.833   10.981   11.005   11.603   11.627
   11.698   11.718   11.725   11.757   12.138   12.153   12.501   12.539   12.727   12.774
            0.367552  0.517166  0.000000
  -73.907  -73.907  -45.376  -45.367  -35.750  -35.708  -35.610  -35.598  -12.554  -12.357
  -12.328  -12.314   -5.780   -5.736   -5.679   -5.604   -4.492   -4.366   -3.878   -3.804
   -3.392   -3.339   -2.424   -2.374   -0.419   -0.032    1.856    1.941    3.253    3.284
    3.706    4.064    5.163    5.413    6.165    6.257    7.213    7.571    9.091    9.125
    9.720    9.863   10.526   10.553   10.737   10.753   10.894   10.919   11.579   11.619
   11.644   11.663   11.748   11.760   12.107   12.131   12.474   12.520   12.818   12.906
            0.373310  0.507232  0.000000
  -73.907  -73.907  -45.375  -45.367  -35.750  -35.710  -35.607  -35.596  -12.565  -12.372
  -12.334  -12.320   -5.760   -5.758   -5.695   -5.657   -4.441   -4.367   -3.839   -3.709
   -3.406   -3.350   -2.400   -2.356   -0.452   -0.074    1.907    2.006    3.259    3.312
    3.689    4.029    5.117    5.358    6.093    6.187    7.334    7.692    9.081    9.113
    9.619    9.770   10.376   10.404   10.668   10.682   10.805   10.829   11.501   11.545
   11.596   11.611   11.777   11.779   12.087   12.119   12.470   12.522   12.790   12.868
            0.379069  0.497298  0.000000
  -73.907  -73.907  -45.375  -45.367  -35.750  -35.712  -35.603  -35.594  -12.576  -12.388
  -12.341  -12.327   -5.816   -5.755   -5.695   -5.674   -4.401   -4.372   -3.789   -3.607
   -3.419   -3.357   -2.376   -2.337   -0.486   -0.116    1.960    2.073    3.264    3.344
    3.676    3.992    5.064    5.296    6.021    6.114    7.458    7.820    9.070    9.102
    9.514    9.673   10.217   10.248   10.605   10.616   10.712   10.735   11.406   11.448
   11.549   11.562   11.778   11.780   12.073   12.107   12.487   12.542   12.726   12.798
            0.384828  0.487363  0.000000
  -73.907  -73.907  -45.375  -45.367  -35.750  -35.714  -35.600  -35.591  -12.589  -12.406
  -12.348  -12.334   -5.878   -5.797   -5.686   -5.648   -4.379   -4.372   -3.729   -3.508
   -3.419   -3.356   -2.352   -2.319   -0.520   -0.158    2.015    2.143    3.263    3.381
    3.672    3.954    5.007    5.228    5.948    6.040    7.584    7.950    9.057    9.092
    9.409    9.575   10.054   10.087   10.547   10.553   10.619   10.640   11.310   11.351
   11.493   11.505   11.761   11.764   12.057   12.090   12.516   12.567   12.661   12.734
            0.390586  0.477429  0.000000
  -73.907  -73.907  -45.374  -45.366  -35.751  -35.717  -35.596  -35.589  -12.602  -12.424
  -12.356  -12.342   -5.939   -5.854   -5.659   -5.619   -4.387   -4.354   -3.669   -3.473
   -3.347   -3.340   -2.328   -2.302   -0.554   -0.199    2.071    2.212    3.257    3.422
    3.677    3.917    4.945    5.154    5.877    5.966    7.710    8.082    9.039    9.082
    9.307    9.476    9.889    9.925   10.492   10.492   10.527   10.545   11.218   11.257
   11.433   11.443   11.732   11.734   12.038   12.068   12.542   12.581   12.601   12.676
            0.396345  0.467494  0.000000
  -73.907  -73.907  -45.374  -45.366  -35.751  -35.719  -35.592  -35.586  -12.615  -12.444
  -12.364  -12.351   -5.998   -5.913   -5.629   -5.589   -4.397   -4.345   -3.620   -3.479
   -3.302   -3.229   -2.306   -2.286   -0.587   -0.238    2.127    2.282    3.244    3.466
    3.694    3.881    4.879    5.076    5.806    5.892    7.833    8.212    9.012    9.073
    9.219    9.379    9.723    9.762   10.420   10.436   10.451   10.453   11.130   11.167
   11.371   11.381   11.695   11.696   12.013   12.039   12.543   12.555   12.576   12.626
            0.402103  0.457560  0.000000
  -73.907  -73.907  -45.373  -45.366  -35.752  -35.721  -35.588  -35.583  -12.628  -12.464
  -12.373  -12.359   -6.056   -5.971   -5.596   -5.557   -4.407   -4.343   -3.587   -3.489
   -3.236   -3.101   -2.285   -2.272   -0.620   -0.275    2.181    2.349    3.224    3.511
    3.722    3.850    4.811    4.995    5.735    5.818    7.949    8.332    8.965    9.064
    9.156    9.285    9.559    9.601   10.331   10.351   10.395   10.396   11.047   11.082
   11.309   11.318   11.655   11.655   11.983   12.006   12.492   12.549   12.550   12.587
            0.407862  0.447626  0.000000
  -73.908  -73.908  -45.373  -45.366  -35.752  -35.724  -35.584  -35.580  -12.641  -12.484
  -12.381  -12.368   -6.111   -6.028   -5.563   -5.525   -4.417   -4.346   -3.571   -3.499
   -3.146   -2.970   -2.266   -2.259   -0.651   -0.311    2.234    2.415    3.199    3.554
    3.760    3.826    4.741    4.912    5.666    5.746    8.055    8.430    8.907    9.055
    9.124    9.196    9.401    9.444   10.242   10.260   10.347   10.348   10.969   11.003
   11.248   11.258   11.613   11.614   11.949   11.970   12.443   12.508   12.535   12.556
            0.413621  0.437691  0.000000
  -73.908  -73.908  -45.372  -45.365  -35.752  -35.726  -35.580  -35.577  -12.654  -12.504
  -12.389  -12.377   -6.164   -6.084   -5.530   -5.494   -4.428   -4.352   -3.563   -3.507
   -3.041   -2.836   -2.249   -2.248   -0.682   -0.345    2.284    2.477    3.171    3.588
    3.807    3.816    4.671    4.827    5.599    5.674    8.142    8.478    8.870    9.047
    9.106    9.112    9.263    9.297   10.158   10.173   10.303   10.305   10.897   10.929
   11.189   11.201   11.571   11.573   11.913   11.932   12.395   12.464   12.513   12.526
            0.419379  0.427757  0.000000
  -73.908  -73.908  -45.371  -45.365  -35.753  -35.729  -35.576  -35.574  -12.666  -12.525
  -12.398  -12.386   -6.214   -6.138   -5.497   -5.462   -4.438   -4.361   -3.559   -3.513
   -2.928   -2.701   -2.239   -2.233   -0.712   -0.378    2.331    2.536    3.142    3.602
    3.831    3.860    4.602    4.742    5.533    5.604    8.200    8.452    8.864    8.991
    9.043    9.107    9.175    9.188   10.080   10.093   10.261   10.265   10.831   10.861
   11.134   11.146   11.531   11.533   11.876   11.894   12.348   12.418   12.489   12.497
            0.425138  0.417822  0.000000
  -73.908  -73.908  -45.371  -45.365  -35.753  -35.731  -35.573  -35.571  -12.678  -12.545
  -12.406  -12.395   -6.262   -6.189   -5.464   -5.432   -4.448   -4.372   -3.557   -3.518
   -2.810   -2.566   -2.231   -2.218   -0.741   -0.409    2.374    2.591    3.112    3.595
    3.872    3.918    4.535    4.658    5.469    5.536    8.222    8.377    8.827    8.852
    9.037    9.061    9.151    9.202   10.010   10.020   10.223   10.228   10.769   10.799
   11.081   11.094   11.493   11.496   11.838   11.855   12.300   12.372   12.463   12.468
            0.430897  0.407888  0.000000
  -73.908  -73.908  -45.370  -45.365  -35.754  -35.733  -35.569  -35.568  -12.689  -12.565
  -12.414  -12.403   -6.306   -6.237   -5.433   -5.402   -4.458   -4.383   -3.555   -3.520
   -2.691   -2.432   -2.224   -2.204   -0.770   -0.441    2.414    2.640    3.084    3.576
    3.930    3.979    4.472    4.576    5.407    5.470    8.206    8.281    8.706    8.725
    9.030    9.035    9.174    9.281    9.951    9.959   10.188   10.194   10.714   10.743
   11.031   11.046   11.458   11.461   11.802   11.818   12.253   12.325   12.437   12.440
            0.436655  0.397954  0.000000
  -73.908  -73.908  -45.370  -45.365  -35.754  -35.736  -35.565  -35.565  -12.699  -12.584
  -12.421  -12.411   -6.347   -6.283   -5.403   -5.374   -4.467   -4.396   -3.551   -3.521
   -2.575   -2.305   -2.215   -2.190   -0.799   -0.472    2.449    2.683    3.059    3.550
    3.997    4.040    4.415    4.496    5.348    5.407    8.158    8.178    8.562    8.598
    9.022    9.023    9.225    9.373    9.906    9.916   10.156   10.162   10.663   10.692
   10.984   11.002   11.426   11.428   11.766   11.782   12.205   12.278   12.413   12.414
            0.442414  0.388019  0.000000
  -73.908  -73.908  -45.369  -45.365  -35.754  -35.738  -35.562  -35.562  -12.708  -12.602
  -12.428  -12.419   -6.384   -6.325   -5.374   -5.348   -4.475   -4.408   -3.547   -3.520
   -2.466   -2.236   -2.170   -2.151   -0.829   -0.504    2.481    2.718    3.040    3.522
    4.070    4.095    4.370    4.421    5.291    5.347    8.075    8.089    8.425    8.466
    9.014    9.015    9.287    9.452    9.879    9.902   10.126   10.133   10.617   10.647
   10.941   10.961   11.397   11.399   11.732   11.749   12.157   12.230   12.389   12.389
            0.448172  0.378085  0.000000
  -73.908  -73.908  -45.369  -45.364  -35.755  -35.740  -35.559  -35.559  -12.716  -12.620
  -12.435  -12.426   -6.418   -6.364   -5.348   -5.324   -4.482   -4.421   -3.541   -3.517
   -2.372   -2.228   -2.139   -2.030   -0.859   -0.537    2.508    2.743    3.029    3.493
    4.132    4.145    4.348    4.350    5.239    5.290    7.974    8.007    8.298    8.340
    9.006    9.007    9.343    9.498    9.879    9.930   10.100   10.107   10.576   10.606
   10.901   10.923   11.371   11.372   11.700   11.717   12.109   12.181   12.367   12.368
            0.453931  0.368150  0.000000
  -73.908  -73.908  -45.368  -45.364  -35.755  -35.742  -35.557  -35.557  -12.723  -12.637
  -12.441  -12.433   -6.448   -6.400   -5.324   -5.303   -4.489   -4.433   -3.535   -3.513
   -2.307   -2.228   -2.084   -1.907   -0.890   -0.572    2.532    2.756    3.028    3.464
    4.137    4.216    4.289    4.363    5.190    5.237    7.877    7.917    8.183    8.221
    8.999    9.000    9.380    9.507    9.908    9.999   10.076   10.084   10.539   10.571
   10.864   10.889   11.347   11.349   11.670   11.688   12.061   12.132   12.347   12.348
            0.459690  0.358216  0.000000
  -73.908  -73.908  -45.368  -45.364  -35.755  -35.744  -35.555  -35.554  -12.728  -12.653
  -12.446  -12.439   -6.475   -6.432   -5.303   -5.284   -4.494   -4.445   -3.527   -3.508
   -2.272   -2.229   -2.003   -1.789   -0.923   -0.609    2.553    2.758    3.037    3.434
    4.117    4.215    4.306    4.406    5.146    5.188    7.785    7.824    8.083    8.114
    8.992    8.993    9.397    9.493    9.966   10.056   10.060   10.095   10.507   10.542
   10.829   10.858   11.327   11.328   11.643   11.662   12.014   12.083   12.329   12.330
            0.465448  0.348282  0.000000
  -73.909  -73.909  -45.367  -45.364  -35.755  -35.745  -35.553  -35.552  -12.732  -12.667
  -12.451  -12.445   -6.497   -6.460   -5.284   -5.267   -4.499   -4.455   -3.519   -3.503
   -2.256   -2.231   -1.909   -1.677   -0.957   -0.650    2.571    2.750    3.055    3.404
    4.088    4.165    4.376    4.460    5.106    5.143    7.699    7.731    7.998    8.020
    8.986    8.987    9.399    9.471   10.037   10.042   10.043   10.194   10.480   10.518
   10.797   10.829   11.310   11.311   11.618   11.638   11.968   12.034   12.313   12.315
            0.471207  0.338347  0.000000
  -73.909  -73.909  -45.367  -45.364  -35.755  -35.747  -35.551  -35.550  -12.735  -12.681
  -12.455  -12.450   -6.516   -6.485   -5.267   -5.253   -4.502   -4.465   -3.511   -3.498
   -2.249   -2.234   -1.813   -1.574   -0.990   -0.694    2.587    2.738    3.078    3.374
    4.060    4.119    4.444    4.514    5.073    5.104    7.620    7.644    7.927    7.940
    8.980    8.981    9.393    9.447   10.023   10.028   10.124   10.292   10.459   10.501
   10.766   10.804   11.295   11.296   11.597   11.617   11.926   11.986   12.300   12.301
            0.476966  0.328413  0.000000
  -73.909  -73.909  -45.366  -45.364  -35.755  -35.748  -35.549  -35.549  -12.737  -12.693
  -12.458  -12.454   -6.531   -6.506   -5.253   -5.242   -4.504   -4.474   -3.504   -3.493
   -2.245   -2.236   -1.719   -1.484   -1.021   -0.742    2.602    2.722    3.104    3.344
    4.036    4.080    4.506    4.562    5.045    5.071    7.550    7.566    7.869    7.875
    8.976    8.977    9.385    9.424   10.011   10.015   10.204   10.373   10.453   10.493
   10.736   10.780   11.284   11.284   11.578   11.598   11.889   11.941   12.289   12.290
            0.482724  0.318478  0.000000
  -73.909  -73.909  -45.366  -45.364  -35.754  -35.749  -35.548  -35.548  -12.736  -12.703
  -12.460  -12.457   -6.542   -6.523   -5.242   -5.234   -4.504   -4.482   -3.497   -3.489
   -2.244   -2.239   -1.630   -1.414   -1.042   -0.794    2.616    2.706    3.132    3.313
    4.017    4.049    4.559    4.602    5.023    5.043    7.491    7.501    7.824    7.826
    8.972    8.973    9.377    9.405   10.002   10.005   10.273   10.396   10.496   10.498
   10.706   10.757   11.275   11.275   11.563   11.582   11.859   11.901   12.281   12.282
            0.488483  0.308544  0.000000
  -73.909  -73.909  -45.366  -45.365  -35.754  -35.751  -35.547  -35.547  -12.735  -12.713
  -12.462  -12.460   -6.549   -6.537   -5.234   -5.229   -4.504   -4.489   -3.492   -3.486
   -2.244   -2.241   -1.549   -1.377   -1.043   -0.850    2.630    2.689    3.162    3.283
    4.004    4.025    4.601    4.630    5.008    5.022    7.447    7.452    7.792    7.792
    8.969    8.970    9.372    9.390    9.995    9.997   10.322   10.389   10.518   10.560
   10.675   10.732   11.269   11.270   11.553   11.568   11.838   11.867   12.275   12.275
            0.494241  0.298610  0.000000
  -73.909  -73.909  -45.365  -45.365  -35.753  -35.752  -35.546  -35.546  -12.731  -12.720
  -12.463  -12.462   -6.552   -6.546   -5.229   -5.226   -4.502   -4.495   -3.488   -3.485
   -2.244   -2.242   -1.477   -1.381   -1.014   -0.908    2.644    2.673    3.191    3.252
    3.998    4.009    4.630    4.645    5.001    5.008    7.420    7.422    7.772    7.772
    8.968    8.968    9.370    9.379    9.991    9.992   10.351   10.379   10.553   10.608
   10.649   10.704   11.266   11.266   11.548   11.557   11.827   11.842   12.271   12.271
            0.500000  0.288675  0.000000
  -73.909  -73.909  -45.365  -45.365  -35.753  -35.753  -35.546  -35.546  -12.727  -12.727
  -12.462  -12.462   -6.551   -6.551   -5.226   -5.226   -4.499   -4.499   -3.486   -3.486
   -2.243   -2.243   -1.418   -1.418   -0.965   -0.965    2.658    2.658    3.222    3.222
    4.000    4.000    4.645    4.645    5.001    5.001    7.411    7.411    7.765    7.765
    8.967    8.967    9.372    9.372    9.990    9.990   10.367   10.367   10.592   10.592
   10.671   10.671   11.265   11.265   11.550   11.550   11.829   11.829   12.270   12.270
            0.489796  0.282784  0.000000
  -73.909  -73.909  -45.365  -45.365  -35.752  -35.752  -35.546  -35.546  -12.730  -12.730
  -12.463  -12.463   -6.548   -6.548   -5.223   -5.223   -4.499   -4.499   -3.484   -3.484
   -2.242   -2.242   -1.420   -1.420   -0.968   -0.968    2.656    2.656    3.217    3.217
    3.998    3.998    4.644    4.644    5.012    5.012    7.409    7.409    7.760    7.760
    8.961    8.961    9.374    9.374    9.990    9.990   10.300   10.300   10.603   10.603
   10.738   10.738   11.265   11.265   11.490   11.490   11.898   11.898   12.273   12.273
            0.479592  0.276892  0.000000
  -73.909  -73.909  -45.365  -45.365  -35.751  -35.751  -35.546  -35.546  -12.739  -12.739
  -12.466  -12.466   -6.538   -6.538   -5.215   -5.215   -4.497   -4.497   -3.480   -3.480
   -2.240   -2.240   -1.424   -1.424   -0.977   -0.977    2.649    2.649    3.202    3.202
    3.993    3.993    4.641    4.641    5.046    5.046    7.405    7.405    7.746    7.746
    8.940    8.940    9.377    9.377    9.991    9.991   10.180   10.180   10.623   10.623
   10.871   10.871   11.264   11.264   11.386   11.386   12.034   12.034   12.282   12.282
            0.469388  0.271001  0.000000
  -73.909  -73.909  -45.364  -45.364  -35.750  -35.750  -35.546  -35.546  -12.753  -12.753
  -12.471  -12.471   -6.521   -6.521   -5.202   -5.202   -4.496   -4.496   -3.474   -3.474
   -2.237   -2.237   -1.431   -1.431   -0.990   -0.990    2.639    2.639    3.178    3.178
    3.984    3.984    4.636    4.636    5.100    5.100    7.397    7.397    7.724    7.724
    8.907    8.907    9.375    9.375    9.992    9.992   10.062   10.062   10.652   10.652
   10.992   10.992   11.259   11.259   11.310   11.310   12.187   12.187   12.302   12.302
            0.459184  0.265110  0.000000
  -73.909  -73.909  -45.364  -45.364  -35.748  -35.748  -35.546  -35.546  -12.773  -12.773
  -12.477  -12.477   -6.499   -6.499   -5.184   -5.184   -4.493   -4.493   -3.465   -3.465
   -2.232   -2.232   -1.440   -1.440   -1.009   -1.009    2.625    2.625    3.146    3.146
    3.973    3.973    4.630    4.630    5.172    5.172    7.387    7.387    7.695    7.695
    8.863    8.863    9.358    9.358    9.962    9.962    9.999    9.999   10.689   10.689
   11.016   11.016   11.248   11.248   11.350   11.350   12.331   12.331   12.353   12.353
            0.448980  0.259218  0.000000
  -73.909  -73.909  -45.363  -45.363  -35.746  -35.746  -35.546  -35.546  -12.799  -12.799
  -12.485  -12.485   -6.470   -6.470   -5.161   -5.161   -4.491   -4.491   -3.454   -3.454
   -2.225   -2.225   -1.452   -1.452   -1.031   -1.031    2.607    2.607    3.109    3.109
    3.959    3.959    4.621    4.621    5.259    5.259    7.374    7.374    7.660    7.660
    8.809    8.809    9.312    9.312    9.896    9.896   10.004   10.004   10.727   10.727
   10.964   10.964   11.228   11.228   11.493   11.493   12.387   12.387   12.511   12.511
            0.438776  0.253327  0.000000
  -73.909  -73.909  -45.363  -45.363  -35.743  -35.743  -35.546  -35.546  -12.830  -12.830
  -12.495  -12.495   -6.436   -6.436   -5.133   -5.133   -4.489   -4.489   -3.440   -3.440
   -2.218   -2.218   -1.466   -1.466   -1.056   -1.056    2.587    2.587    3.067    3.067
    3.941    3.941    4.611    4.611    5.360    5.360    7.360    7.360    7.620    7.620
    8.746    8.746    9.237    9.237    9.860    9.860   10.012   10.012   10.745   10.745
   10.929   10.929   11.201   11.201   11.665   11.665   12.457   12.457   12.668   12.668
            0.428571  0.247436  0.000000
  -73.910  -73.910  -45.362  -45.362  -35.739  -35.739  -35.546  -35.546  -12.866  -12.866
  -12.506  -12.506   -6.396   -6.396   -5.100   -5.100   -4.487   -4.487   -3.424   -3.424
   -2.208   -2.208   -1.483   -1.483   -1.083   -1.083    2.564    2.564    3.023    3.023
    3.921    3.921    4.599    4.599    5.470    5.470    7.344    7.344    7.578    7.578
    8.678    8.678    9.139    9.139    9.842    9.842   10.020   10.020   10.726   10.726
   10.954   10.954   11.170   11.170   11.845   11.845   12.544   12.544   12.809   12.809
            0.418367  0.241545  0.000000
  -73.910  -73.910  -45.361  -45.361  -35.735  -35.735  -35.545  -35.545  -12.906  -12.906
  -12.519  -12.519   -6.351   -6.351   -5.063   -5.063   -4.486   -4.486   -3.405   -3.405
   -2.197   -2.197   -1.502   -1.502   -1.111   -1.111    2.539    2.539    2.976    2.976
    3.898    3.898    4.585    4.585    5.588    5.588    7.327    7.327    7.534    7.534
    8.606    8.606    9.029    9.029    9.825    9.825   10.024   10.024   10.702   10.702
   11.013   11.013   11.141   11.141   12.022   12.022   12.643   12.643   12.903   12.903
            0.408163  0.235653  0.000000
  -73.910  -73.910  -45.360  -45.360  -35.731  -35.731  -35.545  -35.545  -12.950  -12.950
  -12.534  -12.534   -6.301   -6.301   -5.021   -5.021   -4.487   -4.487   -3.384   -3.384
   -2.185   -2.185   -1.523   -1.523   -1.139   -1.139    2.512    2.512    2.928    2.928
    3.871    3.871    4.569    4.569    5.711    5.711    7.307    7.307    7.489    7.489
    8.533    8.533    8.915    8.915    9.801    9.801   10.020   10.020   10.697   10.697
   11.063   11.063   11.142   11.142   12.187   12.187   12.751   12.751   12.911   12.911
            0.397959  0.229762  0.000000
  -73.910  -73.910  -45.359  -45.359  -35.726  -35.726  -35.545  -35.545  -12.998  -12.998
  -12.549  -12.549   -6.247   -6.247   -4.975   -4.975   -4.489   -4.489   -3.360   -3.360
   -2.171   -2.171   -1.545   -1.545   -1.166   -1.166    2.485    2.485    2.881    2.881
    3.841    3.841    4.551    4.551    5.838    5.838    7.286    7.286    7.444    7.444
    8.460    8.460    8.800    8.800    9.764    9.764   10.006   10.006   10.715   10.715
   11.061   11.061   11.212   11.212   12.320   12.320   12.855   12.855   12.888   12.888
            0.387755  0.223871  0.000000
  -73.911  -73.911  -45.357  -45.357  -35.721  -35.721  -35.544  -35.544  -13.050  -13.050
  -12.567  -12.567   -6.189   -6.189   -4.926   -4.926   -4.494   -4.494   -3.334   -3.334
   -2.156   -2.156   -1.569   -1.569   -1.191   -1.191    2.456    2.456    2.833    2.833
    3.807    3.807    4.531    4.531    5.965    5.965    7.262    7.262    7.399    7.399
    8.392    8.392    8.688    8.688    9.714    9.714    9.981    9.981   10.753   10.753
   11.054   11.054   11.306   11.306   12.387   12.387   12.883   12.883   12.969   12.969
            0.377551  0.217979  0.000000
  -73.911  -73.911  -45.356  -45.356  -35.715  -35.715  -35.544  -35.544  -13.105  -13.105
  -12.585  -12.585   -6.128   -6.128   -4.873   -4.873   -4.500   -4.500   -3.306   -3.306
   -2.139   -2.139   -1.594   -1.594   -1.212   -1.212    2.428    2.428    2.787    2.787
    3.770    3.770    4.509    4.509    6.090    6.090    7.235    7.235    7.354    7.354
    8.329    8.329    8.580    8.580    9.657    9.657    9.946    9.946   10.800   10.800
   11.058   11.058   11.408   11.408   12.376   12.376   12.939   12.939   13.054   13.054
            0.367347  0.212088  0.000000
  -73.911  -73.911  -45.355  -45.355  -35.709  -35.709  -35.544  -35.544  -13.162  -13.162
  -12.604  -12.604   -6.064   -6.064   -4.818   -4.818   -4.509   -4.509   -3.275   -3.275
   -2.120   -2.120   -1.620   -1.620   -1.229   -1.229    2.399    2.399    2.743    2.743
    3.729    3.729    4.484    4.484    6.210    6.210    7.205    7.205    7.308    7.308
    8.275    8.275    8.479    8.479    9.597    9.597    9.901    9.901   10.849   10.849
   11.077   11.077   11.512   11.512   12.321   12.321   12.998   12.998   13.110   13.110
            0.357143  0.206197  0.000000
  -73.912  -73.912  -45.353  -45.353  -35.703  -35.703  -35.543  -35.543  -13.222  -13.222
  -12.625  -12.625   -5.998   -5.998   -4.762   -4.762   -4.517   -4.517   -3.242   -3.242
   -2.100   -2.100   -1.647   -1.647   -1.241   -1.241    2.370    2.370    2.701    2.701
    3.684    3.684    4.457    4.457    6.320    6.320    7.174    7.174    7.261    7.261
    8.229    8.229    8.388    8.388    9.537    9.537    9.846    9.846   10.893   10.893
   11.106   11.106   11.617   11.617   12.252   12.252   13.023   13.023   13.128   13.128
            0.346939  0.200305  0.000000
  -73.912  -73.912  -45.351  -45.351  -35.696  -35.696  -35.542  -35.542  -13.284  -13.284
  -12.646  -12.646   -5.931   -5.931   -4.709   -4.709   -4.523   -4.523   -3.207   -3.207
   -2.080   -2.080   -1.675   -1.675   -1.246   -1.246    2.342    2.342    2.661    2.661
    3.636    3.636    4.427    4.427    6.416    6.416    7.145    7.145    7.212    7.212
    8.187    8.187    8.312    8.312    9.480    9.480    9.783    9.783   10.929   10.929
   11.140   11.140   11.719   11.719   12.187   12.187   13.008   13.008   13.109   13.109
            0.336735  0.194414  0.000000
  -73.913  -73.913  -45.350  -45.350  -35.689  -35.689  -35.542  -35.542  -13.348  -13.348
  -12.668  -12.668   -5.863   -5.863   -4.668   -4.668   -4.516   -4.516   -3.169   -3.169
   -2.058   -2.058   -1.705   -1.705   -1.243   -1.243    2.315    2.315    2.625    2.625
    3.586    3.586    4.395    4.395    6.490    6.490    7.116    7.116    7.167    7.167
    8.139    8.139    8.263    8.263    9.428    9.428    9.715    9.715   10.952   10.952
   11.173   11.173   11.815   11.815   12.135   12.135   12.971   12.971   13.061   13.061
            0.326531  0.188523  0.000000
  -73.913  -73.913  -45.348  -45.348  -35.682  -35.682  -35.541  -35.541  -13.412  -13.412
  -12.691  -12.691   -5.797   -5.797   -4.651   -4.651   -4.484   -4.484   -3.130   -3.130
   -2.036   -2.036   -1.736   -1.736   -1.233   -1.233    2.288    2.288    2.593    2.593
    3.532    3.532    4.360    4.360    6.536    6.536    7.067    7.067    7.149    7.149
    8.079    8.079    8.248    8.248    9.380    9.380    9.645    9.645   10.952   10.952
   11.203   11.203   11.896   11.896   12.105   12.105   12.932   12.932   12.993   12.993
            0.316327  0.182631  0.000000
  -73.914  -73.914  -45.346  -45.346  -35.675  -35.675  -35.540  -35.540  -13.478  -13.478
  -12.714  -12.714   -5.733   -5.733   -4.654   -4.654   -4.429   -4.429   -3.088   -3.088
   -2.015   -2.015   -1.766   -1.766   -1.215   -1.215    2.262    2.262    2.565    2.565
    3.476    3.476    4.323    4.323    6.550    6.550    7.001    7.001    7.160    7.160
    8.016    8.016    8.257    8.257    9.337    9.337    9.575    9.575   10.921   10.921
   11.236   11.236   11.949   11.949   12.110   12.110   12.901   12.901   12.913   12.913
            0.306122  0.176740  0.000000
  -73.914  -73.914  -45.344  -45.344  -35.667  -35.667  -35.539  -35.539  -13.545  -13.545
  -12.738  -12.738   -5.674   -5.674   -4.664   -4.664   -4.362   -4.362   -3.044   -3.044
   -1.998   -1.998   -1.794   -1.794   -1.188   -1.188    2.236    2.236    2.542    2.542
    3.419    3.419    4.283    4.283    6.535    6.535    6.927    6.927    7.186    7.186
    7.958    7.958    8.281    8.281    9.296    9.296    9.508    9.508   10.858   10.858
   11.271   11.271   11.965   11.965   12.150   12.150   12.818   12.818   12.897   12.897
            0.295918  0.170849  0.000000
  -73.915  -73.915  -45.342  -45.342  -35.660  -35.660  -35.537  -35.537  -13.612  -13.612
  -12.761  -12.761   -5.622   -5.622   -4.673   -4.673   -4.289   -4.289   -2.998   -2.998
   -1.990   -1.990   -1.813   -1.813   -1.154   -1.154    2.212    2.212    2.523    2.523
    3.360    3.360    4.241    4.241    6.498    6.498    6.849    6.849    7.214    7.214
    7.908    7.908    8.314    8.314    9.256    9.256    9.447    9.447   10.768   10.768
   11.308   11.308   11.962   11.962   12.203   12.203   12.721   12.721   12.910   12.910
            0.285714  0.164957  0.000000
  -73.915  -73.915  -45.340  -45.340  -35.652  -35.652  -35.536  -35.536  -13.679  -13.679
  -12.785  -12.785   -5.580   -5.580   -4.675   -4.675   -4.212   -4.212   -2.951   -2.951
   -1.997   -1.997   -1.818   -1.818   -1.113   -1.113    2.189    2.189    2.510    2.510
    3.301    3.301    4.195    4.195    6.447    6.447    6.768    6.768    7.234    7.234
    7.871    7.871    8.354    8.354    9.215    9.215    9.394    9.394   10.661   10.661
   11.342   11.342   11.953   11.953   12.251   12.251   12.621   12.621   12.938   12.938
            0.275510  0.159066  0.000000
  -73.916  -73.916  -45.338  -45.338  -35.645  -35.645  -35.534  -35.534  -13.745  -13.745
  -12.809  -12.809   -5.552   -5.552   -4.667   -4.667   -4.133   -4.133   -2.902   -2.902
   -2.021   -2.021   -1.808   -1.808   -1.066   -1.066    2.168    2.168    2.501    2.501
    3.241    3.241    4.148    4.148    6.387    6.387    6.685    6.685    7.238    7.238
    7.847    7.847    8.393    8.393    9.172    9.172    9.351    9.351   10.547   10.547
   11.369   11.369   11.946   11.946   12.284   12.284   12.522   12.522   12.976   12.976
            0.265306  0.153175  0.000000
  -73.916  -73.916  -45.336  -45.336  -35.638  -35.638  -35.532  -35.532  -13.812  -13.812
  -12.833  -12.833   -5.539   -5.539   -4.645   -4.645   -4.053   -4.053   -2.851   -2.851
   -2.055   -2.055   -1.786   -1.786   -1.014   -1.014    2.149    2.149    2.497    2.497
    3.181    3.181    4.097    4.097    6.321    6.321    6.602    6.602    7.225    7.225
    7.834    7.834    8.428    8.428    9.128    9.128    9.319    9.319   10.431   10.431
   11.384   11.384   11.943   11.943   12.296   12.296   12.427   12.427   13.016   13.016
            0.255102  0.147283  0.000000
  -73.917  -73.917  -45.334  -45.334  -35.631  -35.631  -35.529  -35.529  -13.877  -13.877
  -12.857  -12.857   -5.541   -5.541   -4.609   -4.609   -3.971   -3.971   -2.800   -2.800
   -2.096   -2.096   -1.759   -1.759   -0.958   -0.958    2.133    2.133    2.497    2.497
    3.123    3.123    4.045    4.045    6.252    6.252    6.519    6.519    7.194    7.194
    7.829    7.829    8.451    8.451    9.086    9.086    9.301    9.301   10.321   10.321
   11.385   11.385   11.948   11.948   12.279   12.279   12.342   12.342   13.055   13.055
            0.244898  0.141392  0.000000
  -73.917  -73.917  -45.332  -45.332  -35.625  -35.625  -35.526  -35.526  -13.942  -13.942
  -12.881  -12.881   -5.558   -5.558   -4.558   -4.558   -3.888   -3.888   -2.747   -2.747
   -2.140   -2.140   -1.728   -1.728   -0.899   -0.899    2.121    2.121    2.501    2.501
    3.066    3.066    3.990    3.990    6.181    6.181    6.437    6.437    7.151    7.151
    7.823    7.823    8.458    8.458    9.044    9.044    9.302    9.302   10.219   10.219
   11.367   11.367   11.959   11.959   12.227   12.227   12.278   12.278   13.069   13.069
            0.234694  0.135501  0.000000
  -73.918  -73.918  -45.330  -45.330  -35.619  -35.619  -35.523  -35.523  -14.006  -14.006
  -12.904  -12.904   -5.587   -5.587   -4.496   -4.496   -3.805   -3.805   -2.693   -2.693
   -2.186   -2.186   -1.697   -1.697   -0.837   -0.837    2.112    2.112    2.510    2.510
    3.012    3.012    3.933    3.933    6.109    6.109    6.356    6.356    7.098    7.098
    7.809    7.809    8.447    8.447    9.003    9.003    9.326    9.326   10.128   10.128
   11.327   11.327   11.973   11.973   12.165   12.165   12.216   12.216   13.003   13.003
            0.224490  0.129609  0.000000
  -73.918  -73.918  -45.328  -45.328  -35.613  -35.613  -35.519  -35.519  -14.068  -14.068
  -12.927  -12.927   -5.625   -5.625   -4.424   -4.424   -3.721   -3.721   -2.639   -2.639
   -2.232   -2.232   -1.664   -1.664   -0.775   -0.775    2.109    2.109    2.521    2.521
    2.960    2.960    3.874    3.874    6.037    6.037    6.277    6.277    7.038    7.038
    7.780    7.780    8.420    8.420    8.966    8.966    9.372    9.372   10.048   10.048
   11.267   11.267   11.978   11.978   12.112   12.112   12.153   12.153   12.940   12.940
            0.214286  0.123718  0.000000
  -73.919  -73.919  -45.326  -45.326  -35.608  -35.608  -35.515  -35.515  -14.129  -14.129
  -12.949  -12.949   -5.670   -5.670   -4.345   -4.345   -3.637   -3.637   -2.586   -2.586
   -2.277   -2.277   -1.632   -1.632   -0.712   -0.712    2.110    2.110    2.536    2.536
    2.912    2.912    3.813    3.813    5.966    5.966    6.199    6.199    6.973    6.973
    7.731    7.731    8.381    8.381    8.938    8.938    9.434    9.434    9.979    9.979
   11.190   11.190   11.949   11.949   12.046   12.046   12.137   12.137   12.883   12.883
            0.204082  0.117827  0.000000
  -73.919  -73.919  -45.324  -45.324  -35.603  -35.603  -35.511  -35.511  -14.188  -14.188
  -12.971  -12.971   -5.719   -5.719   -4.261   -4.261   -3.553   -3.553   -2.536   -2.536
   -2.319   -2.319   -1.602   -1.602   -0.651   -0.651    2.116    2.116    2.553    2.553
    2.868    2.868    3.751    3.751    5.895    5.895    6.125    6.125    6.905    6.905
    7.660    7.660    8.334    8.334    8.925    8.925    9.502    9.502    9.919    9.919
   11.105   11.105   11.877   11.877   11.980   11.980   12.163   12.163   12.832   12.832
            0.193878  0.111935  0.000000
  -73.920  -73.920  -45.323  -45.323  -35.599  -35.599  -35.506  -35.506  -14.246  -14.246
  -12.992  -12.992   -5.771   -5.771   -4.174   -4.174   -3.470   -3.470   -2.496   -2.496
   -2.349   -2.349   -1.573   -1.573   -0.591   -0.591    2.128    2.128    2.572    2.572
    2.828    2.828    3.689    3.689    5.825    5.825    6.052    6.052    6.833    6.833
    7.569    7.569    8.283    8.283    8.927    8.927    9.569    9.569    9.867    9.867
   11.019   11.019   11.778   11.778   11.925   11.925   12.204   12.204   12.786   12.786
            0.183673  0.106044  0.000000
  -73.920  -73.920  -45.321  -45.321  -35.596  -35.596  -35.500  -35.500  -14.301  -14.301
  -13.012  -13.012   -5.825   -5.825   -4.083   -4.083   -3.387   -3.387   -2.484   -2.484
   -2.350   -2.350   -1.546   -1.546   -0.534   -0.534    2.146    2.146    2.593    2.593
    2.794    2.794    3.625    3.625    5.757    5.757    5.983    5.983    6.758    6.758
    7.463    7.463    8.229    8.229    8.942    8.942    9.621    9.621    9.826    9.826
   10.943   10.943   11.667   11.667   11.874   11.874   12.250   12.250   12.746   12.746
            0.173469  0.100153  0.000000
  -73.921  -73.921  -45.319  -45.319  -35.593  -35.593  -35.495  -35.495  -14.354  -14.354
  -13.032  -13.032   -5.879   -5.879   -3.992   -3.992   -3.304   -3.304   -2.506   -2.506
   -2.317   -2.317   -1.523   -1.523   -0.480   -0.480    2.169    2.169    2.616    2.616
    2.765    2.765    3.561    3.561    5.691    5.691    5.917    5.917    6.680    6.680
    7.348    7.348    8.175    8.175    8.968    8.968    9.645    9.645    9.799    9.799
   10.890   10.890   11.552   11.552   11.827   11.827   12.293   12.293   12.712   12.712
            0.163265  0.094261  0.000000
  -73.921  -73.921  -45.317  -45.317  -35.590  -35.590  -35.489  -35.489  -14.405  -14.405
  -13.051  -13.051   -5.932   -5.932   -3.900   -3.900   -3.222   -3.222   -2.541   -2.541
   -2.269   -2.269   -1.503   -1.503   -0.430   -0.430    2.198    2.198    2.638    2.638
    2.744    2.744    3.497    3.497    5.626    5.626    5.854    5.854    6.597    6.597
    7.230    7.230    8.122    8.122    9.000    9.000    9.635    9.635    9.782    9.782
   10.869   10.869   11.436   11.436   11.782   11.782   12.331   12.331   12.683   12.683
            0.153061  0.088370  0.000000
  -73.922  -73.922  -45.315  -45.315  -35.588  -35.588  -35.484  -35.484  -14.453  -14.453
  -13.069  -13.069   -5.985   -5.985   -3.809   -3.809   -3.141   -3.141   -2.578   -2.578
   -2.217   -2.217   -1.487   -1.487   -0.384   -0.384    2.232    2.232    2.658    2.658
    2.732    2.732    3.434    3.434    5.563    5.563    5.794    5.794    6.508    6.508
    7.115    7.115    8.071    8.071    9.035    9.035    9.599    9.599    9.765    9.765
   10.885   10.885   11.321   11.321   11.741   11.741   12.358   12.358   12.658   12.658
            0.142857  0.082479  0.000000
  -73.922  -73.922  -45.314  -45.314  -35.586  -35.586  -35.478  -35.478  -14.499  -14.499
  -13.086  -13.086   -6.036   -6.036   -3.720   -3.720   -3.061   -3.061   -2.615   -2.615
   -2.164   -2.164   -1.476   -1.476   -0.342   -0.342    2.270    2.270    2.673    2.673
    2.732    2.732    3.372    3.372    5.501    5.501    5.737    5.737    6.413    6.413
    7.007    7.007    8.021    8.021    9.066    9.066    9.541    9.541    9.749    9.749
   10.934   10.934   11.209   11.209   11.706   11.706   12.373   12.373   12.639   12.639
            0.132653  0.076587  0.000000
  -73.923  -73.923  -45.312  -45.312  -35.584  -35.584  -35.472  -35.472  -14.542  -14.542
  -13.102  -13.102   -6.085   -6.085   -3.632   -3.632   -2.982   -2.982   -2.650   -2.650
   -2.112   -2.112   -1.469   -1.469   -0.304   -0.304    2.312    2.312    2.680    2.680
    2.745    2.745    3.313    3.313    5.441    5.441    5.684    5.684    6.313    6.313
    6.910    6.910    7.974    7.974    9.091    9.091    9.463    9.463    9.743    9.743
   11.005   11.005   11.103   11.103   11.681   11.681   12.375   12.375   12.623   12.623
            0.122449  0.070696  0.000000
  -73.923  -73.923  -45.311  -45.311  -35.582  -35.582  -35.467  -35.467  -14.583  -14.583
  -13.117  -13.117   -6.131   -6.131   -3.548   -3.548   -2.906   -2.906   -2.681   -2.681
   -2.061   -2.061   -1.467   -1.467   -0.271   -0.271    2.357    2.357    2.685    2.685
    2.766    2.766    3.255    3.255    5.381    5.381    5.634    5.634    6.208    6.208
    6.824    6.824    7.929    7.929    9.106    9.106    9.369    9.369    9.754    9.754
   10.999   10.999   11.086   11.086   11.670   11.670   12.364   12.364   12.610   12.610
            0.112245  0.064805  0.000000
  -73.923  -73.923  -45.310  -45.310  -35.581  -35.581  -35.461  -35.461  -14.620  -14.620
  -13.131  -13.131   -6.174   -6.174   -3.468   -3.468   -2.837   -2.837   -2.705   -2.705
   -2.013   -2.013   -1.470   -1.470   -0.242   -0.242    2.403    2.403    2.692    2.692
    2.790    2.790    3.202    3.202    5.323    5.323    5.589    5.589    6.102    6.102
    6.748    6.748    7.887    7.887    9.107    9.107    9.269    9.269    9.782    9.782
   10.903   10.903   11.159   11.159   11.683   11.683   12.341   12.341   12.600   12.600
            0.102041  0.058913  0.000000
  -73.924  -73.924  -45.308  -45.308  -35.580  -35.580  -35.456  -35.456  -14.655  -14.655
  -13.144  -13.144   -6.215   -6.215   -3.393   -3.393   -2.790   -2.790   -2.703   -2.703
   -1.967   -1.967   -1.478   -1.478   -0.217   -0.217    2.450    2.450    2.701    2.701
    2.815    2.815    3.153    3.153    5.265    5.265    5.546    5.546    5.999    5.999
    6.683    6.683    7.849    7.849    9.086    9.086    9.179    9.179    9.824    9.824
   10.814   10.814   11.213   11.213   11.727   11.727   12.308   12.308   12.593   12.593
            0.091837  0.053022  0.000000
  -73.924  -73.924  -45.307  -45.307  -35.579  -35.579  -35.452  -35.452  -14.687  -14.687
  -13.155  -13.155   -6.252   -6.252   -3.324   -3.324   -2.789   -2.789   -2.653   -2.653
   -1.925   -1.925   -1.490   -1.490   -0.195   -0.195    2.495    2.495    2.712    2.712
    2.839    2.839    3.110    3.110    5.208    5.208    5.508    5.508    5.900    5.900
    6.627    6.627    7.814    7.814    9.016    9.016    9.132    9.132    9.877    9.877
   10.733   10.733   11.241   11.241   11.803   11.803   12.267   12.267   12.588   12.588
            0.081633  0.047131  0.000000
  -73.924  -73.924  -45.306  -45.306  -35.579  -35.579  -35.448  -35.448  -14.715  -14.715
  -13.166  -13.166   -6.286   -6.286   -3.261   -3.261   -2.802   -2.802   -2.588   -2.588
   -1.888   -1.888   -1.506   -1.506   -0.177   -0.177    2.538    2.538    2.723    2.723
    2.864    2.864    3.074    3.074    5.151    5.151    5.474    5.474    5.809    5.809
    6.578    6.578    7.782    7.782    8.921    8.921    9.110    9.110    9.935    9.935
   10.661   10.661   11.249   11.249   11.902   11.902   12.222   12.222   12.585   12.585
            0.071429  0.041239  0.000000
  -73.925  -73.925  -45.305  -45.305  -35.578  -35.578  -35.444  -35.444  -14.740  -14.740
  -13.175  -13.175   -6.316   -6.316   -3.207   -3.207   -2.815   -2.815   -2.520   -2.520
   -1.855   -1.855   -1.525   -1.525   -0.162   -0.162    2.578    2.578    2.732    2.732
    2.888    2.888    3.047    3.047    5.096    5.096    5.443    5.443    5.727    5.727
    6.536    6.536    7.754    7.754    8.827    8.827    9.092    9.092    9.994    9.994
   10.598   10.598   11.246   11.246   12.007   12.007   12.180   12.180   12.583   12.583
            0.061224  0.035348  0.000000
  -73.925  -73.925  -45.304  -45.304  -35.577  -35.577  -35.440  -35.440  -14.762  -14.762
  -13.183  -13.183   -6.342   -6.342   -3.163   -3.163   -2.822   -2.822   -2.455   -2.455
   -1.829   -1.829   -1.544   -1.544   -0.149   -0.149    2.613    2.613    2.736    2.736
    2.912    2.912    3.029    3.029    5.042    5.042    5.416    5.416    5.657    5.657
    6.501    6.501    7.730    7.730    8.740    8.740    9.075    9.075   10.051   10.051
   10.548   10.548   11.237   11.237   12.069   12.069   12.183   12.183   12.583   12.583
            0.051020  0.029457  0.000000
  -73.925  -73.925  -45.304  -45.304  -35.577  -35.577  -35.437  -35.437  -14.781  -14.781
  -13.190  -13.190   -6.365   -6.365   -3.128   -3.128   -2.825   -2.825   -2.393   -2.393
   -1.810   -1.810   -1.563   -1.563   -0.139   -0.139    2.643    2.643    2.735    2.735
    2.937    2.937    3.019    3.019    4.992    4.992    5.394    5.394    5.598    5.598
    6.471    6.471    7.709    7.709    8.663    8.663    9.060    9.060   10.102   10.102
   10.510   10.510   11.226   11.226   12.041   12.041   12.272   12.272   12.583   12.583
            0.040816  0.023565  0.000000
  -73.925  -73.925  -45.303  -45.303  -35.577  -35.577  -35.435  -35.435  -14.796  -14.796
  -13.196  -13.196   -6.383   -6.383   -3.103   -3.103   -2.824   -2.824   -2.336   -2.336
   -1.801   -1.801   -1.579   -1.579   -0.131   -0.131    2.668    2.668    2.730    2.730
    2.960    2.960    3.015    3.015    4.947    4.947    5.375    5.375    5.551    5.551
    6.447    6.447    7.692    7.692    8.597    8.597    9.046    9.046   10.141   10.141
   10.486   10.486   11.216   11.216   11.998   11.998   12.371   12.371   12.585   12.585
            0.030612  0.017674  0.000000
  -73.925  -73.925  -45.303  -45.303  -35.576  -35.576  -35.433  -35.433  -14.808  -14.808
  -13.201  -13.201   -6.398   -6.398   -3.087   -3.087   -2.819   -2.819   -2.286   -2.286
   -1.800   -1.800   -1.590   -1.590   -0.125   -0.125    2.686    2.686    2.725    2.725
    2.980    2.980    3.015    3.015    4.910    4.910    5.361    5.361    5.516    5.516
    6.429    6.429    7.679    7.679    8.545    8.545    9.036    9.036   10.167   10.167
   10.477   10.477   11.207   11.207   11.957   11.957   12.458   12.458   12.587   12.587
            0.020408  0.011783  0.000000
  -73.925  -73.925  -45.302  -45.302  -35.576  -35.576  -35.432  -35.432  -14.817  -14.817
  -13.204  -13.204   -6.408   -6.408   -3.077   -3.077   -2.813   -2.813   -2.245   -2.245
   -1.806   -1.806   -1.596   -1.596   -0.121   -0.121    2.696    2.696    2.723    2.723
    2.996    2.996    3.016    3.016    4.881    4.881    5.350    5.350    5.490    5.490
    6.416    6.416    7.669    7.669    8.507    8.507    9.028    9.028   10.181   10.181
   10.478   10.478   11.201   11.201   11.925   11.925   12.523   12.523   12.591   12.591
            0.010204  0.005891  0.000000
  -73.925  -73.925  -45.302  -45.302  -35.576  -35.576  -35.431  -35.431  -14.822  -14.822
  -13.206  -13.206   -6.414   -6.414   -3.072   -3.072   -2.809   -2.809   -2.219   -2.219
   -1.812   -1.812   -1.598   -1.598   -0.119   -0.119    2.698    2.698    2.725    2.725
    3.006    3.006    3.018    3.018    4.864    4.864    5.344    5.344    5.475    5.475
    6.408    6.408    7.663    7.663    8.483    8.483    9.023    9.023   10.186   10.186
   10.482   10.482   11.197   11.197   11.905   11.905   12.558   12.558   12.600   12.600
            0.000000  0.000000  0.000000
  -73.925  -73.925  -45.302  -45.302  -35.576  -35.576  -35.430  -35.430  -14.824  -14.824
  -13.206  -13.206   -6.416   -6.416   -3.071   -3.071   -2.808   -2.808   -2.209   -2.209
   -1.815   -1.815   -1.599   -1.599   -0.118   -0.118    2.698    2.698    2.727    2.727
    3.010    3.010    3.019    3.019    4.858    4.858    5.342    5.342    5.471    5.471
    6.405    6.405    7.661    7.661    8.476    8.476    9.021    9.021   10.188   10.188
   10.484   10.484   11.195   11.195   11.898   11.898   12.567   12.567   12.606   12.606
