 
  kpoint:     0.0000    0.4737    0.0000
 
    n          ϵ_nk^DFT (eV)     Σ^c_nk (eV)     Σ^x_nk (eV)    v_nk^xc (eV)   ϵ_nk^G0W0 (eV)
 
    1 (occ)          -60.811          11.744         -39.222         -24.145          -64.144
    2 (occ)          -35.265           9.296         -32.608         -22.403          -36.174
    3 (occ)          -35.023           9.153         -32.571         -22.621          -35.820
    4 (occ)          -34.944           9.222         -32.605         -22.705          -35.622
    5 (occ)          -12.273           7.281         -21.742         -14.470          -12.263
    6 (occ)          -12.162           7.418         -21.748         -14.409          -12.082
    7 (occ)           -5.889           4.525         -17.316         -12.767           -5.913
    8 (occ)           -4.940           3.985         -17.087         -13.015           -5.028
    9 (occ)           -4.163           3.638         -17.746         -14.101           -4.170
   10 (occ)           -3.176           2.903         -18.109         -15.248           -3.134
   11 (occ)           -2.056           2.822         -16.885         -13.812           -2.307
   12 (occ)           -0.935           2.133         -16.444         -14.155           -1.091
   13 (occ)           -0.729           1.560         -15.924         -14.430           -0.663
   14 (vir)            2.329          -4.136         -13.280         -18.533            3.447
   15 (vir)            2.781          -4.366         -12.347         -17.753            3.821
   16 (vir)            3.843          -4.336          -9.796         -15.254            4.965
   17 (vir)            4.245          -4.671         -10.913         -16.562            5.223
   18 (vir)            6.471          -4.515          -6.736         -12.484            7.704
   19 (vir)            8.348          -4.534          -6.510         -12.460            9.764
   20 (vir)            8.493          -4.662          -5.587         -11.418            9.661
   21 (vir)           11.026          -5.336          -6.399         -13.101           12.391
   22 (vir)           11.526          -5.258          -7.058         -14.020           13.231
   23 (vir)           11.613          -5.313          -5.883         -12.671           13.087
   24 (vir)           13.845          -4.708          -3.407          -9.279           15.009
   25 (vir)           15.250          -5.534          -4.279         -10.863           16.300
   26 (vir)           16.435          -6.781          -5.451         -13.433           17.636
   27 (vir)           17.188          -6.508          -4.403         -11.783           18.060
   28 (vir)           17.969          -6.772          -5.367         -13.937           19.767
   29 (vir)           18.676          -6.478          -4.451         -12.371           20.119
   30 (vir)           18.726          -7.147          -5.182         -14.012           20.409
   31 (vir)           21.357          -6.570          -4.160         -12.527           23.154
   32 (vir)           22.002          -7.959          -4.352         -13.177           22.868
   33 (vir)           22.998          -7.131          -3.980         -12.422           24.309
   34 (vir)           25.234          -7.708          -4.425         -13.662           26.763
   35 (vir)           27.561          -5.015          -4.016         -12.910           31.440
   36 (vir)           27.833          -6.420          -3.708         -12.419           30.124
   37 (vir)           28.336          -5.146          -4.557         -14.106           32.739
   38 (vir)           29.209          -9.778          -4.041         -13.871           29.261
   39 (vir)           31.242          -8.022          -3.996         -13.590           32.815
   40 (vir)           32.994          -7.925          -4.312         -14.226           34.982
   41 (vir)           33.055          -7.101          -4.396         -14.197           35.755
   42 (vir)           33.079          -4.522          -3.531         -12.632           37.658
   43 (vir)           34.184          -4.439          -4.326         -14.489           39.908
   44 (vir)           34.606          -4.742          -3.996         -13.784           39.652
   45 (vir)           36.819          -6.071          -4.000         -14.280           41.027
   46 (vir)           37.900          -7.409          -4.206         -14.755           41.039
   47 (vir)           38.824          -4.234          -4.363         -14.551           44.778
   48 (vir)           45.134          -1.399          -2.896         -12.283           53.121
   49 (vir)           45.166          -1.538          -2.769         -12.199           53.057
   50 (vir)           45.806          -1.774          -3.870         -15.217           55.379
   51 (vir)           45.900           1.326          -4.206         -15.396           58.416
   52 (vir)           57.878          -0.799          -2.968         -13.105           67.216
   53 (vir)           60.487          -2.398          -3.889         -15.680           69.881
   54 (vir)           70.264          -2.414          -3.761         -16.505           80.593
   55 (vir)           89.639          -6.905          -3.844         -17.737           96.628
   56 (vir)          124.719          -2.993          -0.851          -9.585          130.460
   57 (vir)          124.770           0.533          -0.826          -9.592          134.068
   58 (vir)          139.309          -1.384          -0.704         -11.078          148.298
   59 (vir)          139.457          -0.219          -0.702         -11.090          149.626
   60 (vir)          139.903          -1.080          -0.724         -11.202          149.302
   61 (vir)          140.192          -0.572          -0.718         -11.192          150.094
   62 (vir)          140.253          -4.199          -0.689         -11.080          146.446
   63 (vir)          140.612          -2.045          -0.689         -11.098          148.978
   64 (vir)          292.513          -0.380          -2.515         -23.228          312.846
   65 (vir)          292.627          -0.410          -2.434         -23.114          312.897
   66 (vir)          292.738          -0.369          -2.435         -23.085          313.018
   67 (vir)          292.954          -0.382          -2.474         -23.161          313.259
   68 (vir)          292.963          -0.422          -2.434         -23.120          313.227
   69 (vir)          379.410          -0.240          -1.107         -14.596          392.659
