 
  kpoint:     0.3333    0.3333    0.0000
 
    n          ϵ_nk^DFT (eV)     Σ^c_nk (eV)     Σ^x_nk (eV)    v_nk^xc (eV)   ϵ_nk^G0W0 (eV)
 
    1 (occ)          -60.805          11.636         -39.222         -24.150          -64.240
    2 (occ)          -35.164           9.211         -32.570         -22.498          -36.025
    3 (occ)          -35.116           9.350         -32.635         -22.541          -35.861
    4 (occ)          -35.012           9.124         -32.574         -22.634          -35.828
    5 (occ)          -11.982           7.336         -21.815         -14.528          -11.933
    6 (occ)          -11.969           7.217         -21.774         -14.632          -11.894
    7 (occ)           -5.549           4.168         -17.876         -13.747           -5.510
    8 (occ)           -4.728           4.110         -17.407         -13.234           -4.790
    9 (occ)           -4.156           3.231         -16.083         -12.606           -4.402
   10 (occ)           -3.607           3.428         -17.676         -14.106           -3.748
   11 (occ)           -3.001           3.131         -16.276         -12.928           -3.217
   12 (occ)           -2.338           2.910         -17.604         -14.494           -2.538
   13 (occ)           -0.054           0.675         -16.643         -16.269            0.246
   14 (vir)            1.785          -3.322         -13.154         -17.567            2.876
   15 (vir)            2.909          -4.017         -10.215         -15.331            4.008
   16 (vir)            3.521          -4.570         -11.804         -17.323            4.470
   17 (vir)            4.926          -5.390         -11.260         -17.647            5.924
   18 (vir)            7.555          -4.808          -7.120         -13.022            8.649
   19 (vir)            7.938          -4.628          -6.008         -11.978            9.280
   20 (vir)           10.914          -5.051          -5.852         -12.251           12.262
   21 (vir)           11.237          -4.837          -5.073         -11.368           12.695
   22 (vir)           12.300          -5.348          -5.720         -12.570           13.803
   23 (vir)           13.253          -5.925          -5.932         -13.198           14.594
   24 (vir)           13.472          -6.145          -5.838         -13.424           14.914
   25 (vir)           13.502          -6.312          -5.804         -13.424           14.811
   26 (vir)           14.282          -6.030          -6.300         -13.854           15.805
   27 (vir)           14.752          -5.080          -3.777         -10.199           16.095
   28 (vir)           18.722          -5.505          -3.126          -9.387           19.478
   29 (vir)           19.951          -7.036          -4.840         -13.621           21.696
   30 (vir)           19.976          -6.128          -3.840         -11.285           21.293
   31 (vir)           19.979          -6.782          -4.955         -13.493           21.735
   32 (vir)           20.474          -4.763          -4.507         -12.396           23.601
   33 (vir)           24.625          -6.842          -3.690         -12.400           26.493
   34 (vir)           24.914          -7.854          -3.929         -12.779           25.910
   35 (vir)           25.783          -9.013          -3.972         -13.311           26.109
   36 (vir)           27.484          -8.817          -4.317         -14.048           28.398
   37 (vir)           28.096          -9.179          -3.821         -13.268           28.365
   38 (vir)           29.283          -9.424          -4.162         -14.017           29.714
   39 (vir)           30.432          -6.880          -4.080         -13.626           33.098
   40 (vir)           30.835          -7.825          -4.154         -14.053           32.909
   41 (vir)           31.648          -5.583          -4.365         -14.092           35.792
   42 (vir)           33.479          -5.498          -4.414         -14.255           37.821
   43 (vir)           34.779          -7.277          -4.837         -14.705           37.370
   44 (vir)           35.630          -6.130          -4.382         -14.981           40.099
   45 (vir)           36.264          -8.313          -4.464         -14.633           38.120
   46 (vir)           39.495         -12.797          -4.218         -15.240           37.721
   47 (vir)           40.016          -8.278          -3.992         -14.310           42.056
   48 (vir)           41.132          -2.907          -4.112         -14.528           48.642
   49 (vir)           44.578         -12.121          -4.194         -15.542           43.805
   50 (vir)           47.025           2.907          -3.018         -12.848           59.762
   51 (vir)           48.558          -0.382          -2.642         -12.128           57.662
   52 (vir)           71.274           0.156          -3.780         -16.807           84.456
   53 (vir)           73.138          -0.820          -2.958         -14.176           83.536
   54 (vir)           78.404          -2.499          -4.107         -17.104           88.902
   55 (vir)           84.218          -1.341          -3.757         -17.210           96.330
   56 (vir)          124.876          -0.971          -0.860          -9.599          132.643
   57 (vir)          126.691          -1.922          -0.774          -9.461          133.456
   58 (vir)          139.599          -0.946          -0.704         -11.091          149.041
   59 (vir)          139.619           0.171          -0.700         -11.072          150.161
   60 (vir)          139.620          -0.217          -0.698         -11.074          149.779
   61 (vir)          139.919          -0.560          -0.703         -11.114          149.770
   62 (vir)          139.985          -1.120          -0.726         -11.214          149.352
   63 (vir)          140.287          -1.558          -0.719         -11.200          149.210
   64 (vir)          292.658          -0.349          -2.490         -23.182          313.002
   65 (vir)          292.824          -0.417          -2.430         -23.110          313.088
   66 (vir)          292.846          -0.418          -2.443         -23.137          313.122
   67 (vir)          292.927          -0.370          -2.468         -23.152          313.240
   68 (vir)          292.964          -0.405          -2.449         -23.117          313.226
   69 (vir)          387.791          -1.339          -1.006         -14.629          400.075
