 
  kpoint:     0.0000    0.0263    0.0000
 
    n          ϵ_nk^DFT (eV)     Σ^c_nk (eV)     Σ^x_nk (eV)    v_nk^xc (eV)   ϵ_nk^G0W0 (eV)
 
    1 (occ)          -60.855          11.625         -39.224         -24.104          -64.350
    2 (occ)          -35.107           9.258         -32.560         -22.524          -35.885
    3 (occ)          -34.849           8.931         -32.588         -22.784          -35.722
    4 (occ)          -34.846           8.997         -32.588         -22.786          -35.651
    5 (occ)          -14.210           8.196         -21.692         -13.633          -14.073
    6 (occ)          -12.956           7.626         -21.506         -13.904          -12.932
    7 (occ)           -5.731           4.510         -17.402         -12.917           -5.705
    8 (occ)           -2.597           2.654         -18.140         -15.665           -2.419
    9 (occ)           -2.561           2.631         -18.151         -15.698           -2.382
   10 (occ)           -2.044           2.791         -15.907         -12.797           -2.361
   11 (occ)           -1.484           1.725         -17.661         -16.092           -1.329
   12 (occ)           -1.421           1.801         -17.383         -15.672           -1.330
   13 (occ)           -0.207           1.202         -16.505         -15.470           -0.041
   14 (vir)            2.760          -3.704         -10.935         -15.605            3.727
   15 (vir)            2.798          -3.720         -10.938         -15.618            3.757
   16 (vir)            2.930          -3.731         -10.967         -15.495            3.727
   17 (vir)            2.951          -3.735         -10.992         -15.524            3.748
   18 (vir)            6.332          -4.455          -5.900         -11.260            7.237
   19 (vir)            8.955          -3.819          -3.859          -8.533            9.811
   20 (vir)            9.747          -3.743          -4.491          -9.720           11.233
   21 (vir)           10.246          -4.419          -5.086         -11.002           11.744
   22 (vir)           11.468          -5.190          -6.138         -13.031           13.172
   23 (vir)           11.524          -5.228          -6.160         -13.086           13.222
   24 (vir)           13.286          -5.587          -6.759         -14.024           14.964
   25 (vir)           13.653          -5.833          -6.078         -13.641           15.382
   26 (vir)           13.711          -5.875          -6.066         -13.647           15.416
   27 (vir)           16.831          -6.553          -6.129         -14.610           18.759
   28 (vir)           16.857          -7.103          -6.114         -14.587           18.226
   29 (vir)           16.986          -6.760          -5.936         -14.490           18.779
   30 (vir)           17.062          -6.625          -5.944         -14.526           19.019
   31 (vir)           20.514          -6.737          -4.763         -13.175           22.190
   32 (vir)           22.030           2.625          -4.699         -12.972           32.929
   33 (vir)           26.885          -7.192          -4.678         -13.783           28.798
   34 (vir)           27.837          -1.952          -4.154         -13.210           34.942
   35 (vir)           27.975          -6.945          -4.658         -14.427           30.800
   36 (vir)           28.143          -3.258          -3.979         -12.779           33.685
   37 (vir)           31.027          -3.404          -2.425          -9.825           35.023
   38 (vir)           31.731          -6.606          -4.314         -14.071           34.881
   39 (vir)           31.754          -5.037          -4.333         -14.117           36.500
   40 (vir)           32.043          -4.129          -3.366         -12.524           37.072
   41 (vir)           32.264          -4.685          -3.270         -12.225           36.534
   42 (vir)           36.283          -1.681          -3.837         -14.387           45.153
   43 (vir)           37.112          -2.741          -3.734         -13.473           44.111
   44 (vir)           37.142          -3.874          -3.753         -13.495           43.009
   45 (vir)           39.854          -4.142          -4.854         -15.180           46.039
   46 (vir)           40.599          -0.709          -3.158         -13.138           49.869
   47 (vir)           40.634          -0.609          -3.153         -13.116           49.989
   48 (vir)           40.773          -4.195          -2.980         -12.840           46.437
   49 (vir)           40.840          -2.778          -3.243         -13.231           48.050
   50 (vir)           42.090           0.968          -3.265         -12.736           52.529
   51 (vir)           46.568          -1.798          -3.815         -15.066           56.021
   52 (vir)           46.799           1.180          -3.807         -15.126           59.298
   53 (vir)           50.114          -1.644          -3.728         -14.527           59.270
   54 (vir)           94.220          -2.322          -3.724         -17.453          105.627
   55 (vir)           94.417          -0.340          -3.711         -17.468          107.834
   56 (vir)          112.580          -0.874          -1.106          -9.966          120.566
   57 (vir)          112.719          -1.068          -1.133         -10.083          120.600
   58 (vir)          139.727          -0.071          -0.722         -11.184          150.118
   59 (vir)          139.846          -0.579          -0.716         -11.171          149.722
   60 (vir)          141.713          -0.199          -0.657         -11.049          151.905
   61 (vir)          141.732          -0.189          -0.656         -11.049          151.936
   62 (vir)          141.898           3.120          -0.658         -11.067          155.427
   63 (vir)          141.919           0.589          -0.658         -11.068          152.919
   64 (vir)          292.276          -0.412          -2.528         -23.257          312.594
   65 (vir)          292.276          -0.412          -2.528         -23.258          312.594
   66 (vir)          292.431          -0.413          -2.427         -23.094          312.685
   67 (vir)          292.434          -0.413          -2.427         -23.094          312.688
   68 (vir)          292.531          -0.381          -2.520         -23.237          312.866
   69 (vir)          340.669          -0.890          -1.671         -15.052          353.160
