 
  kpoint:     0.0000    0.2105    0.0000
 
    n          ϵ_nk^DFT (eV)     Σ^c_nk (eV)     Σ^x_nk (eV)    v_nk^xc (eV)   ϵ_nk^G0W0 (eV)
 
    1 (occ)          -60.839          11.949         -39.223         -24.120          -63.993
    2 (occ)          -35.076           9.200         -32.567         -22.561          -35.882
    3 (occ)          -35.008           9.108         -32.594         -22.634          -35.860
    4 (occ)          -34.883           8.980         -32.593         -22.755          -35.741
    5 (occ)          -13.588           7.798         -21.659         -13.851          -13.597
    6 (occ)          -12.692           7.517         -21.564         -14.046          -12.693
    7 (occ)           -5.147           4.137         -17.478         -13.373           -5.115
    8 (occ)           -3.656           3.305         -17.330         -14.012           -3.669
    9 (occ)           -3.389           3.087         -17.259         -14.094           -3.467
   10 (occ)           -2.276           2.256         -17.781         -15.613           -2.188
   11 (occ)           -1.930           2.359         -17.735         -15.480           -1.825
   12 (occ)           -1.306           2.448         -15.911         -13.165           -1.605
   13 (occ)           -0.658           1.410         -16.932         -15.718           -0.462
   14 (vir)            2.088          -3.490         -10.869         -15.276            3.005
   15 (vir)            2.438          -3.583         -11.497         -15.955            3.313
   16 (vir)            2.708          -3.930         -10.925         -15.944            3.796
   17 (vir)            3.592          -4.275         -11.033         -16.288            4.571
   18 (vir)            7.999          -4.633          -5.624         -11.256            8.997
   19 (vir)            9.792          -3.908          -3.768          -8.680           10.796
   20 (vir)           10.087          -5.111          -6.490         -13.019           11.504
   21 (vir)           10.687          -4.769          -5.553         -11.645           12.011
   22 (vir)           10.888          -4.949          -5.630         -11.984           12.292
   23 (vir)           12.678          -5.149          -5.408         -12.218           14.340
   24 (vir)           13.078          -5.744          -6.425         -13.736           14.645
   25 (vir)           13.084          -5.401          -5.972         -13.357           15.068
   26 (vir)           14.340          -5.833          -5.472         -12.997           16.032
   27 (vir)           14.883          -6.469          -5.829         -13.616           16.200
   28 (vir)           15.254          -5.748          -6.057         -13.990           17.440
   29 (vir)           16.153          -6.148          -5.294         -12.831           17.541
   30 (vir)           17.694          -7.003          -6.031         -14.778           19.438
   31 (vir)           22.562          -6.352          -4.323         -12.636           24.523
   32 (vir)           22.620          -7.205          -4.263         -12.747           23.900
   33 (vir)           25.468          -6.993          -3.968         -12.732           27.238
   34 (vir)           26.106          -8.361          -4.479         -13.831           27.097
   35 (vir)           27.143          -7.298          -3.723         -12.575           28.697
   36 (vir)           28.288          -6.871          -4.134         -13.280           30.563
   37 (vir)           28.726          -0.490          -3.629         -12.511           37.119
   38 (vir)           30.275          -4.497          -3.102         -11.710           34.386
   39 (vir)           30.984          -4.113          -4.082         -13.445           36.234
   40 (vir)           31.614          -7.222          -4.392         -14.356           34.356
   41 (vir)           32.590          -7.435          -3.703         -12.897           34.349
   42 (vir)           33.897          -7.984          -3.873         -13.666           35.706
   43 (vir)           34.058          -0.616          -3.277         -12.724           42.888
   44 (vir)           36.545          -3.899          -3.759         -13.526           42.412
   45 (vir)           36.765          -4.275          -3.488         -13.292           42.294
   46 (vir)           38.249          -3.207          -3.351         -12.868           44.559
   47 (vir)           39.225          -9.567          -4.484         -14.773           39.946
   48 (vir)           41.445          -2.849          -3.448         -13.542           48.690
   49 (vir)           43.115          -1.647          -4.051         -14.986           52.403
   50 (vir)           44.377          -2.811          -4.467         -15.503           52.602
   51 (vir)           45.970          -5.236          -3.918         -15.294           52.110
   52 (vir)           48.514           0.061          -3.911         -14.815           59.478
   53 (vir)           59.300          -0.831          -3.628         -15.016           69.856
   54 (vir)           85.030          -2.727          -3.682         -16.841           95.463
   55 (vir)           93.451          -0.765          -3.656         -17.526          106.556
   56 (vir)          116.215           0.109          -1.005          -9.835          125.154
   57 (vir)          117.211           1.175          -1.017          -9.908          127.278
   58 (vir)          139.781          -1.833          -0.721         -11.184          148.412
   59 (vir)          139.932          -0.676          -0.710         -11.156          149.702
   60 (vir)          140.420          -0.373          -0.692         -11.085          150.441
   61 (vir)          140.529          -0.995          -0.687         -11.074          149.920
   62 (vir)          140.919           0.972          -0.673         -11.062          152.280
   63 (vir)          141.121           0.256          -0.675         -11.083          151.786
   64 (vir)          292.440          -0.410          -2.523         -23.249          312.756
   65 (vir)          292.459          -0.398          -2.496         -23.200          312.764
   66 (vir)          292.509          -0.412          -2.431         -23.105          312.771
   67 (vir)          292.599          -0.373          -2.501         -23.205          312.930
   68 (vir)          292.650          -0.416          -2.429         -23.105          312.909
   69 (vir)          361.857          -1.225          -1.361         -14.852          374.123
