 
  kpoint:     0.0000    0.0526    0.0000
 
    n          ϵ_nk^DFT (eV)     Σ^c_nk (eV)     Σ^x_nk (eV)    v_nk^xc (eV)   ϵ_nk^G0W0 (eV)
 
    1 (occ)          -60.854          11.688         -39.224         -24.105          -64.286
    2 (occ)          -35.105           9.254         -32.560         -22.526          -35.886
    3 (occ)          -34.858           8.951         -32.589         -22.776          -35.720
    4 (occ)          -34.849           8.991         -32.588         -22.785          -35.661
    5 (occ)          -14.178           8.180         -21.690         -13.644          -14.044
    6 (occ)          -12.942           7.620         -21.509         -13.911          -12.920
    7 (occ)           -5.693           4.473         -17.394         -12.930           -5.683
    8 (occ)           -2.672           2.697         -18.089         -15.561           -2.503
    9 (occ)           -2.527           2.614         -18.133         -15.692           -2.353
   10 (occ)           -2.187           2.719         -16.306         -13.351           -2.423
   11 (occ)           -1.537           1.759         -17.660         -16.052           -1.387
   12 (occ)           -1.327           1.929         -16.959         -15.021           -1.337
   13 (occ)           -0.218           1.207         -16.541         -15.501           -0.052
   14 (vir)            2.713          -3.707         -10.939         -15.627            3.694
   15 (vir)            2.838          -3.700         -10.922         -15.426            3.642
   16 (vir)            2.854          -3.760         -10.952         -15.673            3.816
   17 (vir)            2.915          -3.719         -11.014         -15.533            3.716
   18 (vir)            6.483          -4.515          -5.927         -11.320            7.362
   19 (vir)            9.048          -3.856          -3.723          -8.349            9.818
   20 (vir)            9.772          -3.937          -4.587          -9.874           11.121
   21 (vir)           10.307          -4.526          -5.226         -11.241           11.795
   22 (vir)           11.398          -5.132          -6.059         -12.891           13.098
   23 (vir)           11.617          -5.243          -6.146         -13.100           13.328
   24 (vir)           13.256          -5.786          -6.796         -14.088           14.762
   25 (vir)           13.509          -5.777          -6.071         -13.575           15.236
   26 (vir)           13.734          -5.861          -6.027         -13.599           15.445
   27 (vir)           16.729          -6.346          -6.130         -14.577           18.830
   28 (vir)           16.806          -6.651          -5.923         -14.405           18.637
   29 (vir)           16.828          -6.357          -6.069         -14.486           18.888
   30 (vir)           17.098          -6.577          -5.953         -14.546           19.114
   31 (vir)           20.708          -6.717          -4.748         -13.198           22.441
   32 (vir)           22.055          -5.698          -4.655         -12.910           24.612
   33 (vir)           26.880          -6.974          -4.563         -13.616           28.958
   34 (vir)           27.480          -5.368          -3.900         -12.610           30.821
   35 (vir)           27.883          -3.809          -4.650         -14.412           33.836
   36 (vir)           28.098          -7.991          -4.169         -13.243           29.181
   37 (vir)           30.450          -3.638          -2.539         -10.086           34.359
   38 (vir)           31.632          -7.265          -4.303         -14.012           34.077
   39 (vir)           31.721          -5.587          -4.369         -14.183           35.947
   40 (vir)           31.932          -4.002          -3.344         -12.460           37.046
   41 (vir)           32.505          -4.516          -3.294         -12.245           36.940
   42 (vir)           36.137          -1.189          -3.823         -14.334           45.458
   43 (vir)           36.936          -3.297          -3.622         -13.302           43.319
   44 (vir)           37.074          -3.594          -3.704         -13.419           43.194
   45 (vir)           39.719          -4.120          -4.481         -14.670           45.788
   46 (vir)           40.333          -0.903          -3.172         -13.134           49.391
   47 (vir)           40.471          -0.885          -3.150         -13.054           49.490
   48 (vir)           40.842          -3.152          -3.058         -12.971           47.604
   49 (vir)           41.108          -3.726          -3.742         -13.988           47.629
   50 (vir)           42.422          -1.749          -3.358         -12.981           50.296
   51 (vir)           46.028          -0.990          -3.843         -15.016           56.210
   52 (vir)           46.717           0.993          -3.818         -15.153           59.045
   53 (vir)           51.022          -2.441          -3.716         -14.627           59.492
   54 (vir)           93.637          -2.270          -3.610         -17.410          105.167
   55 (vir)           94.409          -0.767          -3.669         -17.471          107.444
   56 (vir)          112.875          -0.869          -1.096          -9.955          120.865
   57 (vir)          113.156          -0.546          -1.117         -10.064          121.557
   58 (vir)          139.730          -0.226          -0.722         -11.184          149.967
   59 (vir)          139.853          -0.649          -0.716         -11.171          149.658
   60 (vir)          141.598          -0.284          -0.659         -11.049          151.704
   61 (vir)          141.670          -0.159          -0.657         -11.050          151.903
   62 (vir)          141.772           2.044          -0.660         -11.066          154.223
   63 (vir)          141.853          -0.099          -0.659         -11.069          152.164
   64 (vir)          292.287          -0.411          -2.526         -23.254          312.603
   65 (vir)          292.287          -0.412          -2.527         -23.257          312.604
   66 (vir)          292.436          -0.413          -2.427         -23.095          312.690
   67 (vir)          292.446          -0.413          -2.427         -23.095          312.700
   68 (vir)          292.534          -0.381          -2.520         -23.236          312.869
   69 (vir)          342.235          -1.292          -1.645         -15.039          354.335
