 
  kpoint:     0.1053    0.1053    0.0000
 
    n          ϵ_nk^DFT (eV)     Σ^c_nk (eV)     Σ^x_nk (eV)    v_nk^xc (eV)   ϵ_nk^G0W0 (eV)
 
    1 (occ)          -60.842          12.008         -39.223         -24.116          -63.942
    2 (occ)          -35.083           9.204         -32.565         -22.552          -35.892
    3 (occ)          -34.969           9.035         -32.593         -22.671          -35.856
    4 (occ)          -34.879           8.992         -32.593         -22.758          -35.721
    5 (occ)          -13.735           7.896         -21.664         -13.797          -13.706
    6 (occ)          -12.754           7.536         -21.548         -14.011          -12.755
    7 (occ)           -5.235           4.153         -17.389         -13.209           -5.262
    8 (occ)           -3.465           3.160         -17.563         -14.437           -3.431
    9 (occ)           -3.072           2.958         -17.163         -14.113           -3.164
   10 (occ)           -2.371           2.313         -17.581         -15.331           -2.307
   11 (occ)           -2.105           2.431         -17.787         -15.452           -2.008
   12 (occ)           -1.014           2.252         -16.119         -13.616           -1.264
   13 (occ)           -0.509           1.343         -16.937         -15.785           -0.318
   14 (vir)            2.129          -3.442         -10.795         -15.107            3.000
   15 (vir)            2.467          -3.846         -11.014         -15.960            3.566
   16 (vir)            2.520          -3.640         -11.320         -15.836            3.396
   17 (vir)            3.538          -4.222         -10.999         -16.205            4.522
   18 (vir)            7.931          -4.780          -5.768         -11.439            8.822
   19 (vir)            9.717          -3.798          -3.230          -7.808           10.497
   20 (vir)           10.159          -4.628          -6.052         -12.228           11.708
   21 (vir)           10.625          -4.998          -5.384         -11.573           11.816
   22 (vir)           11.253          -5.100          -5.906         -12.554           12.801
   23 (vir)           12.295          -5.437          -5.915         -12.927           13.871
   24 (vir)           12.373          -5.753          -6.716         -14.078           13.982
   25 (vir)           13.451          -5.951          -6.011         -13.321           14.811
   26 (vir)           13.776          -5.611          -5.354         -12.553           15.363
   27 (vir)           15.201          -6.430          -6.074         -13.973           16.670
   28 (vir)           15.564          -6.241          -5.878         -13.952           17.397
   29 (vir)           16.620          -6.669          -5.543         -13.404           17.811
   30 (vir)           17.475          -6.927          -6.004         -14.661           19.205
   31 (vir)           22.348          -5.930          -4.348         -12.577           24.647
   32 (vir)           22.371          -6.813          -4.396         -12.934           24.095
   33 (vir)           25.745          -6.222          -3.900         -12.573           28.196
   34 (vir)           26.410          -7.562          -4.463         -13.884           28.268
   35 (vir)           26.964          -6.406          -3.680         -12.362           29.239
   36 (vir)           28.491          -5.866          -4.242         -13.476           31.859
   37 (vir)           28.760          -5.386          -3.482         -12.089           31.981
   38 (vir)           30.003          -4.816          -3.159         -11.763           33.792
   39 (vir)           30.120          -6.991          -4.224         -13.493           32.398
   40 (vir)           31.933          -4.875          -4.250         -14.070           36.878
   41 (vir)           32.933          -6.393          -3.656         -12.945           35.829
   42 (vir)           34.124          -6.651          -3.703         -13.661           37.431
   43 (vir)           34.379          -8.085          -3.411         -12.988           35.872
   44 (vir)           37.191          -2.175          -3.527         -13.476           44.965
   45 (vir)           37.240          -4.132          -3.640         -13.295           42.763
   46 (vir)           38.813          -2.930          -3.249         -12.769           45.403
   47 (vir)           39.046          -2.587          -4.362         -14.644           46.741
   48 (vir)           41.755          -3.649          -3.667         -13.942           48.382
   49 (vir)           43.049          -2.419          -4.398         -15.164           51.396
   50 (vir)           43.535          -2.119          -4.051         -15.068           52.434
   51 (vir)           45.980          -2.163          -3.916         -15.276           55.178
   52 (vir)           47.383          -3.700          -3.920         -14.712           54.476
   53 (vir)           58.130          -3.111          -3.652         -14.959           66.326
   54 (vir)           87.669          -2.370          -3.764         -17.010           98.545
   55 (vir)           93.403          -2.169          -3.690         -17.489          105.033
   56 (vir)          115.578           0.119          -1.021          -9.856          124.531
   57 (vir)          116.478           1.280          -1.028          -9.926          126.657
   58 (vir)          139.771          -1.017          -0.721         -11.185          149.218
   59 (vir)          139.925          -0.536          -0.713         -11.166          149.843
   60 (vir)          140.650          -0.139          -0.684         -11.069          150.896
   61 (vir)          140.773          -1.696          -0.681         -11.067          149.463
   62 (vir)          140.988           0.110          -0.672         -11.059          151.486
   63 (vir)          141.179           0.395          -0.676         -11.085          151.983
   64 (vir)          292.407          -0.405          -2.510         -23.225          312.716
   65 (vir)          292.431          -0.416          -2.516         -23.237          312.736
   66 (vir)          292.495          -0.413          -2.430         -23.103          312.755
   67 (vir)          292.574          -0.374          -2.507         -23.215          312.908
   68 (vir)          292.600          -0.416          -2.430         -23.104          312.859
   69 (vir)          358.422          -1.543          -1.420         -14.889          370.348
