 
  kpoint:     0.0175    0.0175    0.0000
 
    n          ϵ_nk^DFT (eV)     Σ^c_nk (eV)     Σ^x_nk (eV)    v_nk^xc (eV)   ϵ_nk^G0W0 (eV)
 
    1 (occ)          -60.855          11.640         -39.224         -24.105          -64.335
    2 (occ)          -35.107           9.257         -32.560         -22.524          -35.885
    3 (occ)          -34.850           8.901         -32.589         -22.783          -35.754
    4 (occ)          -34.847           9.024         -32.588         -22.786          -35.625
    5 (occ)          -14.207           8.195         -21.692         -13.634          -14.069
    6 (occ)          -12.954           7.625         -21.506         -13.905          -12.931
    7 (occ)           -5.727           4.511         -17.401         -12.918           -5.698
    8 (occ)           -2.606           2.659         -18.134         -15.653           -2.428
    9 (occ)           -2.557           2.626         -18.149         -15.698           -2.382
   10 (occ)           -2.062           2.776         -15.972         -12.891           -2.366
   11 (occ)           -1.491           1.729         -17.661         -16.087           -1.336
   12 (occ)           -1.407           1.821         -17.315         -15.568           -1.333
   13 (occ)           -0.208           1.202         -16.509         -15.473           -0.042
   14 (vir)            2.755          -3.703         -10.936         -15.607            3.723
   15 (vir)            2.804          -3.726         -10.939         -15.624            3.763
   16 (vir)            2.920          -3.729         -10.962         -15.487            3.715
   17 (vir)            2.947          -3.734         -10.994         -15.525            3.744
   18 (vir)            6.350          -4.462          -5.904         -11.267            7.251
   19 (vir)            8.966          -3.832          -3.843          -8.512            9.803
   20 (vir)            9.749          -3.772          -4.502          -9.737           11.213
   21 (vir)           10.253          -4.430          -5.102         -11.030           11.750
   22 (vir)           11.460          -5.192          -6.129         -13.015           13.155
   23 (vir)           11.534          -5.238          -6.158         -13.088           13.227
   24 (vir)           13.282          -5.610          -6.764         -14.032           14.940
   25 (vir)           13.636          -5.779          -6.077         -13.634           15.414
   26 (vir)           13.713          -5.856          -6.062         -13.641           15.436
   27 (vir)           16.819          -6.437          -6.129         -14.606           18.859
   28 (vir)           16.854          -6.852          -6.109         -14.576           18.468
   29 (vir)           16.966          -6.839          -5.935         -14.480           18.671
   30 (vir)           17.065          -6.761          -5.945         -14.528           18.888
   31 (vir)           20.537          -6.736          -4.761         -13.179           22.218
   32 (vir)           22.033           3.702          -4.694         -12.965           34.006
   33 (vir)           26.885          -7.139          -4.666         -13.765           28.845
   34 (vir)           27.790          -3.767          -4.103         -13.085           33.005
   35 (vir)           27.965          -8.195          -4.656         -14.422           29.535
   36 (vir)           28.141          -5.273          -4.023         -12.890           31.735
   37 (vir)           30.946          -3.438          -2.447          -9.875           34.937
   38 (vir)           31.717          -6.632          -4.314         -14.068           34.838
   39 (vir)           31.752          -5.185          -4.336         -14.121           36.352
   40 (vir)           32.030          -3.405          -3.363         -12.517           37.779
   41 (vir)           32.306          -4.230          -3.266         -12.205           37.015
   42 (vir)           36.267          -1.501          -3.836         -14.382           45.312
   43 (vir)           37.092          -1.972          -3.717         -13.448           44.851
   44 (vir)           37.135          -4.122          -3.749         -13.489           42.753
   45 (vir)           39.837          -3.754          -4.788         -15.088           46.385
   46 (vir)           40.568          -0.874          -3.159         -13.137           49.672
   47 (vir)           40.616          -0.697          -3.152         -13.109           49.876
   48 (vir)           40.784          -4.646          -2.993         -12.863           46.009
   49 (vir)           40.869          -1.466          -3.318         -13.345           49.431
   50 (vir)           42.127           2.118          -3.277         -12.764           53.731
   51 (vir)           46.494          -2.597          -3.818         -15.056           55.135
   52 (vir)           46.789           0.226          -3.808         -15.129           58.337
   53 (vir)           50.230          -1.890          -3.728         -14.544           59.156
   54 (vir)           94.156          -2.231          -3.699         -17.448          105.673
   55 (vir)           94.415          -1.485          -3.713         -17.469          106.686
   56 (vir)          112.614          -0.865          -1.105          -9.965          120.608
   57 (vir)          112.770          -1.052          -1.131         -10.081          120.667
   58 (vir)          139.727          -0.102          -0.722         -11.184          150.087
   59 (vir)          139.847          -0.584          -0.716         -11.171          149.717
   60 (vir)          141.700          -0.185          -0.657         -11.049          151.907
   61 (vir)          141.724          -0.660          -0.656         -11.049          151.457
   62 (vir)          141.883           1.879          -0.658         -11.067          154.171
   63 (vir)          141.911           0.857          -0.659         -11.068          153.178
   64 (vir)          292.277          -0.412          -2.528         -23.257          312.595
   65 (vir)          292.277          -0.412          -2.528         -23.258          312.595
   66 (vir)          292.432          -0.413          -2.427         -23.094          312.685
   67 (vir)          292.435          -0.413          -2.427         -23.094          312.689
   68 (vir)          292.531          -0.381          -2.520         -23.237          312.867
   69 (vir)          340.847          -0.892          -1.668         -15.051          353.338
