 
  kpoint:     0.0000    0.4211    0.0000
 
    n          ϵ_nk^DFT (eV)     Σ^c_nk (eV)     Σ^x_nk (eV)    v_nk^xc (eV)   ϵ_nk^G0W0 (eV)
 
    1 (occ)          -60.814          11.786         -39.222         -24.142          -64.107
    2 (occ)          -35.243           9.269         -32.606         -22.422          -36.159
    3 (occ)          -35.028           9.168         -32.571         -22.616          -35.815
    4 (occ)          -34.938           9.142         -32.604         -22.709          -35.691
    5 (occ)          -12.410           7.361         -21.716         -14.388          -12.377
    6 (occ)          -12.214           7.403         -21.725         -14.368          -12.167
    7 (occ)           -5.751           4.442         -17.417         -12.968           -5.758
    8 (occ)           -4.805           3.888         -17.121         -13.133           -4.905
    9 (occ)           -4.095           3.615         -17.570         -13.909           -4.140
   10 (occ)           -3.109           2.851         -18.081         -15.271           -3.067
   11 (occ)           -2.004           2.797         -16.772         -13.717           -2.262
   12 (occ)           -1.008           2.136         -16.595         -14.331           -1.136
   13 (occ)           -0.869           1.587         -16.079         -14.592           -0.769
   14 (vir)            2.284          -4.035         -13.045         -18.173            3.378
   15 (vir)            2.623          -4.195         -12.056         -17.283            3.655
   16 (vir)            3.746          -4.362          -9.953         -15.379            4.810
   17 (vir)            4.210          -4.639         -10.931         -16.563            5.204
   18 (vir)            6.910          -4.671          -6.848         -12.750            8.142
   19 (vir)            8.468          -4.617          -5.574         -11.335            9.611
   20 (vir)            8.479          -4.272          -6.433         -12.407           10.182
   21 (vir)           11.099          -5.267          -6.112         -12.691           12.410
   22 (vir)           11.652          -5.387          -7.101         -14.154           13.318
   23 (vir)           11.875          -5.382          -5.950         -12.850           13.392
   24 (vir)           13.559          -4.501          -3.532          -9.377           14.903
   25 (vir)           14.882          -5.533          -4.454         -11.087           15.982
   26 (vir)           16.190          -6.508          -5.336         -13.235           17.582
   27 (vir)           16.801          -6.107          -4.414         -11.723           18.002
   28 (vir)           17.441          -5.938          -5.398         -13.808           19.913
   29 (vir)           17.758          -6.540          -4.685         -12.568           19.101
   30 (vir)           18.623          -7.136          -5.403         -14.249           20.332
   31 (vir)           22.085          -7.208          -4.038         -12.444           23.282
   32 (vir)           22.334          -7.420          -4.336         -13.125           23.702
   33 (vir)           23.312          -7.065          -4.061         -12.615           24.801
   34 (vir)           25.221          -7.646          -4.313         -13.440           26.702
   35 (vir)           28.059          -4.755          -3.937         -12.895           32.262
   36 (vir)           28.103          -6.100          -3.563         -12.231           30.671
   37 (vir)           28.517          -5.451          -4.528         -14.156           32.694
   38 (vir)           28.990           1.801          -4.081         -13.822           40.532
   39 (vir)           31.017          -1.430          -3.807         -13.461           39.240
   40 (vir)           32.729          -7.634          -4.371         -14.099           34.824
   41 (vir)           32.817          -6.456          -4.315         -14.086           36.132
   42 (vir)           33.296          -5.409          -3.576         -12.764           37.075
   43 (vir)           33.876          -6.212          -4.346         -14.442           37.760
   44 (vir)           34.223          -4.730          -3.966         -13.712           39.238
   45 (vir)           36.909          -6.350          -3.978         -14.155           40.736
   46 (vir)           38.051          -3.536          -3.971         -14.297           44.842
   47 (vir)           39.008          -4.806          -4.400         -14.637           44.440
   48 (vir)           42.815          -1.282          -3.119         -12.417           50.830
   49 (vir)           44.096          -0.788          -2.865         -12.354           52.797
   50 (vir)           45.788          -2.386          -3.883         -15.229           54.748
   51 (vir)           46.052          -1.182          -4.245         -15.440           56.065
   52 (vir)           59.023          -3.464          -3.860         -15.623           67.322
   53 (vir)           60.709          -3.102          -3.162         -13.885           68.329
   54 (vir)           72.338           0.058          -3.649         -16.515           85.262
   55 (vir)           90.047           6.218          -3.842         -17.704          110.128
   56 (vir)          123.474           1.454          -0.868          -9.659          133.718
   57 (vir)          123.553          -3.982          -0.864          -9.629          128.336
   58 (vir)          139.375          -0.807          -0.703         -11.077          148.942
   59 (vir)          139.531          -0.215          -0.701         -11.089          149.704
   60 (vir)          139.909          -0.625          -0.724         -11.199          149.760
   61 (vir)          140.196          -0.756          -0.718         -11.191          149.914
   62 (vir)          140.295           2.477          -0.688         -11.079          153.164
   63 (vir)          140.638          -0.938          -0.688         -11.097          150.109
   64 (vir)          292.511          -0.380          -2.516         -23.230          312.845
   65 (vir)          292.617          -0.410          -2.434         -23.114          312.887
   66 (vir)          292.714          -0.371          -2.441         -23.096          312.998
   67 (vir)          292.915          -0.382          -2.476         -23.164          313.221
   68 (vir)          292.941          -0.421          -2.433         -23.118          313.205
   69 (vir)          378.386          -1.286          -1.094         -14.614          390.620
