 
  kpoint:     0.0000    0.1316    0.0000
 
    n          ϵ_nk^DFT (eV)     Σ^c_nk (eV)     Σ^x_nk (eV)    v_nk^xc (eV)   ϵ_nk^G0W0 (eV)
 
    1 (occ)          -60.848          11.909         -39.224         -24.111          -64.053
    2 (occ)          -35.094           9.226         -32.564         -22.539          -35.893
    3 (occ)          -34.916           8.999         -32.591         -22.720          -35.787
    4 (occ)          -34.862           8.973         -32.590         -22.773          -35.705
    5 (occ)          -13.960           8.057         -21.676         -13.718          -13.861
    6 (occ)          -12.850           7.582         -21.527         -13.959          -12.836
    7 (occ)           -5.453           4.297         -17.366         -13.045           -5.476
    8 (occ)           -3.116           2.959         -17.794         -14.942           -3.008
    9 (occ)           -2.760           2.833         -16.999         -14.075           -2.851
   10 (occ)           -2.301           2.510         -17.999         -15.638           -2.151
   11 (occ)           -1.854           1.967         -17.686         -15.841           -1.731
   12 (occ)           -1.149           2.212         -16.148         -13.724           -1.361
   13 (occ)           -0.337           1.269         -16.758         -15.668           -0.157
   14 (vir)            2.390          -3.553         -10.782         -15.183            3.239
   15 (vir)            2.564          -3.780         -10.985         -15.816            3.615
   16 (vir)            2.702          -3.640         -11.174         -15.633            3.521
   17 (vir)            3.183          -3.992         -11.008         -15.972            4.155
   18 (vir)            7.297          -4.628          -5.899         -11.457            8.227
   19 (vir)            9.452          -3.779          -3.221          -7.703           10.155
   20 (vir)            9.948          -4.362          -5.273         -10.979           11.292
   21 (vir)           10.788          -4.969          -5.805         -12.280           12.294
   22 (vir)           10.985          -4.987          -5.725         -12.224           12.497
   23 (vir)           12.220          -5.339          -6.058         -13.189           14.013
   24 (vir)           12.758          -5.453          -5.920         -13.065           14.449
   25 (vir)           13.102          -5.938          -6.824         -14.195           14.536
   26 (vir)           13.922          -5.815          -5.788         -13.320           15.639
   27 (vir)           15.829          -6.709          -5.862         -13.971           17.229
   28 (vir)           16.088          -6.106          -6.130         -14.362           18.214
   29 (vir)           16.589          -6.631          -5.779         -13.833           18.011
   30 (vir)           17.334          -6.681          -6.000         -14.658           19.311
   31 (vir)           21.693          -6.584          -4.597         -13.151           23.662
   32 (vir)           22.200          -4.549          -4.420         -12.602           25.833
   33 (vir)           26.253          -6.309          -3.828         -12.428           28.544
   34 (vir)           26.753          -6.445          -3.839         -12.486           28.955
   35 (vir)           27.229          -7.915          -4.596         -14.242           28.961
   36 (vir)           27.857          -5.835          -4.181         -13.281           31.122
   37 (vir)           29.055          -5.198          -3.252         -11.535           32.140
   38 (vir)           31.224          -6.096          -4.229         -13.727           34.626
   39 (vir)           31.236          -2.920          -3.219         -12.088           37.184
   40 (vir)           31.642          -8.577          -4.477         -14.410           32.999
   41 (vir)           32.760          -5.876          -3.538         -12.709           36.054
   42 (vir)           35.160         -10.777          -3.760         -13.914           34.538
   43 (vir)           35.707          -5.995          -3.223         -12.683           39.171
   44 (vir)           36.795          -4.038          -3.658         -13.388           42.487
   45 (vir)           38.759          -1.422          -3.292         -13.181           47.226
   46 (vir)           39.313          -6.693          -4.361         -14.565           42.825
   47 (vir)           39.490          -2.365          -3.202         -12.876           46.799
   48 (vir)           41.116          -1.334          -3.339         -13.343           49.787
   49 (vir)           42.588          -4.691          -4.398         -15.154           48.653
   50 (vir)           44.419          -1.538          -3.963         -15.017           53.935
   51 (vir)           44.756          -2.351          -3.735         -14.052           52.722
   52 (vir)           46.320           0.130          -3.877         -15.254           57.827
   53 (vir)           54.890          -2.522          -3.686         -14.842           63.524
   54 (vir)           90.029           0.296          -3.506         -17.154          103.973
   55 (vir)           94.196          -1.736          -3.603         -17.492          106.348
   56 (vir)          114.403          -0.785          -1.050          -9.897          122.465
   57 (vir)          115.196           1.137          -1.060          -9.985          125.258
   58 (vir)          139.752          -0.774          -0.722         -11.185          149.441
   59 (vir)          139.894          -0.869          -0.715         -11.171          149.481
   60 (vir)          141.004          -1.196          -0.674         -11.056          150.191
   61 (vir)          141.147          -0.141          -0.672         -11.066          151.399
   62 (vir)          141.322          -0.152          -0.664         -11.054          151.559
   63 (vir)          141.498          -1.144          -0.667         -11.076          150.763
   64 (vir)          292.353          -0.413          -2.524         -23.251          312.667
   65 (vir)          292.354          -0.408          -2.515         -23.234          312.665
   66 (vir)          292.465          -0.413          -2.429         -23.100          312.722
   67 (vir)          292.525          -0.415          -2.428         -23.099          312.781
   68 (vir)          292.552          -0.378          -2.514         -23.227          312.887
   69 (vir)          351.138          -1.213          -1.511         -14.961          363.375
