 
  kpoint:     0.1930    0.1930    0.0000
 
    n          ϵ_nk^DFT (eV)     Σ^c_nk (eV)     Σ^x_nk (eV)    v_nk^xc (eV)   ϵ_nk^G0W0 (eV)
 
    1 (occ)          -60.822          11.612         -39.222         -24.136          -64.297
    2 (occ)          -35.137           9.160         -32.600         -22.518          -36.059
    3 (occ)          -35.043           9.192         -32.571         -22.598          -35.823
    4 (occ)          -34.955           9.084         -32.600         -22.690          -35.781
    5 (occ)          -12.831           7.550         -21.664         -14.164          -12.780
    6 (occ)          -12.370           7.428         -21.660         -14.247          -12.355
    7 (occ)           -5.099           4.054         -17.664         -13.681           -5.028
    8 (occ)           -4.189           3.389         -17.459         -13.980           -4.280
    9 (occ)           -3.792           3.530         -16.984         -13.271           -3.974
   10 (occ)           -3.444           3.159         -17.510         -14.280           -3.515
   11 (occ)           -2.201           2.511         -16.585         -14.046           -2.230
   12 (occ)           -1.300           2.485         -16.435         -13.677           -1.574
   13 (occ)           -0.843           1.526         -17.313         -16.005           -0.625
   14 (vir)            1.878          -3.366         -11.152         -15.473            2.833
   15 (vir)            2.573          -4.194         -12.464         -17.700            3.615
   16 (vir)            2.805          -4.083         -10.838         -16.053            3.937
   17 (vir)            4.328          -4.769         -10.787         -16.558            5.330
   18 (vir)            8.585          -5.062          -6.855         -13.187            9.855
   19 (vir)            9.462          -4.406          -4.947         -10.504           10.613
   20 (vir)           10.180          -4.466          -5.257         -11.169           11.626
   21 (vir)           11.030          -5.317          -6.819         -13.815           12.710
   22 (vir)           11.391          -5.132          -5.233         -11.594           12.620
   23 (vir)           12.204          -5.510          -5.948         -12.974           13.719
   24 (vir)           12.818          -5.495          -4.732         -11.132           13.722
   25 (vir)           12.844          -5.591          -6.318         -13.576           14.511
   26 (vir)           13.462          -5.410          -5.221         -12.140           14.971
   27 (vir)           15.832          -6.546          -5.736         -13.685           17.235
   28 (vir)           16.085          -5.892          -4.693         -11.862           17.362
   29 (vir)           17.422          -6.314          -4.853         -12.666           18.920
   30 (vir)           19.070          -7.838          -5.284         -14.056           20.005
   31 (vir)           22.543          -7.163          -4.741         -13.639           24.278
   32 (vir)           23.192          -7.196          -3.786         -12.077           24.287
   33 (vir)           23.791         -11.239          -3.979         -12.561           21.134
   34 (vir)           25.074          -6.602          -4.100         -12.753           27.126
   35 (vir)           27.098          -7.711          -3.206         -11.506           27.687
   36 (vir)           28.104          -7.323          -4.029         -13.297           30.048
   37 (vir)           28.518          -8.198          -4.130         -13.773           29.963
   38 (vir)           29.568          -7.769          -3.759         -13.208           31.247
   39 (vir)           30.757          -7.286          -3.811         -13.526           33.186
   40 (vir)           31.856          -6.957          -4.491         -14.075           34.482
   41 (vir)           32.039          -6.825          -4.222         -14.175           35.168
   42 (vir)           32.245          -5.715          -3.839         -13.055           35.745
   43 (vir)           32.598          -5.033          -3.803         -13.349           37.111
   44 (vir)           34.579          -9.371          -4.075         -14.070           35.202
   45 (vir)           37.230          -3.786          -3.255         -12.362           42.551
   46 (vir)           38.494          -5.965          -4.634         -15.044           42.939
   47 (vir)           38.790          -3.494          -3.479         -13.094           44.911
   48 (vir)           41.334          -2.792          -4.105         -14.700           49.137
   49 (vir)           42.600          -4.880          -3.602         -13.947           48.066
   50 (vir)           44.244          -0.466          -4.462         -15.443           54.760
   51 (vir)           45.433          -2.206          -3.984         -15.283           54.525
   52 (vir)           58.031           3.625          -3.919         -15.701           73.439
   53 (vir)           67.462          -4.084          -3.471         -15.137           75.043
   54 (vir)           80.301          -1.597          -3.708         -16.877           91.873
   55 (vir)           90.312          -0.477          -3.745         -17.488          103.578
   56 (vir)          119.673          -1.946          -0.944          -9.765          126.549
   57 (vir)          120.148          -0.666          -0.937          -9.752          128.297
   58 (vir)          139.683          -0.694          -0.698         -11.084          149.375
   59 (vir)          139.763           0.022          -0.709         -11.139          150.216
   60 (vir)          140.062           0.352          -0.709         -11.135          150.840
   61 (vir)          140.232          -1.160          -0.707         -11.146          149.511
   62 (vir)          140.267          -0.953          -0.699         -11.111          149.726
   63 (vir)          140.453           1.248          -0.693         -11.098          152.107
   64 (vir)          292.553          -0.384          -2.506         -23.213          312.876
   65 (vir)          292.618          -0.412          -2.433         -23.112          312.884
   66 (vir)          292.689          -0.382          -2.472         -23.153          312.988
   67 (vir)          292.738          -0.388          -2.485         -23.182          313.047
   68 (vir)          292.826          -0.417          -2.432         -23.115          313.091
   69 (vir)          377.812          -1.532          -1.131         -14.674          389.824
