 
  kpoint:     0.2105    0.2105    0.0000
 
    n          ϵ_nk^DFT (eV)     Σ^c_nk (eV)     Σ^x_nk (eV)    v_nk^xc (eV)   ϵ_nk^G0W0 (eV)
 
    1 (occ)          -60.818          11.576         -39.222         -24.139          -64.325
    2 (occ)          -35.161           9.222         -32.600         -22.497          -36.041
    3 (occ)          -35.036           9.187         -32.572         -22.606          -35.814
    4 (occ)          -34.975           9.136         -32.602         -22.671          -35.770
    5 (occ)          -12.646           7.471         -21.677         -14.253          -12.598
    6 (occ)          -12.290           7.431         -21.688         -14.301          -12.246
    7 (occ)           -5.169           4.162         -17.592         -13.544           -5.054
    8 (occ)           -4.478           3.529         -17.550         -13.931           -4.569
    9 (occ)           -3.729           3.518         -17.090         -13.379           -3.922
   10 (occ)           -3.468           3.209         -17.418         -14.119           -3.558
   11 (occ)           -2.423           2.607         -16.445         -13.799           -2.462
   12 (occ)           -1.431           2.540         -16.539         -13.732           -1.698
   13 (occ)           -0.783           1.466         -17.206         -15.960           -0.563
   14 (vir)            1.978          -3.385         -11.245         -15.590            2.939
   15 (vir)            2.648          -4.334         -12.739         -18.150            3.725
   16 (vir)            2.897          -4.108         -10.766         -16.003            4.026
   17 (vir)            4.416          -4.850         -10.757         -16.611            5.419
   18 (vir)            8.371          -5.049          -7.017         -13.321            9.625
   19 (vir)            9.345          -4.398          -5.119         -10.759           10.586
   20 (vir)           10.240          -4.559          -5.451         -11.501           11.731
   21 (vir)           10.921          -5.211          -6.372         -13.164           12.501
   22 (vir)           11.453          -5.166          -5.421         -11.916           12.782
   23 (vir)           12.213          -5.498          -5.962         -12.953           13.706
   24 (vir)           12.893          -5.688          -6.451         -13.824           14.578
   25 (vir)           13.105          -4.870          -4.731         -11.197           14.701
   26 (vir)           13.557          -5.303          -4.881         -11.646           15.019
   27 (vir)           15.696          -6.550          -5.803         -13.689           17.033
   28 (vir)           16.549          -5.763          -4.362         -11.350           17.774
   29 (vir)           17.874          -6.573          -4.846         -12.848           19.303
   30 (vir)           19.644          -7.518          -5.048         -13.873           20.950
   31 (vir)           22.345          -7.083          -4.787         -13.704           24.179
   32 (vir)           22.992          -6.893          -3.759         -11.954           24.294
   33 (vir)           23.230          -0.742          -4.001         -12.511           30.999
   34 (vir)           24.919          -6.117          -4.083         -12.650           27.369
   35 (vir)           26.941          -7.549          -3.245         -11.633           27.779
   36 (vir)           27.899          -7.925          -4.075         -13.450           29.349
   37 (vir)           28.524          -7.543          -4.091         -13.774           30.664
   38 (vir)           29.991          -8.161          -3.949         -13.649           31.530
   39 (vir)           30.476          -6.808          -3.876         -13.640           33.431
   40 (vir)           31.756          -9.043          -4.413         -14.028           32.327
   41 (vir)           31.981          -6.940          -4.270         -14.211           34.982
   42 (vir)           31.994          -5.614          -3.941         -13.183           35.622
   43 (vir)           33.479          -2.515          -3.924         -13.543           40.582
   44 (vir)           34.480          -9.414          -4.134         -14.118           35.049
   45 (vir)           37.396          -3.135          -3.265         -12.489           43.485
   46 (vir)           38.225          -6.156          -4.654         -15.034           42.450
   47 (vir)           39.274          -3.160          -3.560         -13.316           45.869
   48 (vir)           41.121          -2.333          -3.990         -14.305           49.103
   49 (vir)           42.575          -1.355          -3.535         -13.795           51.480
   50 (vir)           44.292           0.086          -4.361         -15.270           55.287
   51 (vir)           45.389          -1.851          -3.987         -15.258           54.809
   52 (vir)           60.579          -0.097          -3.900         -15.861           72.444
   53 (vir)           68.793           0.784          -3.383         -15.066           81.260
   54 (vir)           79.051          -1.587          -3.726         -16.916           90.654
   55 (vir)           89.545          -1.520          -3.837         -17.474          101.661
   56 (vir)          120.686          -2.998          -0.926          -9.742          126.504
   57 (vir)          120.980           0.595          -0.930          -9.715          130.360
   58 (vir)          139.605          -0.894          -0.699         -11.081          149.092
   59 (vir)          139.726           0.239          -0.704         -11.117          150.377
   60 (vir)          140.018           0.314          -0.715         -11.163          150.779
   61 (vir)          140.147           2.780          -0.693         -11.081          153.316
   62 (vir)          140.258          -0.256          -0.717         -11.185          150.470
   63 (vir)          140.343          -0.244          -0.695         -11.100          150.504
   64 (vir)          292.573          -0.377          -2.504         -23.209          312.901
   65 (vir)          292.645          -0.413          -2.433         -23.113          312.913
   66 (vir)          292.734          -0.375          -2.462         -23.135          313.031
   67 (vir)          292.788          -0.394          -2.484         -23.181          313.091
   68 (vir)          292.855          -0.418          -2.433         -23.117          313.121
   69 (vir)          380.594          -1.533          -1.084         -14.646          392.622
