 
  kpoint:     0.0000    0.1053    0.0000
 
    n          ϵ_nk^DFT (eV)     Σ^c_nk (eV)     Σ^x_nk (eV)    v_nk^xc (eV)   ϵ_nk^G0W0 (eV)
 
    1 (occ)          -60.851          11.847         -39.224         -24.109          -64.120
    2 (occ)          -35.099           9.237         -32.563         -22.534          -35.890
    3 (occ)          -34.892           8.981         -32.590         -22.743          -35.757
    4 (occ)          -34.856           8.976         -32.589         -22.778          -35.692
    5 (occ)          -14.052           8.116         -21.682         -13.686          -13.932
    6 (occ)          -12.889           7.597         -21.519         -13.938          -12.872
    7 (occ)           -5.551           4.355         -17.371         -12.992           -5.575
    8 (occ)           -2.941           2.855         -17.911         -15.189           -2.808
    9 (occ)           -2.558           2.751         -16.833         -13.945           -2.695
   10 (occ)           -2.395           2.552         -18.057         -15.664           -2.237
   11 (occ)           -1.728           1.883         -17.670         -15.920           -1.595
   12 (occ)           -1.174           2.123         -16.353         -14.072           -1.332
   13 (occ)           -0.279           1.238         -16.673         -15.609           -0.105
   14 (vir)            2.546          -3.602         -10.816         -15.249            3.377
   15 (vir)            2.595          -3.743         -10.968         -15.738            3.622
   16 (vir)            2.786          -3.668         -11.103         -15.583            3.598
   17 (vir)            3.054          -3.901         -10.990         -15.859            4.023
   18 (vir)            6.994          -4.557          -5.941         -11.444            7.940
   19 (vir)            9.316          -3.816          -3.335          -7.833            9.999
   20 (vir)            9.870          -4.233          -4.975         -10.496           11.157
   21 (vir)           10.586          -4.828          -5.641         -11.969           12.086
   22 (vir)           11.149          -4.997          -5.831         -12.456           12.777
   23 (vir)           11.971          -5.266          -6.093         -13.153           13.764
   24 (vir)           13.025          -5.566          -6.010         -13.300           14.749
   25 (vir)           13.156          -5.867          -6.852         -14.208           14.645
   26 (vir)           13.838          -5.829          -5.884         -13.429           15.554
   27 (vir)           16.198          -6.749          -5.881         -14.127           17.695
   28 (vir)           16.348          -6.093          -6.132         -14.451           18.573
   29 (vir)           16.696          -6.923          -5.899         -14.102           17.976
   30 (vir)           17.237          -6.775          -5.982         -14.614           19.094
   31 (vir)           21.334          -6.500          -4.669         -13.204           23.368
   32 (vir)           22.138          -6.176          -4.502         -12.701           24.160
   33 (vir)           26.618          -6.434          -3.783         -12.332           28.733
   34 (vir)           26.802          -6.319          -4.093         -12.883           29.273
   35 (vir)           27.510          -7.486          -4.621         -14.326           29.729
   36 (vir)           27.908          -6.251          -4.208         -13.347           30.796
   37 (vir)           29.379          -4.280          -2.967         -10.935           33.068
   38 (vir)           31.351          -6.774          -4.259         -13.826           34.144
   39 (vir)           31.517          -3.219          -3.267         -12.232           37.263
   40 (vir)           31.656          -7.717          -4.455         -14.350           33.834
   41 (vir)           32.744          -4.975          -3.463         -12.581           36.887
   42 (vir)           35.556           0.776          -3.774         -14.071           46.628
   43 (vir)           36.217          -4.346          -3.322         -12.839           41.387
   44 (vir)           36.894          -3.716          -3.648         -13.363           42.893
   45 (vir)           39.377          -1.368          -3.238         -13.151           47.921
   46 (vir)           39.415          -7.118          -4.308         -14.474           42.462
   47 (vir)           39.878          -2.246          -3.170         -12.916           47.378
   48 (vir)           41.019          -0.494          -3.250         -13.227           50.503
   49 (vir)           42.016          -4.653          -4.291         -14.916           47.989
   50 (vir)           43.776          -1.319          -3.620         -13.710           52.547
   51 (vir)           44.914          -1.932          -3.923         -15.009           54.068
   52 (vir)           46.461           2.915          -3.856         -15.224           60.744
   53 (vir)           53.486          -2.979          -3.695         -14.778           61.590
   54 (vir)           91.479          -1.187          -3.437         -17.255          104.111
   55 (vir)           94.314          -1.877          -3.603         -17.483          106.316
   56 (vir)          113.837          -1.262          -1.066          -9.918          121.427
   57 (vir)          114.480           1.150          -1.077         -10.012          124.564
   58 (vir)          139.743          -0.617          -0.722         -11.185          149.589
   59 (vir)          139.878          -0.866          -0.716         -11.171          149.468
   60 (vir)          141.222          -0.873          -0.668         -11.052          150.733
   61 (vir)          141.373           0.809          -0.667         -11.065          152.580
   62 (vir)          141.455          -0.207          -0.662         -11.052          151.638
   63 (vir)          141.630          -1.262          -0.664         -11.074          150.778
   64 (vir)          292.326          -0.409          -2.520         -23.243          312.640
   65 (vir)          292.326          -0.413          -2.525         -23.253          312.641
   66 (vir)          292.453          -0.413          -2.428         -23.098          312.709
   67 (vir)          292.492          -0.414          -2.428         -23.098          312.748
   68 (vir)          292.544          -0.379          -2.517         -23.232          312.880
   69 (vir)          347.699          -1.323          -1.558         -14.991          359.809
