 
  kpoint:     0.2281    0.2281    0.0000
 
    n          ϵ_nk^DFT (eV)     Σ^c_nk (eV)     Σ^x_nk (eV)    v_nk^xc (eV)   ϵ_nk^G0W0 (eV)
 
    1 (occ)          -60.814          11.574         -39.222         -24.142          -64.320
    2 (occ)          -35.178           9.282         -32.600         -22.482          -36.014
    3 (occ)          -35.030           9.180         -32.572         -22.614          -35.809
    4 (occ)          -34.997           9.163         -32.604         -22.652          -35.786
    5 (occ)          -12.473           7.395         -21.695         -14.342          -12.430
    6 (occ)          -12.215           7.445         -21.716         -14.354          -12.132
    7 (occ)           -5.217           4.171         -17.503         -13.394           -5.155
    8 (occ)           -4.748           3.681         -17.629         -13.876           -4.820
    9 (occ)           -3.682           3.509         -17.236         -13.537           -3.872
   10 (occ)           -3.449           3.232         -17.314         -13.975           -3.557
   11 (occ)           -2.667           2.723         -16.342         -13.564           -2.722
   12 (occ)           -1.578           2.601         -16.650         -13.789           -1.838
   13 (occ)           -0.698           1.366         -17.077         -15.944           -0.465
   14 (vir)            2.091          -3.370         -11.471         -15.846            3.097
   15 (vir)            2.734          -4.460         -12.838         -18.381            3.817
   16 (vir)            2.968          -4.131         -10.675         -15.917            4.078
   17 (vir)            4.494          -4.931         -10.766         -16.705            5.503
   18 (vir)            8.123          -4.979          -7.057         -13.275            9.361
   19 (vir)            9.173          -4.434          -5.423         -11.200           10.517
   20 (vir)           10.342          -4.491          -5.538         -11.681           11.995
   21 (vir)           10.818          -5.268          -5.955         -12.500           12.094
   22 (vir)           11.529          -5.245          -5.602         -12.216           12.897
   23 (vir)           12.243          -5.557          -6.087         -13.156           13.755
   24 (vir)           13.079          -5.716          -6.390         -13.816           14.789
   25 (vir)           13.376          -5.515          -5.291         -12.256           14.825
   26 (vir)           13.711          -4.936          -4.086         -10.370           15.059
   27 (vir)           15.505          -6.421          -5.868         -13.685           16.901
   28 (vir)           16.994          -0.381          -4.078         -10.919           23.454
   29 (vir)           18.354          -6.646          -4.838         -13.003           19.872
   30 (vir)           20.175          -7.031          -4.804         -13.630           21.970
   31 (vir)           22.073          -7.259          -4.812         -13.694           23.697
   32 (vir)           22.625          -1.718          -4.034         -12.452           29.325
   33 (vir)           22.764          -6.780          -3.792         -11.927           24.119
   34 (vir)           24.794          -6.264          -4.086         -12.639           27.084
   35 (vir)           26.847          -4.677          -3.291         -11.777           30.657
   36 (vir)           27.759          -7.840          -4.127         -13.605           29.396
   37 (vir)           28.508          -7.557          -4.058         -13.795           30.687
   38 (vir)           30.181          -5.560          -3.969         -13.764           34.416
   39 (vir)           30.347           0.019          -4.066         -13.919           40.219
   40 (vir)           31.704          -6.162          -4.333         -14.289           35.497
   41 (vir)           31.734          -5.878          -4.042         -13.302           35.117
   42 (vir)           31.921          -6.331          -4.330         -13.879           35.139
   43 (vir)           34.478          -9.363          -4.214         -14.226           35.128
   44 (vir)           34.506          -2.271          -3.993         -13.801           42.043
   45 (vir)           37.642          -3.869          -3.457         -13.066           43.382
   46 (vir)           37.849          -6.057          -4.677         -15.011           42.125
   47 (vir)           39.724          -1.990          -3.699         -13.714           47.749
   48 (vir)           41.263          -2.941          -3.713         -13.589           48.198
   49 (vir)           42.558           0.570          -3.538         -13.729           53.319
   50 (vir)           44.398          -0.909          -4.133         -14.838           54.195
   51 (vir)           45.374          -1.317          -3.969         -15.185           55.273
   52 (vir)           63.148          -1.005          -3.877         -16.016           74.282
   53 (vir)           69.848           0.378          -3.294         -14.943           81.875
   54 (vir)           77.959          -1.407          -3.749         -16.965           89.768
   55 (vir)           88.747          -1.491          -3.881         -17.453          100.828
   56 (vir)          121.764           0.559          -0.904          -9.710          131.128
   57 (vir)          121.839          -0.457          -0.919          -9.680          130.144
   58 (vir)          139.544          -1.111          -0.700         -11.081          148.813
   59 (vir)          139.684           0.506          -0.702         -11.101          150.590
   60 (vir)          139.996           0.392          -0.720         -11.183          150.851
   61 (vir)          140.054          -0.032          -0.694         -11.080          150.408
   62 (vir)          140.245          -0.477          -0.697         -11.101          150.173
   63 (vir)          140.268          -0.271          -0.718         -11.192          150.470
   64 (vir)          292.591          -0.371          -2.502         -23.205          312.923
   65 (vir)          292.673          -0.413          -2.434         -23.115          312.942
   66 (vir)          292.776          -0.371          -2.457         -23.124          313.072
   67 (vir)          292.835          -0.395          -2.480         -23.175          313.135
   68 (vir)          292.877          -0.418          -2.434         -23.119          313.144
   69 (vir)          382.866          -1.518          -1.048         -14.627          394.927
