 
  kpoint:     0.0000    0.3684    0.0000
 
    n          ϵ_nk^DFT (eV)     Σ^c_nk (eV)     Σ^x_nk (eV)    v_nk^xc (eV)   ϵ_nk^G0W0 (eV)
 
    1 (occ)          -60.818          11.847         -39.222         -24.138          -64.055
    2 (occ)          -35.201           9.228         -32.603         -22.459          -36.118
    3 (occ)          -35.036           9.180         -32.570         -22.606          -35.820
    4 (occ)          -34.928           9.029         -32.602         -22.717          -35.783
    5 (occ)          -12.653           7.485         -21.683         -14.255          -12.596
    6 (occ)          -12.309           7.369         -21.685         -14.296          -12.329
    7 (occ)           -5.514           4.311         -17.578         -13.306           -5.476
    8 (occ)           -4.551           3.741         -17.179         -13.348           -4.640
    9 (occ)           -4.004           3.595         -17.259         -13.562           -4.105
   10 (occ)           -2.979           2.754         -18.025         -15.318           -2.931
   11 (occ)           -1.895           2.745         -16.562         -13.545           -2.167
   12 (occ)           -1.157           2.149         -16.863         -14.636           -1.234
   13 (occ)           -1.035           1.609         -16.365         -14.907           -0.884
   14 (vir)            2.236          -3.873         -12.651         -17.576            3.287
   15 (vir)            2.406          -3.958         -11.707         -16.679            3.421
   16 (vir)            3.550          -4.334         -10.211         -15.567            4.573
   17 (vir)            4.135          -4.621         -10.962         -16.556            5.108
   18 (vir)            7.578          -4.837          -6.744         -12.823            8.820
   19 (vir)            8.491          -4.598          -5.682         -11.379            9.589
   20 (vir)            8.762          -4.574          -6.306         -12.331           10.214
   21 (vir)           11.149          -5.091          -5.386         -11.595           12.268
   22 (vir)           11.782          -5.549          -7.093         -14.218           13.357
   23 (vir)           12.344          -5.446          -6.040         -13.130           13.987
   24 (vir)           13.186          -4.753          -4.016         -10.022           14.438
   25 (vir)           14.274          -5.588          -4.816         -11.581           15.451
   26 (vir)           15.764          -6.232          -5.223         -13.000           17.308
   27 (vir)           16.301          -5.982          -4.415         -11.568           17.472
   28 (vir)           16.619          -5.651          -5.480         -13.666           19.155
   29 (vir)           16.650          -6.510          -4.975         -12.784           17.950
   30 (vir)           18.442          -7.135          -5.683         -14.538           20.162
   31 (vir)           22.738          -7.306          -4.366         -13.137           24.203
   32 (vir)           22.752          -7.393          -3.958         -12.405           23.806
   33 (vir)           23.833          -6.707          -4.169         -12.883           25.840
   34 (vir)           25.146          -7.470          -4.159         -13.095           26.612
   35 (vir)           28.551          -5.797          -3.353         -11.947           31.348
   36 (vir)           28.710          -8.548          -4.149         -13.816           29.829
   37 (vir)           28.883          -7.474          -4.430         -14.168           31.146
   38 (vir)           28.910          -1.880          -3.827         -12.884           36.086
   39 (vir)           30.295          -4.125          -3.641         -13.141           35.670
   40 (vir)           32.224          -7.787          -4.196         -13.860           34.102
   41 (vir)           32.590          -5.862          -4.232         -13.751           36.247
   42 (vir)           33.577          -8.155          -4.360         -14.347           35.408
   43 (vir)           33.708          -5.056          -3.916         -13.600           38.336
   44 (vir)           33.765          -4.740          -3.630         -12.979           38.375
   45 (vir)           36.852          -5.514          -3.920         -13.897           41.316
   46 (vir)           37.770          -3.878          -3.522         -13.150           43.521
   47 (vir)           39.184          -3.720          -4.446         -14.734           45.751
   48 (vir)           41.536          -2.348          -3.697         -13.678           49.169
   49 (vir)           42.850          -2.124          -3.063         -12.737           50.400
   50 (vir)           45.770          -2.531          -3.900         -15.249           54.587
   51 (vir)           46.154          -0.759          -4.300         -15.512           56.607
   52 (vir)           56.848          -6.043          -3.899         -15.527           62.432
   53 (vir)           62.912          -2.418          -3.367         -14.575           71.702
   54 (vir)           75.251          -2.001          -3.754         -16.536           86.032
   55 (vir)           90.786          -1.233          -3.817         -17.653          103.388
   56 (vir)          121.449           1.223          -0.914          -9.729          131.486
   57 (vir)          121.813          -2.361          -0.913          -9.701          128.239
   58 (vir)          139.502          -0.799          -0.701         -11.076          149.078
   59 (vir)          139.652          -0.501          -0.702         -11.098          149.547
   60 (vir)          139.926          -7.254          -0.721         -11.185          143.135
   61 (vir)          140.194          -0.996          -0.717         -11.189          149.669
   62 (vir)          140.381           1.059          -0.686         -11.076          151.832
   63 (vir)          140.694          -0.511          -0.686         -11.095          150.592
   64 (vir)          292.506          -0.383          -2.518         -23.235          312.840
   65 (vir)          292.598          -0.410          -2.433         -23.113          312.867
   66 (vir)          292.670          -0.374          -2.452         -23.117          312.961
   67 (vir)          292.845          -0.382          -2.479         -23.170          313.153
   68 (vir)          292.896          -0.419          -2.432         -23.115          313.160
   69 (vir)          376.249          -1.559          -1.161         -14.651          388.181
