 
  kpoint:     0.0000    0.3158    0.0000
 
    n          ϵ_nk^DFT (eV)     Σ^c_nk (eV)     Σ^x_nk (eV)    v_nk^xc (eV)   ϵ_nk^G0W0 (eV)
 
    1 (occ)          -60.824          11.886         -39.222         -24.133          -64.027
    2 (occ)          -35.144           9.185         -32.601         -22.510          -36.050
    3 (occ)          -35.048           9.185         -32.569         -22.592          -35.840
    4 (occ)          -34.915           8.954         -32.599         -22.728          -35.831
    5 (occ)          -12.958           7.616         -21.660         -14.108          -12.895
    6 (occ)          -12.431           7.433         -21.641         -14.210          -12.429
    7 (occ)           -5.251           4.149         -17.720         -13.637           -5.185
    8 (occ)           -4.207           3.541         -17.244         -13.624           -4.286
    9 (occ)           -3.950           3.561         -16.965         -13.250           -4.104
   10 (occ)           -2.789           2.619         -17.949         -15.390           -2.730
   11 (occ)           -1.730           2.669         -16.294         -13.336           -2.019
   12 (occ)           -1.377           2.176         -17.181         -14.982           -1.400
   13 (occ)           -1.075           1.579         -16.684         -15.288           -0.891
   14 (vir)            2.209          -3.738         -11.383         -16.106            3.194
   15 (vir)            2.234          -3.718         -12.211         -16.920            3.226
   16 (vir)            3.276          -4.198         -10.495         -15.749            4.332
   17 (vir)            4.010          -4.556         -10.997         -16.520            4.976
   18 (vir)            8.065          -4.680          -5.944         -11.850            9.291
   19 (vir)            8.813          -4.906          -6.351         -12.339            9.896
   20 (vir)            9.197          -4.522          -6.104         -12.176           10.746
   21 (vir)           11.018          -4.660          -4.380          -9.996           11.974
   22 (vir)           11.691          -5.422          -6.817         -13.797           13.250
   23 (vir)           12.909          -6.065          -6.101         -13.407           14.150
   24 (vir)           13.013          -4.752          -4.835         -11.283           14.709
   25 (vir)           13.660          -5.608          -5.377         -12.369           15.044
   26 (vir)           15.254          -6.171          -5.207         -12.864           16.740
   27 (vir)           15.608          -6.404          -5.291         -13.019           16.931
   28 (vir)           15.749          -5.934          -5.611         -13.579           17.783
   29 (vir)           15.962          -5.942          -4.542         -11.615           17.093
   30 (vir)           18.214          -7.158          -5.891         -14.732           19.897
   31 (vir)           22.966          -7.196          -4.406         -13.127           24.490
   32 (vir)           23.064          -6.832          -3.962         -12.410           24.681
   33 (vir)           24.497          -7.363          -4.278         -13.180           26.036
   34 (vir)           25.056          -7.270          -4.032         -12.808           26.562
   35 (vir)           28.446          -7.530          -4.282         -13.967           30.600
   36 (vir)           29.080          -5.491          -3.178         -11.706           32.117
   37 (vir)           29.207          -7.749          -4.274         -14.019           31.204
   38 (vir)           29.353          -5.721          -3.408         -12.497           32.721
   39 (vir)           29.882         -10.803          -3.773         -12.933           28.239
   40 (vir)           31.562          -5.509          -4.141         -13.709           35.621
   41 (vir)           32.493         -11.623          -3.989         -13.292           30.173
   42 (vir)           33.320          -4.892          -3.810         -13.424           38.042
   43 (vir)           33.387          -7.626          -4.289         -14.155           35.626
   44 (vir)           34.518          -6.142          -3.646         -13.183           37.913
   45 (vir)           36.647          -3.254          -3.860         -13.680           43.215
   46 (vir)           37.405          -3.214          -3.413         -12.754           43.531
   47 (vir)           39.257          -4.231          -4.482         -14.795           45.338
   48 (vir)           41.702          -1.753          -4.003         -14.561           50.507
   49 (vir)           42.075           0.391          -3.286         -13.196           52.377
   50 (vir)           45.776          -2.647          -3.914         -15.272           54.486
   51 (vir)           45.959          -2.770          -4.367         -15.571           54.394
   52 (vir)           54.244          -5.329          -3.940         -15.381           60.356
   53 (vir)           63.233          -3.699          -3.516         -14.958           70.975
   54 (vir)           78.387          -2.352          -3.625         -16.582           88.991
   55 (vir)           91.710          -1.164          -3.776         -17.601          104.371
   56 (vir)          119.378          -0.894          -0.951          -9.771          127.304
   57 (vir)          120.072          -1.422          -0.956          -9.779          127.473
   58 (vir)          139.678          -0.691          -0.698         -11.080          149.369
   59 (vir)          139.763          -0.310          -0.710         -11.142          149.886
   60 (vir)          140.002          -1.367          -0.709         -11.133          149.058
   61 (vir)          140.185          -1.023          -0.716         -11.180          149.625
   62 (vir)          140.513           0.460          -0.682         -11.072          151.363
   63 (vir)          140.787           0.100          -0.684         -11.092          151.295
   64 (vir)          292.497          -0.390          -2.521         -23.240          312.827
   65 (vir)          292.572          -0.411          -2.433         -23.111          312.839
   66 (vir)          292.609          -0.378          -2.466         -23.143          312.907
   67 (vir)          292.756          -0.380          -2.484         -23.178          313.070
   68 (vir)          292.827          -0.418          -2.431         -23.112          313.090
   69 (vir)          372.841          -1.771          -1.200         -14.707          384.576
