 
  kpoint:     0.0000    0.0000    0.0000
 
    n          ϵ_nk^DFT (eV)     Σ^c_nk (eV)     Σ^x_nk (eV)    v_nk^xc (eV)   ϵ_nk^G0W0 (eV)
 
    1 (occ)          -60.855          11.601         -39.224         -24.104          -64.375
    2 (occ)          -35.108           9.259         -32.559         -22.523          -35.885
    3 (occ)          -34.846           9.000         -32.588         -22.787          -35.647
    4 (occ)          -34.846           8.921         -32.588         -22.787          -35.726
    5 (occ)          -14.221           8.201         -21.693         -13.630          -14.083
    6 (occ)          -12.961           7.628         -21.505         -13.902          -12.936
    7 (occ)           -5.743           4.502         -17.404         -12.912           -5.734
    8 (occ)           -2.572           2.639         -18.158         -15.700           -2.390
    9 (occ)           -2.572           2.637         -18.157         -15.700           -2.392
   10 (occ)           -1.982           2.863         -15.637         -12.397           -2.358
   11 (occ)           -1.466           1.713         -17.662         -16.106           -1.309
   12 (occ)           -1.466           1.712         -17.661         -16.106           -1.310
   13 (occ)           -0.203           1.201         -16.494         -15.459           -0.037
   14 (vir)            2.778          -3.704         -10.934         -15.599            3.739
   15 (vir)            2.778          -3.707         -10.933         -15.599            3.737
   16 (vir)            2.963          -3.741         -10.985         -15.522            3.759
   17 (vir)            2.963          -3.743         -10.985         -15.522            3.757
   18 (vir)            6.280          -4.421          -5.888         -11.236            7.207
   19 (vir)            8.922          -3.788          -3.906          -8.596            9.824
   20 (vir)            9.738          -3.642          -4.458          -9.668           11.306
   21 (vir)           10.228          -4.390          -5.037         -10.920           11.721
   22 (vir)           11.493          -5.208          -6.166         -13.082           13.200
   23 (vir)           11.493          -5.222          -6.165         -13.082           13.188
   24 (vir)           13.296          -5.518          -6.745         -13.999           15.032
   25 (vir)           13.703          -5.879          -6.080         -13.663           15.408
   26 (vir)           13.703          -5.785          -6.079         -13.663           15.501
   27 (vir)           16.866          -6.612          -6.129         -14.622           18.746
   28 (vir)           16.866          -6.967          -6.130         -14.622           18.391
   29 (vir)           17.049          -6.570          -5.941         -14.520           19.058
   30 (vir)           17.049          -6.652          -5.941         -14.520           18.976
   31 (vir)           20.445          -6.744          -4.767         -13.165           22.099
   32 (vir)           22.022          -6.249          -4.714         -12.993           24.052
   33 (vir)           26.885          -7.242          -4.714         -13.833           28.762
   34 (vir)           28.005          -7.594          -4.660         -14.432           30.183
   35 (vir)           28.005          -7.357          -4.660         -14.432           30.419
   36 (vir)           28.126          -4.277          -3.499         -11.617           31.966
   37 (vir)           31.339          -3.162          -2.278          -9.414           35.313
   38 (vir)           31.767          -6.416          -4.318         -14.092           35.125
   39 (vir)           31.767          -4.888          -4.319         -14.092           36.652
   40 (vir)           32.081          -4.156          -3.374         -12.546           37.097
   41 (vir)           32.081          -5.313          -3.375         -12.546           35.939
   42 (vir)           36.330          -1.762          -3.840         -14.399           45.126
   43 (vir)           37.169          -4.014          -3.776         -13.534           42.913
   44 (vir)           37.169          -2.507          -3.773         -13.534           44.423
   45 (vir)           39.909          -7.720          -5.118         -15.548           42.619
   46 (vir)           40.690          -0.636          -3.154         -13.141           50.041
   47 (vir)           40.690          -0.492          -3.155         -13.141           50.184
   48 (vir)           40.745          -4.412          -2.947         -12.776           46.162
   49 (vir)           40.745          -2.297          -2.937         -12.776           48.287
   50 (vir)           41.983          -1.191          -3.234         -12.654           50.212
   51 (vir)           46.828          -2.172          -3.805         -15.116           55.967
   52 (vir)           46.828           1.397          -3.803         -15.116           59.538
   53 (vir)           49.728          -1.415          -3.734         -14.460           59.039
   54 (vir)           94.418          -2.321          -3.769         -17.467          105.795
   55 (vir)           94.418          -0.496          -3.729         -17.467          107.661
   56 (vir)          112.474          -0.874          -1.110          -9.970          120.461
   57 (vir)          112.559          -1.184          -1.139         -10.090          120.327
   58 (vir)          139.726          -0.047          -0.722         -11.184          150.140
   59 (vir)          139.844          -0.556          -0.716         -11.171          149.743
   60 (vir)          141.753          -0.164          -0.656         -11.049          151.982
   61 (vir)          141.753          -0.225          -0.656         -11.049          151.921
   62 (vir)          141.942           3.713          -0.657         -11.068          156.065
   63 (vir)          141.942           0.836          -0.658         -11.068          153.189
   64 (vir)          292.273          -0.412          -2.528         -23.258          312.591
   65 (vir)          292.273          -0.412          -2.528         -23.258          312.591
   66 (vir)          292.430          -0.413          -2.427         -23.093          312.684
   67 (vir)          292.430          -0.413          -2.427         -23.093          312.683
   68 (vir)          292.530          -0.381          -2.520         -23.237          312.865
   69 (vir)          340.125          -0.982          -1.679         -15.057          352.521
