 
  kpoint:     0.2807    0.2807    0.0000
 
    n          ϵ_nk^DFT (eV)     Σ^c_nk (eV)     Σ^x_nk (eV)    v_nk^xc (eV)   ϵ_nk^G0W0 (eV)
 
    1 (occ)          -60.807          11.639         -39.222         -24.148          -64.241
    2 (occ)          -35.191           9.349         -32.593         -22.472          -35.963
    3 (occ)          -35.065           9.199         -32.611         -22.589          -35.888
    4 (occ)          -35.016           9.137         -32.574         -22.629          -35.825
    5 (occ)          -12.090           7.217         -21.751         -14.558          -12.066
    6 (occ)          -12.042           7.391         -21.789         -14.482          -11.958
    7 (occ)           -5.348           4.165         -17.806         -13.763           -5.225
    8 (occ)           -5.101           4.121         -17.248         -13.071           -5.157
    9 (occ)           -3.752           3.467         -17.276         -13.690           -3.871
   10 (occ)           -3.376           3.171         -16.594         -13.307           -3.491
   11 (occ)           -3.218           3.189         -16.856         -13.492           -3.393
   12 (occ)           -2.056           2.796         -17.073         -14.045           -2.287
   13 (occ)           -0.310           0.939         -16.742         -16.082           -0.031
   14 (vir)            2.036          -3.493         -12.853         -17.404            3.095
   15 (vir)            2.990          -4.063         -10.354         -15.524            4.098
   16 (vir)            3.220          -4.512         -12.019         -17.522            4.211
   17 (vir)            4.759          -5.165         -11.036         -17.260            5.818
   18 (vir)            7.541          -4.771          -6.983         -12.953            8.739
   19 (vir)            8.460          -4.698          -6.051         -12.022            9.734
   20 (vir)           10.808          -5.022          -5.652         -11.967           12.101
   21 (vir)           10.884          -4.857          -5.423         -11.727           12.332
   22 (vir)           11.876          -5.505          -5.807         -12.622           13.187
   23 (vir)           12.617          -5.953          -6.134         -13.419           13.949
   24 (vir)           13.622          -5.930          -5.674         -13.138           15.156
   25 (vir)           13.647          -6.007          -5.975         -13.467           15.132
   26 (vir)           14.399          -5.263          -4.125         -10.580           15.592
   27 (vir)           14.883          -5.758          -5.584         -12.978           16.519
   28 (vir)           18.187          -5.514          -3.477         -10.041           19.237
   29 (vir)           19.500          -8.071          -4.803         -13.219           19.846
   30 (vir)           20.373          -6.680          -4.017         -11.915           21.591
   31 (vir)           20.738          -5.047          -4.647         -13.151           24.195
   32 (vir)           21.151          -6.633          -4.491         -12.796           22.824
   33 (vir)           23.378          -7.228          -4.027         -12.740           24.862
   34 (vir)           24.767          -7.457          -4.025         -12.759           26.045
   35 (vir)           26.497          -6.242          -3.544         -12.416           29.126
   36 (vir)           27.591          -1.508          -4.249         -13.944           35.779
   37 (vir)           28.242          -8.738          -3.948         -13.619           29.175
   38 (vir)           29.416          -8.305          -4.166         -13.960           30.905
   39 (vir)           30.670          -6.965          -4.000         -13.585           33.290
   40 (vir)           31.257          -7.840          -4.123         -14.125           33.418
   41 (vir)           31.454          -8.260          -4.381         -14.027           32.839
   42 (vir)           32.512          -5.208          -4.509         -14.071           36.866
   43 (vir)           34.935          -8.505          -4.410         -14.650           36.670
   44 (vir)           36.168          -5.816          -4.719         -14.823           40.455
   45 (vir)           37.164          -5.083          -4.235         -14.631           42.478
   46 (vir)           37.530          -5.437          -4.103         -14.454           42.443
   47 (vir)           40.114          -2.040          -4.021         -14.597           48.650
   48 (vir)           42.204          -2.830          -4.039         -14.601           49.935
   49 (vir)           44.132          -2.616          -3.844         -14.540           52.212
   50 (vir)           45.944           0.084          -3.084         -13.006           55.950
   51 (vir)           46.305          -1.777          -3.048         -12.893           54.373
   52 (vir)           69.614          -2.434          -3.824         -16.485           79.841
   53 (vir)           71.803           0.741          -3.064         -14.379           83.859
   54 (vir)           76.575          -6.118          -4.030         -17.077           83.504
   55 (vir)           86.202          -0.872          -3.698         -17.347           98.979
   56 (vir)          124.112          -0.388          -0.834          -9.611          132.501
   57 (vir)          125.057          -1.742          -0.822          -9.552          132.045
   58 (vir)          139.488           0.285          -0.703         -11.081          150.152
   59 (vir)          139.612           0.041          -0.699         -11.083          150.036
   60 (vir)          139.814           0.540          -0.699         -11.081          150.736
   61 (vir)          139.978          -0.323          -0.722         -11.194          150.128
   62 (vir)          140.023           0.294          -0.704         -11.121          150.734
   63 (vir)          140.283           0.161          -0.719         -11.199          150.925
   64 (vir)          292.637          -0.354          -2.494         -23.190          312.979
   65 (vir)          292.755          -0.415          -2.435         -23.119          313.025
   66 (vir)          292.881          -0.370          -2.456         -23.126          313.181
   67 (vir)          292.889          -0.419          -2.436         -23.124          313.158
   68 (vir)          292.938          -0.398          -2.465         -23.147          313.222
   69 (vir)          386.785          -1.644          -1.044         -14.617          398.714
