 
  kpoint:     0.1228    0.1228    0.0000
 
    n          ϵ_nk^DFT (eV)     Σ^c_nk (eV)     Σ^x_nk (eV)    v_nk^xc (eV)   ϵ_nk^G0W0 (eV)
 
    1 (occ)          -60.838          11.968         -39.223         -24.120          -63.973
    2 (occ)          -35.075           9.195         -32.566         -22.561          -35.886
    3 (occ)          -35.005           9.070         -32.595         -22.638          -35.892
    4 (occ)          -34.890           8.991         -32.594         -22.748          -35.745
    5 (occ)          -13.575           7.768         -21.658         -13.856          -13.609
    6 (occ)          -12.686           7.506         -21.565         -14.050          -12.695
    7 (occ)           -5.114           4.081         -17.450         -13.364           -5.119
    8 (occ)           -3.653           3.271         -17.388         -14.085           -3.685
    9 (occ)           -3.258           3.042         -17.217         -14.083           -3.350
   10 (occ)           -2.665           2.503         -17.593         -15.126           -2.629
   11 (occ)           -1.992           2.403         -17.602         -15.264           -1.926
   12 (occ)           -1.016           2.300         -16.123         -13.554           -1.285
   13 (occ)           -0.643           1.400         -17.045         -15.850           -0.438
   14 (vir)            2.003          -3.382         -10.852         -15.123            2.891
   15 (vir)            2.453          -3.691         -11.457         -16.058            3.363
   16 (vir)            2.485          -3.896         -11.007         -16.023            3.605
   17 (vir)            3.735          -4.352         -10.977         -16.318            4.724
   18 (vir)            8.246          -4.820          -5.701         -11.430            9.156
   19 (vir)            9.870          -3.858          -3.436          -8.186           10.762
   20 (vir)           10.219          -4.836          -6.198         -12.585           11.770
   21 (vir)           10.516          -4.868          -5.618         -11.749           11.779
   22 (vir)           11.375          -5.066          -5.837         -12.451           12.923
   23 (vir)           12.200          -5.453          -5.795         -12.750           13.701
   24 (vir)           12.341          -5.794          -6.784         -14.168           13.931
   25 (vir)           13.636          -5.531          -5.250         -12.298           15.153
   26 (vir)           13.817          -5.804          -5.709         -13.059           15.363
   27 (vir)           14.710          -6.235          -6.030         -13.725           16.170
   28 (vir)           15.578          -6.334          -5.795         -13.855           17.304
   29 (vir)           16.617          -6.496          -5.365         -13.096           17.852
   30 (vir)           17.619          -7.013          -5.982         -14.650           19.273
   31 (vir)           22.469          -4.153          -4.373         -12.704           26.649
   32 (vir)           22.716          -7.085          -4.250         -12.753           24.133
   33 (vir)           25.480          -6.423          -3.867         -12.487           27.677
   34 (vir)           25.999          -7.955          -4.484         -13.891           27.451
   35 (vir)           27.282          -6.824          -3.749         -12.628           29.337
   36 (vir)           28.629          -6.256          -3.377         -11.939           30.935
   37 (vir)           28.936          -6.301          -4.182         -13.456           31.908
   38 (vir)           29.359          -4.889          -3.270         -11.920           33.119
   39 (vir)           29.681          -6.438          -4.175         -13.304           32.372
   40 (vir)           31.909          -4.558          -4.120         -13.869           37.099
   41 (vir)           32.914          -6.809          -3.677         -12.962           35.389
   42 (vir)           33.528          -8.375          -3.728         -13.697           35.122
   43 (vir)           33.705          -7.035          -3.630         -13.237           36.277
   44 (vir)           36.384           0.341          -3.672         -13.660           46.713
   45 (vir)           37.419          -3.819          -3.615         -13.214           43.200
   46 (vir)           38.343          -3.241          -3.285         -12.720           44.539
   47 (vir)           38.979          -6.142          -4.420         -14.756           43.173
   48 (vir)           42.016          -1.408          -3.723         -14.072           50.958
   49 (vir)           43.046          -2.476          -4.088         -15.068           51.550
   50 (vir)           43.463          -4.316          -4.428         -15.273           49.991
   51 (vir)           45.828          -0.924          -3.931         -15.281           56.254
   52 (vir)           49.154          -1.660          -3.955         -14.957           58.496
   53 (vir)           60.126          -3.020          -3.622         -15.030           68.514
   54 (vir)           86.085          -2.541          -3.709         -16.932           96.768
   55 (vir)           92.919          -1.612          -3.770         -17.495          105.032
   56 (vir)          116.300          -1.213          -1.003          -9.834          123.918
   57 (vir)          117.197           0.106          -1.015          -9.893          126.181
   58 (vir)          139.782          -0.175          -0.721         -11.184          150.071
   59 (vir)          139.933          -0.186          -0.710         -11.157          150.194
   60 (vir)          140.466          -0.100          -0.691         -11.085          150.760
   61 (vir)          140.570          -0.409          -0.685         -11.071          150.546
   62 (vir)          140.811          -0.080          -0.676         -11.063          151.118
   63 (vir)          141.011          -0.389          -0.681         -11.089          151.030
   64 (vir)          292.442          -0.403          -2.508         -23.220          312.751
   65 (vir)          292.481          -0.415          -2.511         -23.228          312.783
   66 (vir)          292.516          -0.412          -2.431         -23.105          312.777
   67 (vir)          292.593          -0.370          -2.501         -23.204          312.926
   68 (vir)          292.650          -0.416          -2.430         -23.106          312.910
   69 (vir)          362.769          -1.911          -1.348         -14.843          374.352
