 
  kpoint:     0.0000    0.0789    0.0000
 
    n          ϵ_nk^DFT (eV)     Σ^c_nk (eV)     Σ^x_nk (eV)    v_nk^xc (eV)   ϵ_nk^G0W0 (eV)
 
    1 (occ)          -60.853          11.768         -39.224         -24.107          -64.202
    2 (occ)          -35.102           9.247         -32.561         -22.529          -35.888
    3 (occ)          -34.872           8.967         -32.590         -22.762          -35.732
    4 (occ)          -34.852           8.983         -32.589         -22.782          -35.676
    5 (occ)          -14.125           8.154         -21.687         -13.662          -13.996
    6 (occ)          -12.920           7.610         -21.513         -13.922          -12.901
    7 (occ)           -5.632           4.410         -17.382         -12.955           -5.650
    8 (occ)           -2.789           2.766         -18.010         -15.399           -2.635
    9 (occ)           -2.471           2.588         -18.102         -15.681           -2.304
   10 (occ)           -2.365           2.711         -16.610         -13.719           -2.544
   11 (occ)           -1.621           1.813         -17.662         -15.992           -1.478
   12 (occ)           -1.237           2.031         -16.619         -14.497           -1.328
   13 (occ)           -0.241           1.218         -16.598         -15.550           -0.072
   14 (vir)            2.651          -3.719         -10.950         -15.672            3.654
   15 (vir)            2.703          -3.654         -10.867         -15.336            3.518
   16 (vir)            2.859          -3.695         -11.050         -15.551            3.664
   17 (vir)            2.942          -3.821         -10.970         -15.757            3.907
   18 (vir)            6.713          -4.504          -5.947         -11.391            7.653
   19 (vir)            9.176          -3.852          -3.527          -8.084            9.882
   20 (vir)            9.813          -4.102          -4.749         -10.132           11.094
   21 (vir)           10.418          -4.690          -5.431         -11.593           11.891
   22 (vir)           11.289          -5.039          -5.949         -12.688           12.989
   23 (vir)           11.767          -5.254          -6.123         -13.123           13.513
   24 (vir)           13.211          -5.837          -6.835         -14.162           14.700
   25 (vir)           13.290          -5.677          -6.053         -13.463           15.024
   26 (vir)           13.776          -5.846          -5.965         -13.525           15.490
   27 (vir)           16.534          -6.742          -5.903         -14.279           18.167
   28 (vir)           16.566          -6.095          -6.131         -14.523           18.862
   29 (vir)           16.775          -6.861          -5.997         -14.322           18.240
   30 (vir)           17.157          -6.597          -5.966         -14.576           19.170
   31 (vir)           20.993          -6.568          -4.718         -13.214           22.921
   32 (vir)           22.091          -6.029          -4.586         -12.813           24.289
   33 (vir)           26.854          -6.595          -4.361         -13.308           29.205
   34 (vir)           27.044          -5.967          -3.795         -12.364           29.646
   35 (vir)           27.729          -5.651          -4.638         -14.381           31.820
   36 (vir)           28.005          -6.705          -4.218         -13.365           30.446
   37 (vir)           29.860          -3.854          -2.706         -10.414           33.714
   38 (vir)           31.496          -7.558          -4.284         -13.925           33.579
   39 (vir)           31.684          -7.023          -4.415         -14.268           34.514
   40 (vir)           31.753          -3.699          -3.310         -12.360           37.105
   41 (vir)           32.664          -4.540          -3.376         -12.414           37.162
   42 (vir)           35.889          -8.754          -3.800         -14.222           37.557
   43 (vir)           36.636          -3.887          -3.469         -13.065           42.346
   44 (vir)           36.988          -3.177          -3.664         -13.371           43.518
   45 (vir)           39.557          -4.277          -4.315         -14.460           45.425
   46 (vir)           39.914          -1.152          -3.198         -13.136           48.700
   47 (vir)           40.213          -1.272          -3.153         -12.980           48.767
   48 (vir)           40.928          -1.666          -3.151         -13.103           49.214
   49 (vir)           41.511          -5.866          -4.090         -14.552           46.107
   50 (vir)           42.989          -1.979          -3.488         -13.335           50.857
   51 (vir)           45.453          -1.923          -3.881         -15.003           54.652
   52 (vir)           46.598           1.742          -3.835         -15.189           59.694
   53 (vir)           52.182          -2.960          -3.705         -14.709           60.226
   54 (vir)           92.705          -3.695          -3.486         -17.342          102.866
   55 (vir)           94.380          -1.705          -3.627         -17.476          106.524
   56 (vir)          113.313          -0.975          -1.082          -9.939          121.194
   57 (vir)          113.777           0.161          -1.097         -10.039          122.880
   58 (vir)          139.736          -0.427          -0.722         -11.184          149.771
   59 (vir)          139.864          -0.761          -0.716         -11.171          149.558
   60 (vir)          141.427          -0.441          -0.663         -11.050          151.373
   61 (vir)          141.574          -0.190          -0.659         -11.051          151.775
   62 (vir)          141.589           1.425          -0.663         -11.065          153.416
   63 (vir)          141.753          -0.877          -0.661         -11.071          151.286
   64 (vir)          292.303          -0.411          -2.523         -23.249          312.619
   65 (vir)          292.304          -0.413          -2.526         -23.255          312.620
   66 (vir)          292.443          -0.413          -2.428         -23.096          312.698
   67 (vir)          292.465          -0.414          -2.427         -23.096          312.720
   68 (vir)          292.538          -0.380          -2.518         -23.234          312.874
   69 (vir)          344.653          -0.948          -1.606         -15.018          357.118
