 
  kpoint:     0.2982    0.2982    0.0000
 
    n          ϵ_nk^DFT (eV)     Σ^c_nk (eV)     Σ^x_nk (eV)    v_nk^xc (eV)   ϵ_nk^G0W0 (eV)
 
    1 (occ)          -60.806          11.649         -39.222         -24.149          -64.229
    2 (occ)          -35.183           9.331         -32.588         -22.480          -35.960
    3 (occ)          -35.087           9.246         -32.616         -22.568          -35.889
    4 (occ)          -35.014           9.128         -32.574         -22.632          -35.829
    5 (occ)          -12.021           7.193         -21.764         -14.600          -11.992
    6 (occ)          -12.009           7.371         -21.804         -14.508          -11.933
    7 (occ)           -5.461           4.116         -17.843         -13.750           -5.438
    8 (occ)           -4.967           4.109         -17.219         -13.056           -5.021
    9 (occ)           -3.891           3.414         -16.765         -13.252           -3.990
   10 (occ)           -3.514           3.319         -17.159         -13.691           -3.663
   11 (occ)           -3.116           3.158         -16.631         -13.275           -3.314
   12 (occ)           -2.197           2.853         -17.275         -14.203           -2.416
   13 (occ)           -0.179           0.804         -16.679         -16.165            0.111
   14 (vir)            1.918          -3.427         -13.052         -17.551            2.990
   15 (vir)            2.955          -4.037         -10.276         -15.419            4.060
   16 (vir)            3.382          -4.551         -11.885         -17.390            4.337
   17 (vir)            4.843          -5.184         -11.146         -17.455            5.967
   18 (vir)            7.480          -4.819          -6.956         -12.876            8.581
   19 (vir)            8.238          -4.678          -6.139         -12.123            9.545
   20 (vir)           10.853          -5.124          -5.731         -12.078           12.076
   21 (vir)           11.071          -4.848          -5.282         -11.596           12.536
   22 (vir)           12.032          -5.510          -5.782         -12.627           13.366
   23 (vir)           12.830          -5.962          -6.073         -13.395           14.190
   24 (vir)           13.615          -6.046          -5.735         -13.258           15.093
   25 (vir)           13.691          -6.086          -5.869         -13.370           15.106
   26 (vir)           14.404          -5.787          -5.231         -12.310           15.696
   27 (vir)           14.790          -5.525          -4.624         -11.468           16.108
   28 (vir)           18.472          -5.488          -3.317          -9.768           19.435
   29 (vir)           19.735          -8.897          -4.802         -13.293           19.328
   30 (vir)           20.165          -6.902          -3.912         -11.554           20.906
   31 (vir)           20.303          -4.303          -4.765         -13.247           24.482
   32 (vir)           20.835          -6.819          -4.526         -12.727           22.216
   33 (vir)           23.914          -7.237          -3.938         -12.743           25.482
   34 (vir)           24.840          -7.795          -3.979         -12.777           25.843
   35 (vir)           26.246          -6.787          -3.691         -12.734           28.503
   36 (vir)           27.550           4.669          -4.280         -14.003           41.944
   37 (vir)           28.156          -9.173          -3.885         -13.445           28.543
   38 (vir)           29.294          -7.951          -4.181         -13.990           31.151
   39 (vir)           30.553          -6.763          -4.041         -13.583           33.332
   40 (vir)           31.067          -8.615          -4.126         -14.079           32.405
   41 (vir)           31.555          -7.507          -4.374         -14.082           33.756
   42 (vir)           32.886          -5.753          -4.502         -14.171           36.802
   43 (vir)           35.202          -7.133          -4.423         -14.770           38.415
   44 (vir)           35.558          -6.020          -4.744         -14.764           39.557
   45 (vir)           36.784          -5.834          -4.341         -14.714           41.322
   46 (vir)           38.423          -4.881          -4.131         -14.651           44.061
   47 (vir)           40.055          -0.477          -4.040         -14.617           50.155
   48 (vir)           41.826          -2.915          -4.100         -14.655           49.467
   49 (vir)           44.481          -1.420          -4.121         -15.333           54.273
   50 (vir)           46.541          -0.003          -2.998         -12.878           56.418
   51 (vir)           47.425          -1.246          -2.726         -12.206           55.660
   52 (vir)           70.690          -2.783          -3.787         -16.654           80.773
   53 (vir)           72.359          -0.123          -2.985         -14.239           83.490
   54 (vir)           77.132           1.408          -4.055         -17.073           91.557
   55 (vir)           85.328          -7.952          -3.729         -17.295           90.943
   56 (vir)          124.563          -0.436          -0.837          -9.603          132.893
   57 (vir)          125.931          -2.111          -0.795          -9.501          132.526
   58 (vir)          139.511           0.688          -0.703         -11.082          150.578
   59 (vir)          139.611           0.100          -0.699         -11.079          150.090
   60 (vir)          139.742           0.333          -0.700         -11.081          150.457
   61 (vir)          139.960           1.093          -0.706         -11.131          151.478
   62 (vir)          139.991          -0.416          -0.721         -11.191          150.044
   63 (vir)          140.285          -3.408          -0.719         -11.200          147.358
   64 (vir)          292.648          -0.351          -2.492         -23.186          312.991
   65 (vir)          292.782          -0.416          -2.435         -23.119          313.051
   66 (vir)          292.878          -0.419          -2.437         -23.126          313.147
   67 (vir)          292.905          -0.371          -2.460         -23.135          313.208
   68 (vir)          292.954          -0.402          -2.458         -23.135          313.229
   69 (vir)          387.355          -1.720          -1.023         -14.622          399.235
