 
  kpoint:     0.2632    0.2632    0.0000
 
    n          ϵ_nk^DFT (eV)     Σ^c_nk (eV)     Σ^x_nk (eV)    v_nk^xc (eV)   ϵ_nk^G0W0 (eV)
 
    1 (occ)          -60.809          11.619         -39.222         -24.147          -64.265
    2 (occ)          -35.193           9.333         -32.597         -22.469          -35.987
    3 (occ)          -35.042           9.178         -32.608         -22.610          -35.861
    4 (occ)          -35.020           9.153         -32.574         -22.625          -35.816
    5 (occ)          -12.191           7.264         -21.734         -14.499          -12.162
    6 (occ)          -12.089           7.411         -21.768         -14.447          -11.999
    7 (occ)           -5.189           4.144         -17.757         -13.789           -5.013
    8 (occ)           -5.189           4.126         -17.320         -13.144           -5.238
    9 (occ)           -3.683           3.500         -17.455         -13.805           -3.834
   10 (occ)           -3.316           3.216         -17.041         -13.673           -3.468
   11 (occ)           -3.164           3.057         -16.316         -13.223           -3.201
   12 (occ)           -1.898           2.716         -16.907         -13.933           -2.156
   13 (occ)           -0.453           1.089         -16.835         -16.011           -0.188
   14 (vir)            2.130          -3.670         -12.484         -17.025            3.000
   15 (vir)            3.013          -4.093         -10.455         -15.656            4.121
   16 (vir)            3.031          -4.493         -12.269         -17.796            4.064
   17 (vir)            4.666          -5.096         -10.920         -17.048            5.698
   18 (vir)            7.682          -4.781          -7.024         -13.065            8.941
   19 (vir)            8.700          -4.603          -5.900         -11.839           10.036
   20 (vir)           10.680          -4.809          -5.516         -11.785           12.140
   21 (vir)           10.776          -5.055          -5.627         -11.942           12.036
   22 (vir)           11.741          -5.412          -5.798         -12.569           13.100
   23 (vir)           12.444          -6.063          -6.168         -13.399           13.611
   24 (vir)           13.505          -5.913          -6.115         -13.590           15.067
   25 (vir)           13.595          -5.886          -5.666         -13.094           15.137
   26 (vir)           14.230          -4.898          -3.668          -9.781           15.445
   27 (vir)           15.068          -6.105          -5.903         -13.547           16.607
   28 (vir)           17.829          -5.376          -3.651         -10.302           19.104
   29 (vir)           19.193          -7.384          -4.811         -13.170           20.167
   30 (vir)           20.551          -6.875          -4.206         -12.467           21.936
   31 (vir)           21.276          -6.492          -4.678         -13.336           23.442
   32 (vir)           21.510          -4.170          -4.330         -12.636           25.645
   33 (vir)           22.913          -7.176          -4.025         -12.523           24.235
   34 (vir)           24.717          -6.897          -4.063         -12.723           26.480
   35 (vir)           26.664          -6.102          -3.430         -12.148           29.279
   36 (vir)           27.625           0.475          -4.215         -13.857           37.742
   37 (vir)           28.354          -7.980          -4.000         -13.753           30.127
   38 (vir)           29.628          -8.942          -4.123         -13.920           30.483
   39 (vir)           30.733          -7.711          -4.004         -13.756           32.774
   40 (vir)           31.396          -7.564          -4.326         -13.788           33.294
   41 (vir)           31.441          -7.464          -4.145         -14.203           34.035
   42 (vir)           32.209          -3.234          -4.493         -13.953           38.436
   43 (vir)           34.715          -8.412          -4.367         -14.515           36.451
   44 (vir)           36.541          -2.459          -4.119         -14.225           44.188
   45 (vir)           36.811          -5.802          -4.663         -14.928           41.274
   46 (vir)           37.506          -4.864          -4.071         -14.398           42.969
   47 (vir)           40.123          -0.488          -3.964         -14.465           50.135
   48 (vir)           42.457          -2.015          -3.899         -14.367           50.909
   49 (vir)           43.173          -2.920          -3.379         -13.158           50.032
   50 (vir)           45.254           2.251          -3.333         -13.377           57.549
   51 (vir)           45.621          -5.395          -3.634         -14.320           50.911
   52 (vir)           67.860          -1.607          -3.839         -16.319           78.733
   53 (vir)           71.262           0.081          -3.147         -14.573           82.769
   54 (vir)           76.591          -6.591          -3.964         -17.060           83.095
   55 (vir)           87.075          -0.361          -3.734         -17.391          100.371
   56 (vir)          123.469          -0.449          -0.857          -9.627          131.789
   57 (vir)          124.006          -1.751          -0.852          -9.611          131.014
   58 (vir)          139.485          -0.762          -0.702         -11.081          149.101
   59 (vir)          139.624          -0.001          -0.700         -11.087          150.009
   60 (vir)          139.889          -1.539          -0.697         -11.081          148.733
   61 (vir)          139.982          -0.549          -0.724         -11.200          149.910
   62 (vir)          140.084           0.309          -0.700         -11.108          150.801
   63 (vir)          140.280          -0.166          -0.719         -11.198          150.593
   64 (vir)          292.624          -0.359          -2.496         -23.194          312.963
   65 (vir)          292.728          -0.414          -2.434         -23.118          312.998
   66 (vir)          292.851          -0.369          -2.454         -23.121          313.149
   67 (vir)          292.893          -0.418          -2.435         -23.122          313.162
   68 (vir)          292.912          -0.395          -2.471         -23.158          313.204
   69 (vir)          385.903          -1.546          -1.048         -14.614          397.923
