 
  kpoint:     0.0000    0.3947    0.0000
 
    n          ϵ_nk^DFT (eV)     Σ^c_nk (eV)     Σ^x_nk (eV)    v_nk^xc (eV)   ϵ_nk^G0W0 (eV)
 
    1 (occ)          -60.816          11.817         -39.222         -24.141          -64.080
    2 (occ)          -35.225           9.250         -32.605         -22.438          -36.141
    3 (occ)          -35.032           9.175         -32.570         -22.611          -35.815
    4 (occ)          -34.934           9.087         -32.603         -22.713          -35.737
    5 (occ)          -12.521           7.420         -21.699         -14.325          -12.475
    6 (occ)          -12.257           7.388         -21.706         -14.335          -12.240
    7 (occ)           -5.642           4.366         -17.494         -13.127           -5.642
    8 (occ)           -4.691           3.822         -17.148         -13.230           -4.787
    9 (occ)           -4.048           3.602         -17.426         -13.749           -4.123
   10 (occ)           -3.052           2.808         -18.056         -15.292           -3.008
   11 (occ)           -1.956           2.774         -16.677         -13.639           -2.221
   12 (occ)           -1.073           2.140         -16.718         -14.472           -1.178
   13 (occ)           -0.959           1.601         -16.210         -14.733           -0.834
   14 (vir)            2.257          -3.957         -12.861         -17.893            3.333
   15 (vir)            2.516          -4.079         -11.880         -16.983            3.540
   16 (vir)            3.660          -4.364         -10.074         -15.470            4.692
   17 (vir)            4.178          -4.616         -10.945         -16.562            5.179
   18 (vir)            7.234          -4.762          -6.850         -12.851            8.473
   19 (vir)            8.465          -4.597          -5.592         -11.310            9.585
   20 (vir)            8.601          -4.376          -6.374         -12.371           10.222
   21 (vir)           11.137          -5.185          -5.815         -12.250           12.388
   22 (vir)           11.728          -5.470          -7.114         -14.217           13.361
   23 (vir)           12.089          -5.438          -5.995         -12.984           13.639
   24 (vir)           13.364          -4.527          -3.710          -9.595           14.722
   25 (vir)           14.596          -5.586          -4.611         -11.299           15.697
   26 (vir)           15.994          -6.361          -5.271         -13.112           17.473
   27 (vir)           16.546          -6.051          -4.410         -11.646           17.731
   28 (vir)           17.051          -5.863          -5.433         -13.734           19.488
   29 (vir)           17.206          -6.528          -4.827         -12.676           18.528
   30 (vir)           18.540          -7.128          -5.546         -14.399           20.265
   31 (vir)           22.452          -7.236          -3.990         -12.419           23.646
   32 (vir)           22.544          -7.353          -4.345         -13.122           23.969
   33 (vir)           23.552          -6.674          -4.114         -12.745           25.509
   34 (vir)           25.193          -7.615          -4.236         -13.273           26.615
   35 (vir)           28.312          -7.603          -3.459         -12.092           29.342
   36 (vir)           28.453          -4.059          -3.881         -12.886           33.399
   37 (vir)           28.681          -6.258          -4.489         -14.173           32.107
   38 (vir)           28.848          -9.243          -4.111         -13.807           29.302
   39 (vir)           30.711          -1.859          -3.720         -13.333           38.466
   40 (vir)           32.562          -5.655          -4.252         -13.983           36.638
   41 (vir)           32.643          -7.750          -4.330         -13.953           34.516
   42 (vir)           33.497          -4.474          -3.605         -12.867           38.284
   43 (vir)           33.712          -5.733          -4.361         -14.405           38.023
   44 (vir)           33.965          -4.847          -3.944         -13.660           38.834
   45 (vir)           36.908          -8.578          -3.953         -14.036           38.414
   46 (vir)           37.986          -4.023          -3.739         -13.743           43.967
   47 (vir)           39.107          -3.962          -4.423         -14.688           45.409
   48 (vir)           41.940          -1.665          -3.397         -12.961           49.840
   49 (vir)           43.436          -0.903          -2.953         -12.518           52.098
   50 (vir)           45.778          -2.498          -3.892         -15.238           54.626
   51 (vir)           46.126          -0.863          -4.271         -15.474           56.467
   52 (vir)           57.999          -8.290          -3.872         -15.579           61.416
   53 (vir)           62.015          -3.547          -3.269         -14.264           69.462
   54 (vir)           73.746          -0.567          -3.691         -16.524           86.013
   55 (vir)           90.383          -1.281          -3.832         -17.680          102.950
   56 (vir)          122.506          -0.109          -0.892          -9.697          131.201
   57 (vir)          122.712          -4.152          -0.886          -9.663          127.337
   58 (vir)          139.431          -0.766          -0.702         -11.077          149.039
   59 (vir)          139.588          -0.339          -0.701         -11.091          149.638
   60 (vir)          139.915          -0.655          -0.723         -11.194          149.731
   61 (vir)          140.196          -0.824          -0.718         -11.191          149.845
   62 (vir)          140.333           1.665          -0.687         -11.078          152.389
   63 (vir)          140.662          -0.705          -0.687         -11.096          150.366
   64 (vir)          292.509          -0.381          -2.517         -23.232          312.843
   65 (vir)          292.608          -0.410          -2.433         -23.113          312.878
   66 (vir)          292.695          -0.373          -2.446         -23.105          312.981
   67 (vir)          292.883          -0.383          -2.477         -23.166          313.190
   68 (vir)          292.921          -0.420          -2.433         -23.117          313.186
   69 (vir)          377.465          -1.355          -1.121         -14.630          389.620
