 
  kpoint:     0.0702    0.0702    0.0000
 
    n          ϵ_nk^DFT (eV)     Σ^c_nk (eV)     Σ^x_nk (eV)    v_nk^xc (eV)   ϵ_nk^G0W0 (eV)
 
    1 (occ)          -60.849          11.924         -39.224         -24.110          -64.039
    2 (occ)          -35.096           9.233         -32.563         -22.537          -35.888
    3 (occ)          -34.905           8.978         -32.591         -22.730          -35.788
    4 (occ)          -34.860           8.965         -32.590         -22.774          -35.711
    5 (occ)          -13.998           8.103         -21.678         -13.705          -13.867
    6 (occ)          -12.866           7.586         -21.524         -13.951          -12.853
    7 (occ)           -5.491           4.307         -17.366         -13.021           -5.528
    8 (occ)           -3.045           2.914         -17.850         -15.054           -2.927
    9 (occ)           -2.663           2.790         -16.920         -14.007           -2.786
   10 (occ)           -2.343           2.532         -18.014         -15.632           -2.192
   11 (occ)           -1.872           1.983         -17.617         -15.748           -1.757
   12 (occ)           -1.098           2.131         -16.303         -13.996           -1.274
   13 (occ)           -0.311           1.256         -16.727         -15.650           -0.132
   14 (vir)            2.453          -3.565         -10.796         -15.200            3.291
   15 (vir)            2.537          -3.756         -10.981         -15.780            3.580
   16 (vir)            2.725          -3.653         -11.132         -15.607            3.548
   17 (vir)            3.158          -3.967         -10.997         -15.938            4.133
   18 (vir)            7.195          -4.615          -5.926         -11.473            8.127
   19 (vir)            9.404          -3.812          -3.241          -7.713           10.064
   20 (vir)            9.916          -4.322          -5.148         -10.771           11.217
   21 (vir)           10.724          -4.919          -5.744         -12.169           12.230
   22 (vir)           11.043          -5.014          -5.714         -12.251           12.566
   23 (vir)           12.094          -5.505          -6.197         -13.328           13.720
   24 (vir)           12.861          -5.560          -6.041         -13.290           14.550
   25 (vir)           13.152          -5.879          -6.762         -14.114           14.625
   26 (vir)           13.828          -5.706          -5.751         -13.220           15.591
   27 (vir)           16.041          -6.749          -5.890         -14.093           17.495
   28 (vir)           16.110          -7.138          -6.117         -14.347           17.202
   29 (vir)           16.712          -6.745          -5.843         -13.994           18.118
   30 (vir)           17.263          -6.730          -5.986         -14.613           19.160
   31 (vir)           21.561          -6.624          -4.629         -13.181           23.489
   32 (vir)           22.168          -5.788          -4.453         -12.636           24.563
   33 (vir)           26.386          -5.811          -3.824         -12.415           29.167
   34 (vir)           26.788          -5.969          -3.947         -12.652           29.523
   35 (vir)           27.255          -6.922          -4.473         -13.973           29.833
   36 (vir)           28.032          -4.397          -4.321         -13.604           32.918
   37 (vir)           29.181          -4.167          -3.122         -11.238           33.130
   38 (vir)           30.965          -5.128          -4.300         -13.830           35.366
   39 (vir)           31.179          -3.297          -3.228         -12.088           36.742
   40 (vir)           31.824          -0.373          -4.381         -14.229           41.299
   41 (vir)           32.847          -4.442          -3.530         -12.725           37.600
   42 (vir)           35.269          -7.542          -3.776         -13.993           37.944
   43 (vir)           35.797          -2.859          -3.227         -12.711           42.422
   44 (vir)           37.047          -3.705          -3.683         -13.423           43.082
   45 (vir)           38.893          -2.176          -3.292         -13.211           46.636
   46 (vir)           39.276          -4.309          -4.242         -14.407           45.132
   47 (vir)           39.713          -1.827          -3.176         -12.867           47.577
   48 (vir)           41.268           3.788          -3.442         -13.543           55.157
   49 (vir)           42.088          -1.548          -4.281         -14.863           51.122
   50 (vir)           44.458          -1.529          -3.733         -14.040           53.236
   51 (vir)           44.601          -2.121          -3.953         -15.027           53.554
   52 (vir)           46.336          -1.119          -3.874         -15.243           56.586
   53 (vir)           54.422          -3.496          -3.691         -14.816           62.051
   54 (vir)           90.836          -1.635          -3.460         -17.210          102.951
   55 (vir)           94.095          -2.105          -3.636         -17.478          105.832
   56 (vir)          114.194           0.001          -1.058          -9.905          123.042
   57 (vir)          114.920           2.563          -1.064          -9.992          126.412
   58 (vir)          139.748          -0.688          -0.722         -11.185          149.523
   59 (vir)          139.888          -1.094          -0.715         -11.171          149.249
   60 (vir)          141.105          -0.029          -0.671         -11.054          151.459
   61 (vir)          141.248          -0.982          -0.669         -11.064          150.661
   62 (vir)          141.351          -0.357          -0.664         -11.053          151.383
   63 (vir)          141.529          -0.699          -0.667         -11.077          151.239
   64 (vir)          292.340          -0.410          -2.518         -23.240          312.652
   65 (vir)          292.346          -0.414          -2.523         -23.249          312.659
   66 (vir)          292.460          -0.413          -2.429         -23.099          312.717
   67 (vir)          292.512          -0.415          -2.428         -23.099          312.767
   68 (vir)          292.549          -0.379          -2.516         -23.229          312.883
   69 (vir)          349.830          -1.138          -1.527         -14.972          362.138
