 
  kpoint:     0.0351    0.0351    0.0000
 
    n          ϵ_nk^DFT (eV)     Σ^c_nk (eV)     Σ^x_nk (eV)    v_nk^xc (eV)   ϵ_nk^G0W0 (eV)
 
    1 (occ)          -60.854          11.732         -39.224         -24.106          -64.241
    2 (occ)          -35.105           9.253         -32.561         -22.527          -35.886
    3 (occ)          -34.861           8.929         -32.589         -22.772          -35.749
    4 (occ)          -34.849           9.001         -32.588         -22.784          -35.653
    5 (occ)          -14.164           8.177         -21.689         -13.649          -14.028
    6 (occ)          -12.936           7.616         -21.510         -13.914          -12.916
    7 (occ)           -5.677           4.447         -17.391         -12.937           -5.683
    8 (occ)           -2.704           2.716         -18.068         -15.518           -2.538
    9 (occ)           -2.512           2.605         -18.124         -15.689           -2.342
   10 (occ)           -2.238           2.711         -16.407         -13.479           -2.455
   11 (occ)           -1.565           1.778         -17.655         -16.024           -1.418
   12 (occ)           -1.293           1.957         -16.853         -14.862           -1.328
   13 (occ)           -0.224           1.209         -16.556         -15.514           -0.057
   14 (vir)            2.692          -3.709         -10.941         -15.637            3.679
   15 (vir)            2.800          -3.688         -10.906         -15.400            3.606
   16 (vir)            2.880          -3.778         -10.957         -15.698            3.843
   17 (vir)            2.899          -3.713         -11.022         -15.537            3.701
   18 (vir)            6.547          -4.503          -5.935         -11.343            7.452
   19 (vir)            9.085          -3.872          -3.667          -8.272            9.818
   20 (vir)            9.783          -4.013          -4.630          -9.943           11.082
   21 (vir)           10.335          -4.623          -5.285         -11.341           11.768
   22 (vir)           11.367          -5.156          -6.024         -12.829           13.016
   23 (vir)           11.658          -5.216          -6.143         -13.112           13.410
   24 (vir)           13.244          -5.804          -6.808         -14.110           14.742
   25 (vir)           13.450          -5.740          -6.072         -13.553           15.192
   26 (vir)           13.742          -5.797          -6.006         -13.570           15.509
   27 (vir)           16.679          -5.939          -6.130         -14.558           19.169
   28 (vir)           16.735          -6.736          -5.919         -14.373           18.454
   29 (vir)           16.820          -6.592          -6.051         -14.446           18.623
   30 (vir)           17.111          -4.126          -5.955         -14.551           21.580
   31 (vir)           20.788          -6.708          -4.741         -13.205           22.545
   32 (vir)           22.065          -5.832          -4.636         -12.883           24.479
   33 (vir)           26.875          -6.709          -4.511         -13.538           29.193
   34 (vir)           27.347          -5.932          -3.866         -12.527           30.076
   35 (vir)           27.842          -8.077          -4.618         -14.331           29.479
   36 (vir)           28.077          -6.823          -4.217         -13.357           30.394
   37 (vir)           30.265          -3.707          -2.583         -10.163           34.138
   38 (vir)           31.562          -7.606          -4.312         -14.015           33.658
   39 (vir)           31.737          -3.078          -4.368         -14.177           38.468
   40 (vir)           31.871          -3.157          -3.333         -12.427           37.809
   41 (vir)           32.571          -4.222          -3.321         -12.302           37.330
   42 (vir)           36.068          -3.404          -3.819         -14.306           43.151
   43 (vir)           36.841          -2.510          -3.552         -13.193           43.971
   44 (vir)           37.069          -3.705          -3.712         -13.442           43.095
   45 (vir)           39.664          -3.944          -4.386         -14.544           45.878
   46 (vir)           40.208          -1.083          -3.179         -13.135           49.082
   47 (vir)           40.409          -0.942          -3.148         -13.030           49.349
   48 (vir)           40.898          -2.713          -3.109         -13.066           48.142
   49 (vir)           41.186          -1.885          -3.849         -14.143           49.596
   50 (vir)           42.579          -2.725          -3.404         -13.100           49.550
   51 (vir)           45.850          -1.723          -3.852         -15.008           55.284
   52 (vir)           46.679           0.023          -3.824         -15.164           58.043
   53 (vir)           51.365          -2.871          -3.715         -14.654           59.433
   54 (vir)           93.404          -2.684          -3.509         -17.393          104.604
   55 (vir)           94.385          -1.511          -3.708         -17.471          106.637
   56 (vir)          112.999          -1.159          -1.093          -9.951          120.697
   57 (vir)          113.334          -0.491          -1.112         -10.056          121.787
   58 (vir)          139.732          -0.379          -0.722         -11.184          149.815
   59 (vir)          139.856          -0.686          -0.716         -11.171          149.625
   60 (vir)          141.552          -0.071          -0.660         -11.049          151.870
   61 (vir)          141.641          -0.611          -0.658         -11.050          151.423
   62 (vir)          141.722           0.355          -0.661         -11.066          152.482
   63 (vir)          141.823           0.352          -0.661         -11.070          152.585
   64 (vir)          292.291          -0.412          -2.525         -23.253          312.607
   65 (vir)          292.292          -0.412          -2.527         -23.256          312.608
   66 (vir)          292.438          -0.413          -2.427         -23.095          312.692
   67 (vir)          292.451          -0.414          -2.427         -23.095          312.705
   68 (vir)          292.535          -0.381          -2.519         -23.235          312.870
   69 (vir)          342.903          -0.894          -1.634         -15.033          355.408
