 
  kpoint:     0.0000    0.1842    0.0000
 
    n          ϵ_nk^DFT (eV)     Σ^c_nk (eV)     Σ^x_nk (eV)    v_nk^xc (eV)   ϵ_nk^G0W0 (eV)
 
    1 (occ)          -60.842          11.959         -39.223         -24.117          -63.990
    2 (occ)          -35.082           9.205         -32.566         -22.553          -35.890
    3 (occ)          -34.975           9.067         -32.593         -22.665          -35.835
    4 (occ)          -34.875           8.979         -32.592         -22.762          -35.727
    5 (occ)          -13.726           7.849         -21.664         -13.801          -13.740
    6 (occ)          -12.751           7.541         -21.550         -14.013          -12.746
    7 (occ)           -5.239           4.180         -17.408         -13.228           -5.238
    8 (occ)           -3.487           3.191         -17.507         -14.351           -3.452
    9 (occ)           -3.178           2.988         -17.207         -14.138           -3.258
   10 (occ)           -2.133           2.158         -17.743         -15.685           -2.033
   11 (occ)           -2.065           2.412         -17.838         -15.550           -1.941
   12 (occ)           -1.222           2.376         -15.925         -13.266           -1.504
   13 (occ)           -0.529           1.355         -16.900         -15.733           -0.341
   14 (vir)            2.150          -3.494         -10.803         -15.187            3.040
   15 (vir)            2.523          -3.592         -11.370         -15.814            3.375
   16 (vir)            2.619          -3.875         -10.973         -15.930            3.701
   17 (vir)            3.458          -4.185         -11.030         -16.192            4.435
   18 (vir)            7.827          -4.695          -5.717         -11.337            8.752
   19 (vir)            9.700          -3.803          -3.366          -8.017           10.549
   20 (vir)           10.155          -4.889          -6.208         -12.535           11.593
   21 (vir)           10.647          -4.992          -5.439         -11.567           11.782
   22 (vir)           10.994          -5.067          -5.917         -12.486           12.496
   23 (vir)           12.533          -5.323          -5.557         -12.419           14.072
   24 (vir)           12.803          -5.375          -5.987         -13.286           14.728
   25 (vir)           13.052          -5.745          -6.601         -13.945           14.652
   26 (vir)           14.172          -5.818          -5.575         -13.095           15.873
   27 (vir)           15.132          -6.457          -5.844         -13.712           16.543
   28 (vir)           15.511          -6.036          -6.102         -14.135           17.507
   29 (vir)           16.305          -6.211          -5.477         -13.189           17.806
   30 (vir)           17.566          -6.920          -6.027         -14.744           19.363
   31 (vir)           22.354          -7.290          -4.385         -12.904           23.583
   32 (vir)           22.411          -6.196          -4.325         -12.560           24.450
   33 (vir)           25.692          -6.640          -3.940         -12.674           27.786
   34 (vir)           26.513          -8.712          -4.524         -13.988           27.266
   35 (vir)           26.890          -7.085          -3.657         -12.334           28.482
   36 (vir)           28.039          -6.388          -4.141         -13.224           30.734
   37 (vir)           28.770          -4.477          -3.594         -12.356           33.055
   38 (vir)           30.601          -4.003          -3.132         -11.814           35.279
   39 (vir)           31.055          -2.747          -4.145         -13.547           37.710
   40 (vir)           31.637          -8.469          -4.449         -14.425           33.145
   41 (vir)           32.667          -6.964          -3.654         -12.855           34.903
   42 (vir)           34.293          -7.113          -3.799         -13.687           37.068
   43 (vir)           34.581          -0.290          -3.206         -12.635           43.720
   44 (vir)           36.611          -4.927          -3.722         -13.480           41.442
   45 (vir)           37.426          -2.811          -3.422         -13.261           44.454
   46 (vir)           38.650          -3.487          -3.299         -12.862           44.726
   47 (vir)           39.227          -8.414          -4.459         -14.727           41.082
   48 (vir)           41.331          -3.266          -3.439         -13.509           48.137
   49 (vir)           43.528          -1.448          -4.028         -15.010           53.062
   50 (vir)           43.798          -1.554          -4.468         -15.427           53.202
   51 (vir)           46.069          -6.037          -3.910         -15.289           51.411
   52 (vir)           47.156          -1.056          -3.879         -14.600           56.821
   53 (vir)           57.846          -1.337          -3.651         -14.963           67.820
   54 (vir)           86.745          -2.553          -3.730         -16.941           97.403
   55 (vir)           93.766          -1.168          -3.635         -17.513          106.477
   56 (vir)          115.588          -0.564          -1.019          -9.854          123.859
   57 (vir)          116.558           1.439          -1.033          -9.935          126.898
   58 (vir)          139.772          -1.090          -0.721         -11.185          149.145
   59 (vir)          139.926          -0.640          -0.713         -11.166          149.740
   60 (vir)          140.591          -0.602          -0.685         -11.071          150.375
   61 (vir)          140.718           0.542          -0.683         -11.070          151.647
   62 (vir)          141.048           0.317          -0.670         -11.059          151.754
   63 (vir)          141.237           0.308          -0.673         -11.081          151.954
   64 (vir)          292.413          -0.412          -2.523         -23.249          312.727
   65 (vir)          292.421          -0.402          -2.503         -23.212          312.728
   66 (vir)          292.493          -0.413          -2.431         -23.103          312.754
   67 (vir)          292.577          -0.374          -2.507         -23.214          312.911
   68 (vir)          292.605          -0.416          -2.429         -23.103          312.863
   69 (vir)          358.376          -0.555          -1.419         -14.890          371.292
