 
  kpoint:     0.0526    0.0526    0.0000
 
    n          ϵ_nk^DFT (eV)     Σ^c_nk (eV)     Σ^x_nk (eV)    v_nk^xc (eV)   ϵ_nk^G0W0 (eV)
 
    1 (occ)          -60.852          11.835         -39.224         -24.108          -64.134
    2 (occ)          -35.101           9.245         -32.562         -22.531          -35.887
    3 (occ)          -34.880           8.955         -32.590         -22.754          -35.761
    4 (occ)          -34.854           8.974         -32.589         -22.780          -35.689
    5 (occ)          -14.094           8.147         -21.685         -13.672          -13.959
    6 (occ)          -12.907           7.603         -21.515         -13.929          -12.890
    7 (occ)           -5.596           4.376         -17.377         -12.970           -5.628
    8 (occ)           -2.855           2.804         -17.970         -15.311           -2.710
    9 (occ)           -2.447           2.725         -16.710         -13.822           -2.610
   10 (occ)           -2.439           2.573         -18.080         -15.669           -2.277
   11 (occ)           -1.692           1.863         -17.640         -15.912           -1.558
   12 (occ)           -1.184           2.054         -16.523         -14.354           -1.300
   13 (occ)           -0.256           1.225         -16.631         -15.577           -0.085
   14 (vir)            2.612          -3.726         -10.957         -15.696            3.625
   15 (vir)            2.634          -3.630         -10.844         -15.294            3.455
   16 (vir)            2.823          -3.684         -11.068         -15.561            3.632
   17 (vir)            3.001          -3.860         -10.979         -15.807            3.969
   18 (vir)            6.842          -4.531          -5.949         -11.422            7.784
   19 (vir)            9.242          -3.855          -3.431          -7.954            9.910
   20 (vir)            9.838          -4.194          -4.845         -10.286           11.085
   21 (vir)           10.491          -4.746          -5.532         -11.772           11.986
   22 (vir)           11.224          -5.084          -5.876         -12.560           12.824
   23 (vir)           11.854          -4.716          -6.138         -13.172           14.172
   24 (vir)           13.178          -5.650          -6.061         -13.435           14.902
   25 (vir)           13.190          -5.850          -6.836         -14.174           14.679
   26 (vir)           13.785          -5.725          -5.905         -13.437           15.593
   27 (vir)           16.404          -6.789          -5.900         -14.230           17.945
   28 (vir)           16.443          -3.863          -6.126         -14.473           20.927
   29 (vir)           16.770          -6.813          -5.960         -14.246           18.243
   30 (vir)           17.179          -6.582          -5.970         -14.581           19.208
   31 (vir)           21.148          -6.501          -4.698         -13.215           23.163
   32 (vir)           22.110          -6.152          -4.549         -12.762           24.171
   33 (vir)           26.836          -6.176          -4.248         -13.128           29.541
   34 (vir)           26.838          -6.114          -3.797         -12.364           29.291
   35 (vir)           27.605          -6.671          -4.531         -14.123           30.526
   36 (vir)           28.011          -6.404          -4.309         -13.575           30.872
   37 (vir)           29.631          -3.870          -2.814         -10.610           33.557
   38 (vir)           31.305          -7.406          -4.311         -13.940           33.528
   39 (vir)           31.592          -3.113          -3.285         -12.279           37.472
   40 (vir)           31.761          -6.599          -4.389         -14.221           34.994
   41 (vir)           32.743          -4.203          -3.429         -12.525           37.637
   42 (vir)           35.728          -1.782          -3.797         -14.164           44.313
   43 (vir)           36.402          -4.665          -3.352         -12.889           41.273
   44 (vir)           37.032          -3.674          -3.696         -13.438           43.100
   45 (vir)           39.459          -6.473          -4.238         -14.368           43.116
   46 (vir)           39.635          -1.519          -3.221         -13.153           48.048
   47 (vir)           40.098          -1.713          -3.154         -12.940           48.172
   48 (vir)           41.065          -0.933          -3.274         -13.304           50.162
   49 (vir)           41.611          -0.538          -4.142         -14.609           51.540
   50 (vir)           43.364          -2.036          -3.576         -13.579           51.331
   51 (vir)           45.200          -1.609          -3.899         -15.007           54.698
   52 (vir)           46.520          -0.287          -3.848         -15.207           57.592
   53 (vir)           52.795          -3.449          -3.702         -14.741           60.385
   54 (vir)           92.255          -3.063          -3.391         -17.310          103.111
   55 (vir)           94.288          -2.015          -3.678         -17.474          106.070
   56 (vir)          113.551          -2.145          -1.076          -9.929          120.260
   57 (vir)          114.097          -0.566          -1.088         -10.025          122.469
   58 (vir)          139.739          -0.550          -0.722         -11.185          149.651
   59 (vir)          139.870          -0.893          -0.716         -11.171          149.432
   60 (vir)          141.343          -0.008          -0.665         -11.051          151.721
   61 (vir)          141.497          -0.630          -0.665         -11.065          151.267
   62 (vir)          141.512          -0.244          -0.661         -11.051          151.659
   63 (vir)          141.691          -0.183          -0.664         -11.073          151.917
   64 (vir)          292.312          -0.411          -2.522         -23.247          312.626
   65 (vir)          292.315          -0.413          -2.525         -23.253          312.630
   66 (vir)          292.447          -0.413          -2.428         -23.097          312.703
   67 (vir)          292.477          -0.414          -2.428         -23.097          312.732
   68 (vir)          292.541          -0.380          -2.518         -23.233          312.876
   69 (vir)          346.010          -1.251          -1.582         -15.006          358.184
