 
  kpoint:     0.1754    0.1754    0.0000
 
    n          ϵ_nk^DFT (eV)     Σ^c_nk (eV)     Σ^x_nk (eV)    v_nk^xc (eV)   ϵ_nk^G0W0 (eV)
 
    1 (occ)          -60.826          11.682         -39.222         -24.132          -64.234
    2 (occ)          -35.109           9.118         -32.599         -22.543          -36.047
    3 (occ)          -35.051           9.196         -32.570         -22.589          -35.836
    4 (occ)          -34.937           9.024         -32.598         -22.707          -35.803
    5 (occ)          -13.022           7.631         -21.656         -14.078          -12.969
    6 (occ)          -12.451           7.441         -21.632         -14.193          -12.450
    7 (occ)           -5.030           3.984         -17.695         -13.759           -4.983
    8 (occ)           -3.900           3.259         -17.354         -13.998           -3.997
    9 (occ)           -3.847           3.536         -16.952         -13.263           -3.999
   10 (occ)           -3.365           3.066         -17.595         -14.484           -3.410
   11 (occ)           -2.024           2.442         -16.779         -14.313           -2.048
   12 (occ)           -1.191           2.434         -16.336         -13.623           -1.469
   13 (occ)           -0.873           1.537         -17.359         -16.048           -0.647
   14 (vir)            1.827          -3.338         -11.085         -15.371            2.775
   15 (vir)            2.505          -4.040         -12.154         -17.209            3.519
   16 (vir)            2.705          -4.046         -10.896         -16.076            3.839
   17 (vir)            4.219          -4.681         -10.837         -16.520            5.222
   18 (vir)            8.693          -4.974          -6.449         -12.661            9.931
   19 (vir)            9.593          -4.573          -5.102         -10.754           10.672
   20 (vir)           10.145          -4.338          -4.902         -10.592           11.497
   21 (vir)           11.032          -5.390          -7.006         -14.008           12.644
   22 (vir)           11.343          -5.178          -5.152         -11.421           12.434
   23 (vir)           12.201          -5.624          -6.206         -13.392           13.763
   24 (vir)           12.587          -5.393          -5.026         -11.595           13.762
   25 (vir)           13.031          -5.554          -6.036         -13.213           14.655
   26 (vir)           13.404          -5.237          -5.315         -12.245           15.097
   27 (vir)           15.588          -6.015          -5.029         -12.362           16.906
   28 (vir)           15.882          -6.502          -5.675         -13.673           17.377
   29 (vir)           17.058          -6.209          -4.898         -12.554           18.505
   30 (vir)           18.543          -7.903          -5.525         -14.249           19.364
   31 (vir)           22.647          -7.242          -4.658         -13.464           24.211
   32 (vir)           23.269          -7.687          -3.862         -12.234           23.954
   33 (vir)           24.303          -7.358          -3.962         -12.586           25.568
   34 (vir)           25.242          -7.749          -4.162         -12.982           26.314
   35 (vir)           27.372          -7.930          -3.192         -11.453           27.703
   36 (vir)           28.381          -6.819          -4.005         -13.182           30.739
   37 (vir)           28.483          -8.582          -4.157         -13.760           29.503
   38 (vir)           29.117          -6.968          -3.533         -12.665           31.280
   39 (vir)           30.865          -6.103          -3.949         -13.585           34.397
   40 (vir)           31.589          -7.558          -4.095         -13.582           33.519
   41 (vir)           32.174          -2.795          -4.082         -13.598           38.895
   42 (vir)           32.434           0.150          -4.037         -14.088           42.636
   43 (vir)           32.481           0.357          -3.749         -12.950           42.039
   44 (vir)           34.798         -10.252          -4.023         -14.051           34.573
   45 (vir)           37.279          -3.721          -3.292         -12.442           42.708
   46 (vir)           38.327          -3.448          -3.579         -13.193           44.493
   47 (vir)           38.706          -1.613          -4.492         -14.853           47.454
   48 (vir)           41.698          -2.481          -4.135         -14.893           49.975
   49 (vir)           42.569          -4.338          -3.678         -14.073           48.626
   50 (vir)           44.173          -0.303          -4.491         -15.475           54.854
   51 (vir)           45.499          -1.404          -3.974         -15.289           55.411
   52 (vir)           55.575          -4.086          -3.935         -15.534           63.089
   53 (vir)           65.874          -3.707          -3.535         -15.158           73.790
   54 (vir)           81.653          -1.425          -3.628         -16.854           93.454
   55 (vir)           91.042          -2.872          -3.708         -17.497          101.959
   56 (vir)          118.732          -2.222          -0.959          -9.783          125.334
   57 (vir)          119.360          -1.034          -0.951          -9.788          127.163
   58 (vir)          139.773          -1.746          -0.698         -11.091          148.420
   59 (vir)          139.786          -0.277          -0.714         -11.162          149.957
   60 (vir)          140.138           0.422          -0.701         -11.107          150.966
   61 (vir)          140.240          -0.037          -0.714         -11.170          150.658
   62 (vir)          140.372           0.010          -0.687         -11.073          150.768
   63 (vir)          140.574           0.551          -0.690         -11.097          151.531
   64 (vir)          292.530          -0.390          -2.507         -23.216          312.849
   65 (vir)          292.590          -0.412          -2.432         -23.110          312.856
   66 (vir)          292.641          -0.394          -2.485         -23.177          312.940
   67 (vir)          292.691          -0.378          -2.485         -23.181          313.008
   68 (vir)          292.789          -0.417          -2.432         -23.113          313.053
   69 (vir)          374.566          -1.449          -1.170         -14.710          386.657
