 
  kpoint:     0.1404    0.1404    0.0000
 
    n          ϵ_nk^DFT (eV)     Σ^c_nk (eV)     Σ^x_nk (eV)    v_nk^xc (eV)   ϵ_nk^G0W0 (eV)
 
    1 (occ)          -60.834          11.882         -39.223         -24.124          -64.051
    2 (occ)          -35.067           9.193         -32.568         -22.571          -35.871
    3 (occ)          -35.041           9.100         -32.597         -22.604          -35.934
    4 (occ)          -34.904           8.981         -32.595         -22.736          -35.782
    5 (occ)          -13.399           7.686         -21.654         -13.923          -13.445
    6 (occ)          -12.612           7.479         -21.584         -14.093          -12.624
    7 (occ)           -5.026           4.012         -17.553         -13.556           -5.012
    8 (occ)           -3.792           3.383         -17.194         -13.720           -3.884
    9 (occ)           -3.439           3.099         -17.236         -14.023           -3.554
   10 (occ)           -2.958           2.692         -17.630         -14.938           -2.957
   11 (occ)           -1.919           2.396         -17.349         -14.981           -1.891
   12 (occ)           -1.047           2.345         -16.170         -13.548           -1.324
   13 (occ)           -0.770           1.452         -17.171         -15.937           -0.552
   14 (vir)            1.903          -3.338         -10.931         -15.179            2.812
   15 (vir)            2.430          -3.783         -11.637         -16.365            3.375
   16 (vir)            2.535          -3.947         -10.983         -16.062            3.668
   17 (vir)            3.920          -4.473         -10.940         -16.408            4.915
   18 (vir)            8.495          -4.862          -5.743         -11.566            9.456
   19 (vir)           10.005          -3.979          -3.827          -8.848           11.047
   20 (vir)           10.029          -5.191          -5.709         -11.829           10.957
   21 (vir)           10.679          -5.092          -6.429         -12.959           12.117
   22 (vir)           11.356          -5.042          -5.601         -12.069           12.781
   23 (vir)           12.276          -5.474          -5.641         -12.553           13.713
   24 (vir)           12.280          -5.791          -6.694         -14.057           13.852
   25 (vir)           13.489          -5.392          -5.245         -12.191           15.044
   26 (vir)           13.857          -5.890          -5.784         -13.183           15.367
   27 (vir)           14.616          -5.944          -5.680         -13.158           16.150
   28 (vir)           15.703          -6.420          -5.693         -13.739           17.329
   29 (vir)           16.672          -6.421          -5.181         -12.813           17.883
   30 (vir)           17.820          -7.118          -5.904         -14.583           19.380
   31 (vir)           22.584          -6.539          -4.446         -12.928           24.527
   32 (vir)           22.999          -7.192          -4.105         -12.572           24.274
   33 (vir)           25.168          -6.734          -3.863         -12.445           27.016
   34 (vir)           25.663          -8.143          -4.429         -13.730           26.822
   35 (vir)           27.695          -7.129          -3.946         -13.119           29.740
   36 (vir)           28.378          -6.802          -2.936         -11.066           29.707
   37 (vir)           28.918          -6.140          -3.633         -12.669           31.813
   38 (vir)           29.098          -7.224          -4.047         -13.255           31.082
   39 (vir)           29.673          -6.429          -4.207         -13.393           32.430
   40 (vir)           31.798          -3.529          -3.950         -13.588           37.906
   41 (vir)           32.835          -7.349          -3.682         -12.936           34.740
   42 (vir)           33.014         -11.330          -3.890         -13.974           31.767
   43 (vir)           33.099          -6.685          -3.804         -13.375           35.985
   44 (vir)           35.694           0.719          -3.817         -13.844           46.440
   45 (vir)           37.657          -3.747          -3.585         -13.149           43.474
   46 (vir)           37.899          -3.485          -3.308         -12.652           43.758
   47 (vir)           38.915          -9.912          -4.468         -14.841           39.377
   48 (vir)           42.259          -1.249          -3.745         -14.141           51.406
   49 (vir)           42.576          -2.919          -4.115         -15.046           50.588
   50 (vir)           43.795          -6.783          -4.458         -15.365           47.920
   51 (vir)           45.697          -1.360          -3.944         -15.284           55.677
   52 (vir)           51.115          -3.657          -3.960         -15.168           58.666
   53 (vir)           62.133          -2.984          -3.595         -15.093           70.648
   54 (vir)           84.552          -3.441          -3.583         -16.879           94.407
   55 (vir)           92.356          -2.310          -3.796         -17.500          103.749
   56 (vir)          117.056          -2.867          -0.987          -9.815          123.018
   57 (vir)          117.901          -0.477          -0.998          -9.859          126.286
   58 (vir)          139.791          -0.552          -0.720         -11.182          149.701
   59 (vir)          139.916          -0.735          -0.705         -11.136          149.612
   60 (vir)          140.332          -0.413          -0.701         -11.113          150.331
   61 (vir)          140.395           0.380          -0.689         -11.077          151.163
   62 (vir)          140.648          -0.174          -0.680         -11.066          150.861
   63 (vir)          140.853          -0.917          -0.685         -11.092          150.343
   64 (vir)          292.475          -0.400          -2.507         -23.217          312.785
   65 (vir)          292.534          -0.412          -2.505         -23.217          312.834
   66 (vir)          292.539          -0.412          -2.431         -23.107          312.802
   67 (vir)          292.618          -0.367          -2.494         -23.192          312.948
   68 (vir)          292.699          -0.416          -2.431         -23.108          312.961
   69 (vir)          366.967          -2.196          -1.271         -14.796          378.297
