 
  kpoint:     0.0000    0.1579    0.0000
 
    n          ϵ_nk^DFT (eV)     Σ^c_nk (eV)     Σ^x_nk (eV)    v_nk^xc (eV)   ϵ_nk^G0W0 (eV)
 
    1 (occ)          -60.845          11.947         -39.224         -24.114          -64.009
    2 (occ)          -35.089           9.214         -32.565         -22.546          -35.893
    3 (occ)          -34.944           9.027         -32.592         -22.694          -35.814
    4 (occ)          -34.868           8.975         -32.591         -22.768          -35.716
    5 (occ)          -13.851           7.951         -21.670         -13.756          -13.814
    6 (occ)          -12.804           7.563         -21.537         -13.984          -12.794
    7 (occ)           -5.345           4.237         -17.374         -13.121           -5.361
    8 (occ)           -3.302           3.073         -17.661         -14.662           -3.227
    9 (occ)           -2.967           2.906         -17.122         -14.135           -3.048
   10 (occ)           -2.189           2.462         -17.926         -15.601           -2.052
   11 (occ)           -1.990           2.060         -17.711         -15.762           -1.879
   12 (occ)           -1.166           2.297         -16.004         -13.453           -1.421
   13 (occ)           -0.420           1.307         -16.838         -15.714           -0.238
   14 (vir)            2.254          -3.515         -10.774         -15.158            3.122
   15 (vir)            2.570          -3.825         -10.991         -15.885            3.640
   16 (vir)            2.612          -3.614         -11.262         -15.708            3.445
   17 (vir)            3.320          -4.089         -11.021         -16.085            4.295
   18 (vir)            7.585          -4.685          -5.819         -11.418            8.500
   19 (vir)            9.580          -3.768          -3.220          -7.747           10.339
   20 (vir)           10.052          -4.536          -5.665         -11.624           11.475
   21 (vir)           10.804          -5.192          -5.618         -11.969           11.961
   22 (vir)           10.958          -5.055          -5.916         -12.493           12.479
   23 (vir)           12.504          -5.396          -6.020         -13.233           14.320
   24 (vir)           12.561          -5.358          -5.758         -12.745           14.190
   25 (vir)           13.063          -5.664          -6.739         -14.106           14.766
   26 (vir)           14.033          -5.812          -5.683         -13.205           15.743
   27 (vir)           15.462          -6.482          -5.850         -13.828           16.958
   28 (vir)           15.801          -6.066          -6.122         -14.257           17.870
   29 (vir)           16.455          -6.408          -5.638         -13.526           17.935
   30 (vir)           17.445          -6.798          -6.016         -14.702           19.333
   31 (vir)           22.041          -6.655          -4.500         -13.047           23.933
   32 (vir)           22.289          -5.943          -4.358         -12.549           24.537
   33 (vir)           25.950          -6.392          -3.890         -12.565           28.232
   34 (vir)           26.765          -6.923          -3.687         -12.287           28.442
   35 (vir)           26.893          -9.704          -4.563         -14.128           26.754
   36 (vir)           27.893          -5.509          -4.156         -13.228           31.456
   37 (vir)           28.867          -6.333          -3.472         -12.034           31.096
   38 (vir)           30.925          -3.344          -3.173         -11.944           36.353
   39 (vir)           31.126          -3.621          -4.192         -13.636           36.950
   40 (vir)           31.640          -9.494          -4.476         -14.438           32.108
   41 (vir)           32.729          -6.542          -3.601         -12.797           35.383
   42 (vir)           34.728          -8.415          -3.765         -13.778           36.327
   43 (vir)           35.147           0.092          -3.186         -12.618           44.670
   44 (vir)           36.698          -4.130          -3.685         -13.431           42.312
   45 (vir)           38.099          -1.583          -3.354         -13.220           46.382
   46 (vir)           39.072          -3.063          -3.247         -12.861           45.623
   47 (vir)           39.254          -6.875          -4.417         -14.657           42.619
   48 (vir)           41.221          -2.598          -3.404         -13.441           48.660
   49 (vir)           43.192          -5.569          -4.450         -15.315           48.488
   50 (vir)           43.960          -1.275          -3.999         -15.020           53.706
   51 (vir)           45.893          -1.798          -3.821         -14.348           54.622
   52 (vir)           46.187          -4.764          -3.895         -15.275           52.803
   53 (vir)           56.358          -1.915          -3.672         -14.903           65.673
   54 (vir)           88.429          -4.595          -3.644         -17.047           97.237
   55 (vir)           94.015          -1.432          -3.617         -17.502          106.468
   56 (vir)          114.988          -0.722          -1.034          -9.875          123.107
   57 (vir)          115.890           1.231          -1.046          -9.960          126.034
   58 (vir)          139.761          -0.865          -0.722         -11.185          149.360
   59 (vir)          139.911          -0.745          -0.714         -11.169          149.622
   60 (vir)          140.789          -0.893          -0.679         -11.062          150.278
   61 (vir)          140.925          -2.303          -0.678         -11.067          149.012
   62 (vir)          141.184          -0.002          -0.667         -11.056          151.571
   63 (vir)          141.364          -0.498          -0.670         -11.079          151.275
   64 (vir)          292.383          -0.413          -2.523         -23.249          312.696
   65 (vir)          292.386          -0.405          -2.509         -23.224          312.695
   66 (vir)          292.478          -0.413          -2.430         -23.102          312.737
   67 (vir)          292.563          -0.376          -2.511         -23.222          312.897
   68 (vir)          292.563          -0.415          -2.429         -23.101          312.820
   69 (vir)          354.756          -0.739          -1.466         -14.927          367.478
