 
  kpoint:     0.0000    0.2368    0.0000
 
    n          ϵ_nk^DFT (eV)     Σ^c_nk (eV)     Σ^x_nk (eV)    v_nk^xc (eV)   ϵ_nk^G0W0 (eV)
 
    1 (occ)          -60.835          11.930         -39.223         -24.123          -64.005
    2 (occ)          -35.069           9.197         -32.568         -22.569          -35.871
    3 (occ)          -35.043           9.138         -32.596         -22.602          -35.898
    4 (occ)          -34.891           8.975         -32.594         -22.748          -35.762
    5 (occ)          -13.439           7.762         -21.655         -13.908          -13.424
    6 (occ)          -12.630           7.493         -21.581         -14.083          -12.634
    7 (occ)           -5.091           4.111         -17.582         -13.541           -5.021
    8 (occ)           -3.791           3.414         -17.140         -13.666           -3.852
    9 (occ)           -3.601           3.196         -17.284         -14.011           -3.677
   10 (occ)           -2.416           2.352         -17.822         -15.547           -2.339
   11 (occ)           -1.789           2.306         -17.617         -15.390           -1.710
   12 (occ)           -1.409           2.512         -15.954         -13.137           -1.714
   13 (occ)           -0.795           1.466         -16.929         -15.666           -0.592
   14 (vir)            2.067          -3.516         -10.970         -15.423            3.004
   15 (vir)            2.364          -3.590         -11.645         -16.135            3.264
   16 (vir)            2.828          -3.989         -10.849         -15.927            3.917
   17 (vir)            3.716          -4.355         -11.030         -16.369            4.699
   18 (vir)            8.101          -4.575          -5.574         -11.222            9.174
   19 (vir)            9.800          -4.123          -4.572          -9.953           11.059
   20 (vir)            9.825          -5.265          -6.489         -12.929           11.001
   21 (vir)           10.778          -4.693          -4.946         -10.853           11.992
   22 (vir)           10.933          -4.898          -5.939         -12.281           12.377
   23 (vir)           12.870          -5.132          -5.314         -12.099           14.522
   24 (vir)           13.146          -5.718          -6.222         -13.490           14.696
   25 (vir)           13.281          -5.364          -5.997         -13.447           15.368
   26 (vir)           14.536          -5.863          -5.377         -12.919           16.214
   27 (vir)           14.777          -6.214          -5.772         -13.509           16.300
   28 (vir)           15.101          -5.735          -5.963         -13.818           17.221
   29 (vir)           16.021          -6.043          -5.094         -12.463           17.347
   30 (vir)           17.826          -7.063          -6.023         -14.799           19.539
   31 (vir)           22.725          -6.554          -4.344         -12.762           24.588
   32 (vir)           22.834          -7.235          -4.152         -12.608           24.054
   33 (vir)           25.281          -7.118          -3.979         -12.744           26.928
   34 (vir)           25.688          -8.174          -4.432         -13.666           26.749
   35 (vir)           27.499          -7.453          -3.863         -12.958           29.140
   36 (vir)           28.604          -6.808          -4.134         -13.399           31.061
   37 (vir)           28.725          -1.510          -3.589         -12.516           36.143
   38 (vir)           29.958          -4.830          -3.088         -11.642           33.682
   39 (vir)           30.869          -6.785          -3.993         -13.312           33.403
   40 (vir)           31.550          -6.588          -4.310         -14.216           34.868
   41 (vir)           32.518          -8.202          -3.753         -12.941           33.504
   42 (vir)           33.591          -7.107          -3.984         -13.731           36.230
   43 (vir)           33.631          -1.715          -3.399         -12.881           41.398
   44 (vir)           36.131          -5.059          -3.548         -13.305           40.829
   45 (vir)           36.510          -3.293          -3.792         -13.564           42.989
   46 (vir)           37.893          -3.054          -3.394         -12.864           44.310
   47 (vir)           39.235          -1.927          -4.496         -14.800           47.611
   48 (vir)           41.563          -1.979          -3.439         -13.533           49.678
   49 (vir)           42.720          -1.749          -4.065         -14.942           51.848
   50 (vir)           44.902          -2.269          -4.453         -15.553           53.732
   51 (vir)           45.892          -3.702          -3.923         -15.294           53.562
   52 (vir)           49.935          -0.510          -3.928         -14.997           60.494
   53 (vir)           60.651          -0.088          -3.608         -15.054           72.009
   54 (vir)           83.322          -2.695          -3.542         -16.753           93.837
   55 (vir)           93.075          -0.171          -3.682         -17.541          106.763
   56 (vir)          116.888          -0.048          -0.992          -9.818          125.666
   57 (vir)          117.869          -0.367          -0.998          -9.880          126.384
   58 (vir)          139.789          -1.204          -0.720         -11.183          149.048
   59 (vir)          139.916          -0.744          -0.705         -11.136          149.603
   60 (vir)          140.290          -0.164          -0.701         -11.111          150.536
   61 (vir)          140.360          -1.389          -0.691         -11.080          149.359
   62 (vir)          140.800           1.012          -0.676         -11.065          152.201
   63 (vir)          141.018           0.525          -0.678         -11.086          151.950
   64 (vir)          292.462          -0.406          -2.523         -23.248          312.781
   65 (vir)          292.497          -0.393          -2.489         -23.186          312.801
   66 (vir)          292.525          -0.412          -2.432         -23.107          312.789
   67 (vir)          292.629          -0.373          -2.496         -23.197          312.956
   68 (vir)          292.696          -0.417          -2.430         -23.106          312.956
   69 (vir)          365.096          -1.740          -1.296         -14.814          376.874
