 
  kpoint:     0.2456    0.2456    0.0000
 
    n          ϵ_nk^DFT (eV)     Σ^c_nk (eV)     Σ^x_nk (eV)    v_nk^xc (eV)   ϵ_nk^G0W0 (eV)
 
    1 (occ)          -60.811          11.594         -39.222         -24.145          -64.295
    2 (occ)          -35.189           9.314         -32.599         -22.473          -36.001
    3 (occ)          -35.024           9.169         -32.573         -22.620          -35.808
    4 (occ)          -35.019           9.170         -32.606         -22.631          -35.823
    5 (occ)          -12.319           7.325         -21.714         -14.425          -12.283
    6 (occ)          -12.147           7.431         -21.743         -14.404          -12.056
    7 (occ)           -5.226           4.126         -17.409         -13.256           -5.254
    8 (occ)           -4.987           3.907         -17.697         -13.827           -4.952
    9 (occ)           -3.665           3.507         -17.382         -13.701           -3.840
   10 (occ)           -3.396           3.233         -17.191         -13.830           -3.524
   11 (occ)           -2.919           2.849         -16.283         -13.355           -2.998
   12 (occ)           -1.736           2.664         -16.770         -13.853           -1.989
   13 (occ)           -0.587           1.236         -16.950         -15.963           -0.338
   14 (vir)            2.155          -3.504         -11.948         -16.403            3.106
   15 (vir)            2.858          -4.506         -12.620         -18.189            3.921
   16 (vir)            3.008          -4.118         -10.568         -15.796            4.117
   17 (vir)            4.576          -5.014         -10.823         -16.853            5.593
   18 (vir)            7.883          -4.883          -7.053         -13.179            9.126
   19 (vir)            8.946          -4.584          -5.694         -11.574           10.242
   20 (vir)           10.492          -4.794          -5.555         -11.769           11.912
   21 (vir)           10.773          -5.158          -5.710         -12.090           11.995
   22 (vir)           11.625          -5.349          -5.731         -12.437           12.981
   23 (vir)           12.318          -5.446          -6.159         -13.317           14.030
   24 (vir)           13.302          -5.797          -6.262         -13.716           14.959
   25 (vir)           13.528          -5.818          -5.673         -13.031           15.068
   26 (vir)           13.966          -4.815          -3.595          -9.589           15.144
   27 (vir)           15.286          -6.163          -5.919         -13.663           16.867
   28 (vir)           17.424          -5.266          -3.846         -10.581           18.892
   29 (vir)           18.806          -6.813          -4.825         -13.106           20.274
   30 (vir)           20.519          -7.066          -4.506         -13.153           22.100
   31 (vir)           21.739          -7.288          -4.844         -13.686           23.293
   32 (vir)           22.008          -0.936          -4.070         -12.363           29.365
   33 (vir)           22.685          -6.892          -3.905         -12.134           24.022
   34 (vir)           24.723          -6.427          -4.084         -12.676           26.888
   35 (vir)           26.768          -5.130          -3.349         -11.941           30.230
   36 (vir)           27.673          -8.425          -4.176         -13.743           28.816
   37 (vir)           28.451          -7.578          -4.032         -13.804           30.646
   38 (vir)           29.893          -2.819          -4.056         -13.858           36.877
   39 (vir)           30.616          -7.226          -4.079         -13.968           33.279
   40 (vir)           31.504          -6.891          -4.168         -13.467           33.911
   41 (vir)           31.599          -7.698          -4.203         -14.308           34.005
   42 (vir)           32.002          -3.991          -4.445         -13.835           37.402
   43 (vir)           34.560          -8.792          -4.299         -14.369           35.838
   44 (vir)           35.545          -2.286          -4.040         -14.029           43.249
   45 (vir)           37.366          -5.995          -4.695         -14.973           41.649
   46 (vir)           37.704          -4.264          -3.801         -13.877           43.516
   47 (vir)           40.016          -0.602          -3.854         -14.166           49.725
   48 (vir)           41.993          -3.428          -3.386         -12.927           48.106
   49 (vir)           42.554          -0.710          -3.685         -13.966           52.125
   50 (vir)           44.693           1.359          -3.741         -14.091           56.401
   51 (vir)           45.417          -2.047          -3.895         -14.977           54.451
   52 (vir)           65.628          -1.598          -3.854         -16.166           76.342
   53 (vir)           70.647           0.130          -3.219         -14.772           82.332
   54 (vir)           77.102          -4.036          -3.844         -17.017           86.238
   55 (vir)           87.924          -0.130          -3.826         -17.426          101.394
   56 (vir)          122.689          -0.505          -0.893          -9.650          130.941
   57 (vir)          122.884          -0.480          -0.880          -9.666          131.190
   58 (vir)          139.504          -0.976          -0.701         -11.081          148.907
   59 (vir)          139.648          -0.155          -0.700         -11.092          149.885
   60 (vir)          139.969          -0.443          -0.696         -11.080          149.910
   61 (vir)          139.986          -0.303          -0.723         -11.194          150.155
   62 (vir)          140.159           0.133          -0.699         -11.104          150.696
   63 (vir)          140.275          -0.238          -0.718         -11.195          150.514
   64 (vir)          292.608          -0.364          -2.499         -23.199          312.944
   65 (vir)          292.701          -0.414          -2.434         -23.117          312.970
   66 (vir)          292.815          -0.369          -2.454         -23.120          313.112
   67 (vir)          292.877          -0.395          -2.476         -23.167          313.174
   68 (vir)          292.889          -0.418          -2.435         -23.121          313.157
   69 (vir)          384.622          -1.534          -1.040         -14.617          396.665
