 
  kpoint:     0.0000    0.4474    0.0000
 
    n          ϵ_nk^DFT (eV)     Σ^c_nk (eV)     Σ^x_nk (eV)    v_nk^xc (eV)   ϵ_nk^G0W0 (eV)
 
    1 (occ)          -60.812          11.760         -39.222         -24.144          -64.130
    2 (occ)          -35.257           9.284         -32.607         -22.410          -36.170
    3 (occ)          -35.025           9.159         -32.571         -22.619          -35.817
    4 (occ)          -34.942           9.189         -32.604         -22.706          -35.651
    5 (occ)          -12.325           7.313         -21.731         -14.438          -12.306
    6 (occ)          -12.182           7.414         -21.739         -14.393          -12.113
    7 (occ)           -5.836           4.500         -17.356         -12.845           -5.846
    8 (occ)           -4.889           3.946         -17.100         -13.060           -4.983
    9 (occ)           -4.136           3.628         -17.679         -14.029           -4.157
   10 (occ)           -3.151           2.884         -18.098         -15.257           -3.109
   11 (occ)           -2.037           2.813         -16.842         -13.776           -2.290
   12 (occ)           -0.962           2.134         -16.502         -14.223           -1.108
   13 (occ)           -0.786           1.572         -15.983         -14.491           -0.707
   14 (vir)            2.310          -4.096         -13.188         -18.393            3.419
   15 (vir)            2.716          -4.296         -12.222         -17.555            3.753
   16 (vir)            3.807          -4.317          -9.857         -15.304            4.936
   17 (vir)            4.232          -4.658         -10.920         -16.563            5.218
   18 (vir)            6.645          -4.586          -6.795         -12.608            7.872
   19 (vir)            8.396          -4.427          -6.479         -12.439            9.928
   20 (vir)            8.481          -4.643          -5.579         -11.381            9.640
   21 (vir)           11.057          -5.303          -6.298         -12.958           12.414
   22 (vir)           11.578          -5.315          -7.077         -14.078           13.264
   23 (vir)           11.713          -5.355          -5.910         -12.742           13.190
   24 (vir)           13.730          -4.537          -3.444          -9.296           15.046
   25 (vir)           15.107          -5.451          -4.344         -10.944           16.256
   26 (vir)           16.341          -6.669          -5.402         -13.350           17.620
   27 (vir)           17.028          -6.499          -4.411         -11.769           17.887
   28 (vir)           17.758          -6.619          -5.377         -13.881           19.643
   29 (vir)           18.271          -6.513          -4.555         -12.464           19.666
   30 (vir)           18.686          -7.146          -5.274         -14.111           20.377
   31 (vir)           21.693          -6.986          -4.099         -12.480           23.088
   32 (vir)           22.141          -7.704          -4.341         -13.148           23.243
   33 (vir)           23.122          -7.159          -4.014         -12.503           24.452
   34 (vir)           25.232          -7.689          -4.379         -13.575           26.739
   35 (vir)           27.754          -4.960          -3.984         -12.904           31.713
   36 (vir)           27.939          -6.248          -3.650         -12.344           30.385
   37 (vir)           28.402          -5.180          -4.548         -14.129           32.802
   38 (vir)           29.118          -9.723          -4.058         -13.848           29.185
   39 (vir)           31.183         -10.765          -3.911         -13.543           30.050
   40 (vir)           32.862          -7.840          -4.351         -14.186           34.857
   41 (vir)           32.975          -7.051          -4.366         -14.158           35.716
   42 (vir)           33.159          -4.579          -3.550         -12.683           37.713
   43 (vir)           34.048          -5.718          -4.331         -14.469           38.468
   44 (vir)           34.449          -4.877          -3.984         -13.754           39.342
   45 (vir)           36.868          -5.957          -3.994         -14.236           41.153
   46 (vir)           37.990          -0.182          -4.126         -14.615           48.297
   47 (vir)           38.905          -4.479          -4.378         -14.588           44.636
   48 (vir)           44.010          -0.920          -2.959         -12.232           52.363
   49 (vir)           44.718           1.786          -2.805         -12.251           55.951
   50 (vir)           45.799          -2.086          -3.876         -15.222           55.058
   51 (vir)           45.966           0.109          -4.223         -15.413           57.266
   52 (vir)           59.198          -1.938          -3.056         -13.472           67.676
   53 (vir)           59.882          -2.788          -3.870         -15.658           68.881
   54 (vir)           71.125           0.767          -3.683         -16.508           84.717
   55 (vir)           89.795          -8.168          -3.845         -17.724           95.507
   56 (vir)          124.252          -3.519          -0.853          -9.602          129.483
   57 (vir)          124.258           2.764          -0.845          -9.621          135.798
   58 (vir)          139.334          -1.189          -0.704         -11.077          148.518
   59 (vir)          139.486          -0.176          -0.702         -11.089          149.697
   60 (vir)          139.906          -0.942          -0.724         -11.201          149.441
   61 (vir)          140.194          -0.829          -0.718         -11.192          149.840
   62 (vir)          140.269           0.666          -0.688         -11.080          151.326
   63 (vir)          140.622          -1.431          -0.688         -11.098          149.600
   64 (vir)          292.512          -0.380          -2.515         -23.229          312.846
   65 (vir)          292.623          -0.410          -2.434         -23.114          312.893
   66 (vir)          292.729          -0.370          -2.438         -23.089          313.010
   67 (vir)          292.939          -0.382          -2.475         -23.162          313.245
   68 (vir)          292.955          -0.421          -2.434         -23.119          313.219
   69 (vir)          379.029          -1.160          -1.092         -14.603          391.380
