 
  kpoint:     0.1579    0.1579    0.0000
 
    n          ϵ_nk^DFT (eV)     Σ^c_nk (eV)     Σ^x_nk (eV)    v_nk^xc (eV)   ϵ_nk^G0W0 (eV)
 
    1 (occ)          -60.830          11.778         -39.223         -24.128          -64.147
    2 (occ)          -35.076           9.108         -32.598         -22.572          -35.994
    3 (occ)          -35.059           9.195         -32.569         -22.580          -35.853
    4 (occ)          -34.920           8.985         -32.596         -22.722          -35.808
    5 (occ)          -13.214           7.672         -21.653         -13.997          -13.197
    6 (occ)          -12.533           7.457         -21.607         -14.142          -12.541
    7 (occ)           -4.997           3.963         -17.656         -13.718           -4.972
    8 (occ)           -3.857           3.500         -17.026         -13.414           -3.969
    9 (occ)           -3.643           3.161         -17.264         -13.987           -3.759
   10 (occ)           -3.205           2.915         -17.649         -14.729           -3.211
   11 (occ)           -1.923           2.411         -17.048         -14.633           -1.926
   12 (occ)           -1.105           2.389         -16.245         -13.577           -1.385
   13 (occ)           -0.854           1.506         -17.300         -16.027           -0.621
   14 (vir)            1.839          -3.322         -11.012         -15.267            2.772
   15 (vir)            2.452          -3.888         -11.871         -16.753            3.446
   16 (vir)            2.612          -4.000         -10.945         -16.079            3.746
   17 (vir)            4.083          -4.582         -10.891         -16.474            5.084
   18 (vir)            8.654          -4.948          -5.988         -11.980            9.699
   19 (vir)            9.792          -4.726          -5.427         -11.309           10.948
   20 (vir)           10.097          -4.163          -4.376          -9.744           11.303
   21 (vir)           10.890          -5.231          -6.843         -13.663           12.479
   22 (vir)           11.325          -5.041          -5.301         -11.613           12.596
   23 (vir)           12.227          -5.750          -6.499         -13.806           13.784
   24 (vir)           12.415          -5.514          -5.379         -12.162           13.684
   25 (vir)           13.405          -5.250          -5.292         -12.207           15.070
   26 (vir)           13.422          -5.685          -5.889         -13.153           15.001
   27 (vir)           15.069          -6.020          -5.333         -12.756           16.472
   28 (vir)           15.832          -6.516          -5.649         -13.676           17.343
   29 (vir)           16.810          -6.188          -5.013         -12.608           18.218
   30 (vir)           18.120          -7.449          -5.747         -14.441           19.365
   31 (vir)           22.655          -6.964          -4.551         -13.205           24.345
   32 (vir)           23.196          -7.057          -3.973         -12.401           24.567
   33 (vir)           24.768          -7.335          -3.924         -12.543           26.051
   34 (vir)           25.427          -8.069          -4.281         -13.338           26.415
   35 (vir)           27.748          -6.897          -3.408         -11.911           29.353
   36 (vir)           28.301          -6.874          -3.696         -12.773           30.504
   37 (vir)           28.727          -6.477          -4.012         -13.149           31.386
   38 (vir)           28.846          -6.257          -3.576         -12.636           31.649
   39 (vir)           30.330          -6.106          -4.158         -13.537           33.603
   40 (vir)           31.611           0.251          -3.831         -13.364           41.395
   41 (vir)           32.566         -10.129          -4.008         -13.643           32.073
   42 (vir)           32.657          -9.034          -4.002         -14.054           33.675
   43 (vir)           32.687          -8.023          -3.697         -12.913           33.881
   44 (vir)           35.162           2.495          -3.941         -13.986           47.701
   45 (vir)           37.524          -3.726          -3.312         -12.556           43.042
   46 (vir)           37.958          -3.568          -3.558         -13.118           43.951
   47 (vir)           38.830          -0.481          -4.503         -14.892           48.739
   48 (vir)           42.124          -3.436          -4.133         -14.993           49.548
   49 (vir)           42.453          -1.956          -3.730         -14.141           50.907
   50 (vir)           44.031           0.381          -4.483         -15.437           55.365
   51 (vir)           45.588          -1.219          -3.959         -15.287           55.697
   52 (vir)           53.261          -3.368          -3.950         -15.358           61.301
   53 (vir)           64.075          -3.137          -3.571         -15.140           72.507
   54 (vir)           83.074          -1.001          -3.549         -16.853           95.377
   55 (vir)           91.727          -3.141          -3.751         -17.501          102.336
   56 (vir)          117.862          -2.391          -0.972          -9.799          124.298
   57 (vir)          118.615          -0.892          -0.974          -9.824          126.573
   58 (vir)          139.794          -0.563          -0.718         -11.175          149.689
   59 (vir)          139.859          -2.445          -0.700         -11.108          147.822
   60 (vir)          140.250           0.750          -0.694         -11.089          151.395
   61 (vir)          140.261          -0.396          -0.709         -11.147          150.303
   62 (vir)          140.501          -0.587          -0.684         -11.070          150.300
   63 (vir)          140.707          -1.344          -0.688         -11.095          149.770
   64 (vir)          292.504          -0.396          -2.507         -23.217          312.818
   65 (vir)          292.564          -0.412          -2.432         -23.108          312.828
   66 (vir)          292.589          -0.405          -2.497         -23.201          312.887
   67 (vir)          292.650          -0.369          -2.488         -23.183          312.976
   68 (vir)          292.746          -0.417          -2.431         -23.111          313.009
   69 (vir)          370.926          -0.774          -1.210         -14.751          383.693
