 
  kpoint:     0.0000    0.2632    0.0000
 
    n          ϵ_nk^DFT (eV)     Σ^c_nk (eV)     Σ^x_nk (eV)    v_nk^xc (eV)   ϵ_nk^G0W0 (eV)
 
    1 (occ)          -60.831          11.912         -39.223         -24.126          -64.016
    2 (occ)          -35.078           9.156         -32.598         -22.570          -35.949
    3 (occ)          -35.062           9.193         -32.568         -22.577          -35.861
    4 (occ)          -34.899           8.964         -32.595         -22.742          -35.789
    5 (occ)          -13.281           7.722         -21.654         -13.970          -13.243
    6 (occ)          -12.564           7.471         -21.599         -14.124          -12.568
    7 (occ)           -5.089           4.081         -17.685         -13.680           -5.014
    8 (occ)           -3.881           3.499         -16.982         -13.378           -3.986
    9 (occ)           -3.810           3.312         -17.285         -13.898           -3.885
   10 (occ)           -2.550           2.445         -17.865         -15.488           -2.482
   11 (occ)           -1.647           2.253         -17.484         -15.277           -1.601
   12 (occ)           -1.520           2.571         -16.042         -13.169           -1.822
   13 (occ)           -0.921           1.519         -16.888         -15.577           -0.714
   14 (vir)            2.085          -3.571         -11.094         -15.617            3.038
   15 (vir)            2.303          -3.614         -11.814         -16.358            3.233
   16 (vir)            2.970          -4.062         -10.748         -15.885            4.046
   17 (vir)            3.828          -4.427         -11.023         -16.435            4.812
   18 (vir)            8.143          -4.547          -5.581         -11.268            9.282
   19 (vir)            9.494          -5.109          -6.526         -12.856           10.715
   20 (vir)            9.671          -4.363          -5.428         -11.266           11.146
   21 (vir)           10.785          -4.475          -4.279          -9.787           11.818
   22 (vir)           11.230          -5.085          -6.258         -12.841           12.728
   23 (vir)           12.986          -5.139          -5.243         -11.981           14.584
   24 (vir)           13.260          -5.667          -5.984         -13.192           14.801
   25 (vir)           13.310          -5.096          -6.058         -13.517           15.673
   26 (vir)           14.757          -5.916          -5.299         -12.868           16.410
   27 (vir)           14.876          -6.231          -5.640         -13.350           16.355
   28 (vir)           15.140          -5.924          -5.827         -13.659           17.048
   29 (vir)           15.931          -5.961          -4.886         -12.109           17.194
   30 (vir)           17.958          -7.107          -5.999         -14.802           19.654
   31 (vir)           22.869          -7.062          -4.376         -12.911           24.342
   32 (vir)           22.987          -7.022          -4.063         -12.506           24.408
   33 (vir)           25.143          -7.089          -3.984         -12.736           26.807
   34 (vir)           25.273          -7.926          -4.382         -13.500           26.466
   35 (vir)           27.900          -7.897          -4.078         -13.469           29.395
   36 (vir)           28.785          -5.011          -3.465         -12.365           32.673
   37 (vir)           28.927          -6.619          -4.151         -13.583           31.739
   38 (vir)           29.653          -5.065          -3.094         -11.617           33.111
   39 (vir)           30.655          -1.370          -3.889         -13.155           38.551
   40 (vir)           31.460          -5.961          -4.226         -14.015           35.288
   41 (vir)           32.472          -9.328          -3.813         -13.007           32.338
   42 (vir)           33.357          -3.229          -3.556         -13.084           39.656
   43 (vir)           33.413          -6.734          -4.110         -13.866           36.434
   44 (vir)           35.539          -5.091          -3.596         -13.293           40.144
   45 (vir)           36.514          -2.976          -3.818         -13.594           43.315
   46 (vir)           37.612          -3.031          -3.420         -12.838           44.000
   47 (vir)           39.249          -3.437          -4.499         -14.811           46.125
   48 (vir)           41.693          -1.169          -3.413         -13.476           50.587
   49 (vir)           42.344          -1.805          -4.067         -14.870           51.342
   50 (vir)           45.351          -1.798          -4.430         -15.578           54.701
   51 (vir)           45.835          -2.921          -3.923         -15.290           54.281
   52 (vir)           51.386          -6.135          -3.937         -15.151           56.464
   53 (vir)           61.816           0.188          -3.588         -15.067           73.484
   54 (vir)           81.642          -3.118          -3.445         -16.680           91.759
   55 (vir)           92.650          -1.493          -3.714         -17.558          105.001
   56 (vir)          117.629          -0.176          -0.979          -9.802          126.275
   57 (vir)          118.554          -0.630          -0.981          -9.850          126.792
   58 (vir)          139.793          -1.118          -0.718         -11.178          149.134
   59 (vir)          139.862          -0.716          -0.699         -11.107          149.553
   60 (vir)          140.213          -1.459          -0.695         -11.089          149.148
   61 (vir)          140.215          -0.558          -0.710         -11.145          150.092
   62 (vir)          140.692           0.603          -0.678         -11.067          151.684
   63 (vir)          140.928           1.057          -0.680         -11.088          152.393
   64 (vir)          292.478          -0.400          -2.523         -23.246          312.801
   65 (vir)          292.536          -0.388          -2.482         -23.172          312.839
   66 (vir)          292.541          -0.411          -2.432         -23.108          312.806
   67 (vir)          292.667          -0.375          -2.491         -23.189          312.989
   68 (vir)          292.742          -0.417          -2.430         -23.108          313.003
   69 (vir)          368.027          -1.893          -1.241         -14.776          379.669
