 
  kpoint:     0.3158    0.3158    0.0000
 
    n          ϵ_nk^DFT (eV)     Σ^c_nk (eV)     Σ^x_nk (eV)    v_nk^xc (eV)   ϵ_nk^G0W0 (eV)
 
    1 (occ)          -60.805          11.647         -39.222         -24.150          -64.230
    2 (occ)          -35.171           9.268         -32.579         -22.491          -35.991
    3 (occ)          -35.107           9.306         -32.625         -22.550          -35.876
    4 (occ)          -35.013           9.126         -32.574         -22.633          -35.828
    5 (occ)          -11.989           7.351         -21.812         -14.523          -11.928
    6 (occ)          -11.981           7.192         -21.772         -14.625          -11.937
    7 (occ)           -5.528           4.152         -17.867         -13.747           -5.497
    8 (occ)           -4.814           4.101         -17.285         -13.128           -4.869
    9 (occ)           -4.064           3.372         -16.325         -12.831           -4.187
   10 (occ)           -3.583           3.402         -17.549         -13.999           -3.731
   11 (occ)           -3.033           3.131         -16.394         -13.045           -3.252
   12 (occ)           -2.300           2.895         -17.494         -14.393           -2.506
   13 (occ)           -0.086           0.709         -16.649         -16.238            0.211
   14 (vir)            1.822          -3.350         -13.136         -17.574            2.911
   15 (vir)            2.923          -4.022         -10.230         -15.353            4.024
   16 (vir)            3.486          -4.577         -11.822         -17.337            4.426
   17 (vir)            4.904          -5.472         -11.228         -17.595            5.799
   18 (vir)            7.505          -4.773          -6.999         -12.898            8.631
   19 (vir)            8.044          -4.633          -6.122         -12.103            9.391
   20 (vir)           10.895          -5.151          -5.814         -12.197           12.126
   21 (vir)           11.196          -4.841          -5.138         -11.441           12.658
   22 (vir)           12.202          -5.455          -5.746         -12.602           13.602
   23 (vir)           13.067          -5.976          -5.995         -13.329           14.426
   24 (vir)           13.561          -6.206          -5.784         -13.374           14.945
   25 (vir)           13.610          -6.099          -5.822         -13.335           15.024
   26 (vir)           14.317          -5.803          -6.025         -13.468           15.956
   27 (vir)           14.765          -5.157          -3.977         -10.495           16.126
   28 (vir)           18.656          -5.450          -3.184          -9.510           19.532
   29 (vir)           19.900          -7.321          -4.821         -13.468           21.226
   30 (vir)           20.024          -6.212          -3.857         -11.349           21.304
   31 (vir)           20.046          -7.532          -4.890         -13.395           21.020
   32 (vir)           20.579          -6.960          -4.527         -12.557           21.650
   33 (vir)           24.395          -7.113          -3.797         -12.581           26.066
   34 (vir)           24.896          -7.909          -3.942         -12.780           25.825
   35 (vir)           25.950          -7.377          -3.858         -13.076           27.791
   36 (vir)           27.505          -9.382          -4.305         -14.037           27.856
   37 (vir)           28.109          -9.042          -3.837         -13.313           28.544
   38 (vir)           29.269          -9.032          -4.173         -14.011           30.075
   39 (vir)           30.464          -6.372          -4.070         -13.614           33.636
   40 (vir)           30.906          -9.556          -4.143         -14.058           31.265
   41 (vir)           31.625          -6.499          -4.367         -14.091           34.850
   42 (vir)           33.274          -5.371          -4.463         -14.238           37.679
   43 (vir)           35.029          -6.684          -4.789         -14.716           38.272
   44 (vir)           35.477          -5.828          -4.408         -14.886           40.127
   45 (vir)           36.438          -6.190          -4.419         -14.698           40.528
   46 (vir)           39.176          -6.079          -4.178         -14.952           43.872
   47 (vir)           39.992          -3.886          -4.023         -14.491           46.574
   48 (vir)           41.395          -2.857          -4.113         -14.601           49.026
   49 (vir)           44.566           0.840          -4.182         -15.512           56.735
   50 (vir)           46.910           2.056          -3.004         -12.850           58.812
   51 (vir)           48.279          -0.831          -2.651         -12.127           56.923
   52 (vir)           71.159          -1.300          -3.759         -16.769           82.869
   53 (vir)           72.887          -1.075          -2.946         -14.180           83.046
   54 (vir)           77.967           0.109          -4.089         -17.085           91.072
   55 (vir)           84.565          -2.196          -3.758         -17.241           95.851
   56 (vir)          124.807          -0.442          -0.854          -9.600          133.111
   57 (vir)          126.501          -1.368          -0.778          -9.470          133.825
   58 (vir)          139.552           0.218          -0.703         -11.083          150.150
   59 (vir)          139.616          -0.169          -0.699         -11.075          149.824
   60 (vir)          139.675           0.235          -0.701         -11.080          150.289
   61 (vir)          139.930          -0.111          -0.703         -11.115          150.232
   62 (vir)          139.986          -0.300          -0.726         -11.211          150.171
   63 (vir)          140.286          -1.857          -0.719         -11.200          148.911
   64 (vir)          292.656          -0.349          -2.490         -23.183          312.999
   65 (vir)          292.807          -0.416          -2.434         -23.118          313.075
   66 (vir)          292.860          -0.419          -2.439         -23.129          313.132
   67 (vir)          292.921          -0.371          -2.465         -23.145          313.230
   68 (vir)          292.962          -0.405          -2.452         -23.123          313.228
   69 (vir)          387.681          -0.991          -1.004         -14.627          400.312
