 
  kpoint:     0.0877    0.0877    0.0000
 
    n          ϵ_nk^DFT (eV)     Σ^c_nk (eV)     Σ^x_nk (eV)    v_nk^xc (eV)   ϵ_nk^G0W0 (eV)
 
    1 (occ)          -60.846          11.988         -39.224         -24.113          -63.969
    2 (occ)          -35.090           9.218         -32.564         -22.544          -35.891
    3 (occ)          -34.935           9.003         -32.591         -22.702          -35.822
    4 (occ)          -34.869           8.979         -32.592         -22.767          -35.714
    5 (occ)          -13.877           8.022         -21.671         -13.747          -13.779
    6 (occ)          -12.814           7.564         -21.534         -13.978          -12.807
    7 (occ)           -5.367           4.231         -17.365         -13.098           -5.403
    8 (occ)           -3.255           3.037         -17.715         -14.760           -3.172
    9 (occ)           -2.873           2.882         -17.067         -14.094           -2.964
   10 (occ)           -2.227           2.483         -17.919         -15.566           -2.097
   11 (occ)           -2.101           2.137         -17.593         -15.547           -2.011
   12 (occ)           -1.041           2.196         -16.173         -13.756           -1.262
   13 (occ)           -0.395           1.291         -16.833         -15.722           -0.215
   14 (vir)            2.280          -3.502         -10.776         -15.134            3.136
   15 (vir)            2.485          -3.798         -11.003         -15.874            3.558
   16 (vir)            2.618          -3.632         -11.214         -15.692            3.463
   17 (vir)            3.342          -4.090         -11.006         -16.076            4.321
   18 (vir)            7.570          -4.708          -5.860         -11.475            8.477
   19 (vir)            9.561          -3.787          -3.170          -7.658           10.263
   20 (vir)           10.024          -4.448          -5.548         -11.412           11.439
   21 (vir)           10.838          -4.928          -5.552         -11.927           12.285
   22 (vir)           11.001          -5.052          -5.867         -12.436           12.518
   23 (vir)           12.300          -5.608          -6.432         -13.694           13.953
   24 (vir)           12.546          -5.479          -5.998         -13.120           14.188
   25 (vir)           13.207          -5.831          -6.451         -13.776           14.702
   26 (vir)           13.839          -5.662          -5.548         -12.904           15.533
   27 (vir)           15.689          -6.739          -6.099         -14.179           17.030
   28 (vir)           15.730          -6.595          -5.894         -14.006           17.248
   29 (vir)           16.657          -6.484          -5.703         -13.708           18.179
   30 (vir)           17.361          -6.836          -6.000         -14.643           19.168
   31 (vir)           21.980          -6.798          -4.527         -13.086           23.741
   32 (vir)           22.245          -5.732          -4.378         -12.560           24.696
   33 (vir)           26.030          -5.980          -3.879         -12.531           28.702
   34 (vir)           26.804          -6.087          -3.740         -12.357           29.335
   35 (vir)           26.842          -7.279          -4.454         -13.900           29.009
   36 (vir)           28.185          -4.885          -4.288         -13.540           32.552
   37 (vir)           28.916          -4.390          -3.373         -11.795           32.947
   38 (vir)           30.562          -6.795          -4.272         -13.678           33.172
   39 (vir)           30.638          -3.997          -3.175         -11.890           35.355
   40 (vir)           31.894          -4.688          -4.335         -14.184           37.055
   41 (vir)           32.908          -5.868          -3.607         -12.867           36.300
   42 (vir)           34.723          -7.030          -3.745         -13.811           37.759
   43 (vir)           35.095         -12.007          -3.246         -12.754           32.596
   44 (vir)           37.116          -3.613          -3.664         -13.372           43.211
   45 (vir)           38.052          -2.720          -3.396         -13.321           45.257
   46 (vir)           39.139          -0.884          -4.298         -14.519           48.476
   47 (vir)           39.277          -2.446          -3.210         -12.813           46.434
   48 (vir)           41.501          -5.979          -3.575         -13.761           45.708
   49 (vir)           42.579          -1.798          -4.356         -15.033           51.458
   50 (vir)           44.051          -1.969          -4.005         -15.052           53.128
   51 (vir)           45.811          -1.790          -3.847         -14.415           54.588
   52 (vir)           46.152          -2.937          -3.898         -15.266           54.582
   53 (vir)           56.212          -3.293          -3.676         -14.887           64.131
   54 (vir)           89.274          -2.558          -3.648         -17.106          100.174
   55 (vir)           93.799          -2.143          -3.632         -17.483          105.508
   56 (vir)          114.876           0.394          -1.039          -9.880          124.110
   57 (vir)          115.722           2.644          -1.043          -9.959          127.282
   58 (vir)          139.759          -0.827          -0.722         -11.185          149.396
   59 (vir)          139.908          -0.918          -0.714         -11.170          149.445
   60 (vir)          140.867           0.079          -0.677         -11.060          151.329
   61 (vir)          141.001          -1.274          -0.675         -11.065          150.117
   62 (vir)          141.171          -0.291          -0.668         -11.056          151.268
   63 (vir)          141.355          -1.885          -0.671         -11.081          149.879
   64 (vir)          292.372          -0.408          -2.514         -23.232          312.682
   65 (vir)          292.385          -0.415          -2.520         -23.244          312.694
   66 (vir)          292.476          -0.413          -2.429         -23.101          312.734
   67 (vir)          292.554          -0.416          -2.429         -23.101          312.811
   68 (vir)          292.559          -0.377          -2.512         -23.224          312.894
   69 (vir)          354.050          -1.317          -1.476         -14.933          366.189
