 
  kpoint:     0.0000    0.3421    0.0000
 
    n          ϵ_nk^DFT (eV)     Σ^c_nk (eV)     Σ^x_nk (eV)    v_nk^xc (eV)   ϵ_nk^G0W0 (eV)
 
    1 (occ)          -60.821          11.870         -39.222         -24.136          -64.037
    2 (occ)          -35.175           9.206         -32.602         -22.483          -36.088
    3 (occ)          -35.042           9.183         -32.570         -22.599          -35.829
    4 (occ)          -34.922           8.980         -32.600         -22.722          -35.819
    5 (occ)          -12.801           7.552         -21.670         -14.182          -12.737
    6 (occ)          -12.368           7.406         -21.663         -14.254          -12.371
    7 (occ)           -5.380           4.231         -17.659         -13.486           -5.322
    8 (occ)           -4.388           3.647         -17.212         -13.482           -4.471
    9 (occ)           -3.971           3.615         -17.093         -13.380           -4.070
   10 (occ)           -2.891           2.691         -17.989         -15.351           -2.838
   11 (occ)           -1.819           2.710         -16.431         -13.441           -2.099
   12 (occ)           -1.259           2.162         -17.020         -14.811           -1.307
   13 (occ)           -1.079           1.602         -16.530         -15.100           -0.907
   14 (vir)            2.227          -3.791         -12.430         -17.244            3.250
   15 (vir)            2.301          -3.842         -11.541         -16.385            3.303
   16 (vir)            3.421          -4.266         -10.354         -15.662            4.463
   17 (vir)            4.079          -4.597         -10.980         -16.543            5.045
   18 (vir)            7.881          -4.826          -6.417         -12.481            9.119
   19 (vir)            8.587          -4.681          -5.958         -11.728            9.677
   20 (vir)            8.964          -4.536          -6.222         -12.277           10.483
   21 (vir)           11.112          -4.938          -4.861         -10.772           12.085
   22 (vir)           11.780          -5.531          -7.003         -14.094           13.340
   23 (vir)           12.624          -5.447          -6.078         -13.276           14.376
   24 (vir)           13.063          -4.579          -4.429         -10.643           14.697
   25 (vir)           13.950          -5.596          -5.072         -11.940           15.223
   26 (vir)           15.513          -6.106          -5.201         -12.915           17.121
   27 (vir)           16.098          -5.969          -4.451         -11.541           17.218
   28 (vir)           16.110          -6.464          -5.129         -12.895           17.412
   29 (vir)           16.176          -5.438          -5.539         -13.612           18.811
   30 (vir)           18.333          -7.152          -5.800         -14.651           20.032
   31 (vir)           22.887          -7.243          -4.390         -13.149           24.403
   32 (vir)           22.960          -6.582          -3.948         -12.400           24.830
   33 (vir)           24.149          -7.092          -4.224         -13.029           25.862
   34 (vir)           25.092          -7.358          -4.088         -12.931           26.577
   35 (vir)           28.581          -8.106          -4.205         -13.867           30.137
   36 (vir)           28.809          -5.672          -3.256         -11.812           31.694
   37 (vir)           29.083          -8.531          -4.355         -14.127           30.324
   38 (vir)           29.398           1.070          -3.786         -12.895           39.576
   39 (vir)           29.823          -4.447          -3.541         -12.863           34.697
   40 (vir)           31.860          -5.722          -4.155         -13.748           35.731
   41 (vir)           32.542          -0.199          -4.109         -13.516           41.749
   42 (vir)           33.467          -7.903          -4.336         -14.264           35.491
   43 (vir)           33.482          -5.023          -3.875         -13.525           38.109
   44 (vir)           34.106          -4.103          -3.646         -13.089           39.446
   45 (vir)           36.755          -4.160          -3.886         -13.770           42.479
   46 (vir)           37.530          -3.327          -3.424         -12.824           43.604
   47 (vir)           39.233          -4.405          -4.466         -14.770           45.131
   48 (vir)           41.512          -2.151          -3.899         -14.230           49.692
   49 (vir)           42.396          -4.938          -3.181         -12.978           47.254
   50 (vir)           45.768          -2.579          -3.908         -15.260           54.542
   51 (vir)           46.105          -2.394          -4.333         -15.546           54.925
   52 (vir)           55.590          -4.914          -3.925         -15.462           62.213
   53 (vir)           63.318          -2.523          -3.451         -14.806           72.151
   54 (vir)           76.804          -2.245          -3.742         -16.554           87.371
   55 (vir)           91.235          -1.376          -3.799         -17.626          103.687
   56 (vir)          120.387           0.769          -0.934          -9.753          129.975
   57 (vir)          120.920          -1.743          -0.938          -9.740          127.979
   58 (vir)          139.585          -0.743          -0.699         -11.077          149.219
   59 (vir)          139.716          -0.621          -0.704         -11.114          149.504
   60 (vir)          139.950          -1.141          -0.717         -11.165          149.256
   61 (vir)          140.189          -1.043          -0.717         -11.186          149.615
   62 (vir)          140.441           0.620          -0.684         -11.075          151.452
   63 (vir)          140.735          -0.286          -0.685         -11.094          150.858
   64 (vir)          292.502          -0.386          -2.519         -23.237          312.835
   65 (vir)          292.586          -0.410          -2.433         -23.112          312.854
   66 (vir)          292.641          -0.375          -2.459         -23.129          312.936
   67 (vir)          292.802          -0.381          -2.482         -23.173          313.112
   68 (vir)          292.864          -0.419          -2.431         -23.113          313.127
   69 (vir)          374.714          -1.707          -1.189         -14.677          386.495
