 
  kpoint:     0.0000    0.5000    0.0000
 
    n          ϵ_nk^DFT (eV)     Σ^c_nk (eV)     Σ^x_nk (eV)    v_nk^xc (eV)   ϵ_nk^G0W0 (eV)
 
    1 (occ)          -60.811          11.739         -39.222         -24.145          -64.149
    2 (occ)          -35.268           9.301         -32.608         -22.400          -36.174
    3 (occ)          -35.023           9.150         -32.571         -22.622          -35.821
    4 (occ)          -34.944           9.235         -32.605         -22.704          -35.611
    5 (occ)          -12.255           7.271         -21.746         -14.482          -12.248
    6 (occ)          -12.155           7.419         -21.751         -14.415          -12.071
    7 (occ)           -5.907           4.532         -17.302         -12.740           -5.937
    8 (occ)           -4.958           3.995         -17.083         -13.000           -5.045
    9 (occ)           -4.173           3.641         -17.768         -14.126           -4.174
   10 (occ)           -3.184           2.910         -18.113         -15.246           -3.142
   11 (occ)           -2.063           2.825         -16.900         -13.824           -2.313
   12 (occ)           -0.926           2.132         -16.425         -14.132           -1.086
   13 (occ)           -0.709           1.556         -15.904         -14.410           -0.647
   14 (vir)            2.336          -4.150         -13.311         -18.581            3.456
   15 (vir)            2.804          -4.392         -12.395         -17.827            3.845
   16 (vir)            3.855          -4.346          -9.774         -15.236            4.971
   17 (vir)            4.249          -4.674         -10.911         -16.562            5.226
   18 (vir)            6.409          -4.483          -6.710         -12.434            7.651
   19 (vir)            8.332          -4.551          -6.521         -12.468            9.729
   20 (vir)            8.497          -4.670          -5.591         -11.432            9.669
   21 (vir)           11.015          -5.321          -6.431         -13.145           12.408
   22 (vir)           11.508          -5.236          -7.051         -13.999           13.220
   23 (vir)           11.579          -5.299          -5.874         -12.646           13.052
   24 (vir)           13.886          -4.677          -3.398          -9.279           15.090
   25 (vir)           15.299          -5.550          -4.258         -10.837           16.327
   26 (vir)           16.467          -6.808          -5.470         -13.463           17.653
   27 (vir)           17.247          -6.479          -4.399         -11.784           18.153
   28 (vir)           18.043          -6.809          -5.365         -13.959           19.828
   29 (vir)           18.740          -7.146          -5.149         -13.976           20.421
   30 (vir)           18.842          -6.478          -4.406         -12.328           20.285
   31 (vir)           21.214          -8.140          -4.190         -12.554           21.438
   32 (vir)           21.952          -8.057          -4.358         -13.191           22.728
   33 (vir)           22.954          -7.101          -3.968         -12.393           24.279
   34 (vir)           25.233          -7.707          -4.441         -13.693           26.778
   35 (vir)           27.495          -5.024          -4.027         -12.913           31.356
   36 (vir)           27.797          -6.482          -3.729         -12.445           30.031
   37 (vir)           28.315          -5.165          -4.559         -14.097           32.689
   38 (vir)           29.242          -9.844          -4.035         -13.881           29.245
   39 (vir)           31.253          -7.643          -4.027         -13.605           33.187
   40 (vir)           33.049          -7.921          -4.295         -14.238           35.070
   41 (vir)           33.053          -4.555          -3.524         -12.614           37.588
   42 (vir)           33.079          -7.094          -4.405         -14.208           35.788
   43 (vir)           34.236          -4.023          -4.325         -14.496           40.384
   44 (vir)           34.663          -4.733          -4.001         -13.795           39.724
   45 (vir)           36.797          -6.157          -4.002         -14.293           40.931
   46 (vir)           37.860          -7.129          -4.232         -14.793           41.292
   47 (vir)           38.793          -4.138          -4.357         -14.537           44.834
   48 (vir)           45.330          -1.738          -2.757         -12.183           53.017
   49 (vir)           45.620          -2.132          -2.884         -12.345           52.949
   50 (vir)           45.808          -1.389          -3.868         -15.216           55.767
   51 (vir)           45.875           0.509          -4.199         -15.390           57.575
   52 (vir)           57.324          -0.456          -2.932         -12.944           66.880
   53 (vir)           60.713          -2.157          -3.897         -15.688           70.347
   54 (vir)           69.945          -4.972          -3.802         -16.504           77.675
   55 (vir)           89.586          -6.626          -3.842         -17.741           96.860
   56 (vir)          124.883          -2.720          -0.851          -9.579          130.891
   57 (vir)          124.949          -0.315          -0.819          -9.581          133.395
   58 (vir)          139.300          -1.426          -0.704         -11.078          148.248
   59 (vir)          139.447          -0.250          -0.702         -11.090          149.584
   60 (vir)          139.903          -0.942          -0.724         -11.203          149.440
   61 (vir)          140.191          -0.324          -0.718         -11.192          150.342
   62 (vir)          140.248          -4.480          -0.689         -11.081          146.160
   63 (vir)          140.609          -1.995          -0.689         -11.099          149.024
   64 (vir)          292.513          -0.380          -2.515         -23.228          312.846
   65 (vir)          292.628          -0.410          -2.434         -23.114          312.899
   66 (vir)          292.741          -0.368          -2.435         -23.083          313.021
   67 (vir)          292.959          -0.381          -2.474         -23.161          313.265
   68 (vir)          292.965          -0.422          -2.434         -23.120          313.229
   69 (vir)          379.536          -1.645          -1.116         -14.594          391.369
