 
  kpoint:     0.0000    0.2895    0.0000
 
    n          ϵ_nk^DFT (eV)     Σ^c_nk (eV)     Σ^x_nk (eV)    v_nk^xc (eV)   ϵ_nk^G0W0 (eV)
 
    1 (occ)          -60.828          11.898         -39.222         -24.130          -64.022
    2 (occ)          -35.112           9.169         -32.599         -22.539          -36.002
    3 (occ)          -35.055           9.189         -32.569         -22.585          -35.851
    4 (occ)          -34.907           8.953         -32.597         -22.735          -35.817
    5 (occ)          -13.120           7.673         -21.655         -14.037          -13.065
    6 (occ)          -12.497           7.452         -21.619         -14.166          -12.499
    7 (occ)           -5.147           4.093         -17.736         -13.716           -5.075
    8 (occ)           -4.013           3.428         -17.270         -13.766           -4.089
    9 (occ)           -3.927           3.545         -16.917         -13.233           -4.066
   10 (occ)           -2.675           2.536         -17.908         -15.435           -2.612
   11 (occ)           -1.629           2.623         -16.160         -13.240           -1.926
   12 (occ)           -1.508           2.199         -17.338         -15.139           -1.508
   13 (occ)           -1.020           1.562         -16.806         -15.451           -0.814
   14 (vir)            2.134          -3.646         -11.233         -15.847            3.103
   15 (vir)            2.259          -3.657         -12.003         -16.621            3.220
   16 (vir)            3.123          -4.131         -10.628         -15.824            4.187
   17 (vir)            3.926          -4.498         -11.012         -16.485            4.901
   18 (vir)            8.136          -4.570          -5.675         -11.438            9.328
   19 (vir)            9.141          -5.215          -6.523         -12.714           10.118
   20 (vir)            9.446          -4.483          -5.891         -11.925           10.997
   21 (vir)           10.891          -4.484          -4.126          -9.565           11.845
   22 (vir)           11.501          -5.265          -6.552         -13.353           13.037
   23 (vir)           13.010          -5.318          -5.111         -11.744           14.325
   24 (vir)           13.160          -6.931          -6.099         -13.500           13.630
   25 (vir)           13.428          -5.622          -5.698         -12.813           14.921
   26 (vir)           14.999          -6.001          -5.240         -12.848           16.606
   27 (vir)           15.176          -6.320          -5.464         -13.170           16.562
   28 (vir)           15.382          -5.962          -5.704         -13.583           17.299
   29 (vir)           15.906          -5.920          -4.692         -11.811           17.105
   30 (vir)           18.088          -7.140          -5.957         -14.781           19.773
   31 (vir)           22.958          -7.271          -4.401         -13.045           24.331
   32 (vir)           23.069          -7.132          -4.000         -12.442           24.379
   33 (vir)           24.874          -7.634          -4.330         -13.337           26.247
   34 (vir)           25.067          -7.187          -3.998         -12.746           26.628
   35 (vir)           28.243         -10.077          -4.289         -13.936           27.813
   36 (vir)           28.976          -6.307          -3.334         -12.228           31.563
   37 (vir)           29.159          -6.832          -4.199         -13.817           31.945
   38 (vir)           29.361          -5.275          -3.123         -11.639           32.601
   39 (vir)           30.318          -3.144          -3.805         -13.017           36.385
   40 (vir)           31.428          -5.846          -4.165         -13.812           35.229
   41 (vir)           32.464         -10.376          -3.889         -13.119           31.318
   42 (vir)           33.262          -4.386          -3.704         -13.278           38.450
   43 (vir)           33.356          -7.371          -4.216         -14.020           35.790
   44 (vir)           34.998          -3.082          -3.630         -13.253           41.538
   45 (vir)           36.562          -2.903          -3.839         -13.627           43.447
   46 (vir)           37.438          -3.064          -3.424         -12.790           43.741
   47 (vir)           39.259          -3.985          -4.493         -14.809           45.590
   48 (vir)           41.854          -1.715          -3.364         -13.365           50.140
   49 (vir)           41.997          -1.814          -4.050         -14.753           50.886
   50 (vir)           45.708          -3.381          -4.401         -15.584           53.509
   51 (vir)           45.797          -2.714          -3.920         -15.282           54.445
   52 (vir)           52.833          -5.930          -3.942         -15.278           58.239
   53 (vir)           62.706          -4.155          -3.561         -15.040           70.030
   54 (vir)           79.998          -2.576          -3.485         -16.623           90.559
   55 (vir)           92.189          -1.313          -3.747         -17.578          104.707
   56 (vir)          118.456          -2.099          -0.966          -9.787          125.177
   57 (vir)          119.284          -0.373          -0.968          -9.816          127.759
   58 (vir)          139.775          -0.689          -0.697         -11.087          149.477
   59 (vir)          139.787          -0.432          -0.715         -11.166          149.805
   60 (vir)          140.091          -1.469          -0.701         -11.105          149.026
   61 (vir)          140.188          -0.828          -0.715         -11.169          149.814
   62 (vir)          140.597           0.550          -0.680         -11.070          151.536
   63 (vir)          140.851           0.882          -0.682         -11.090          152.141
   64 (vir)          292.489          -0.395          -2.522         -23.243          312.816
   65 (vir)          292.557          -0.411          -2.433         -23.110          312.823
   66 (vir)          292.573          -0.382          -2.474         -23.158          312.875
   67 (vir)          292.710          -0.377          -2.488         -23.183          313.028
   68 (vir)          292.786          -0.418          -2.430         -23.110          313.048
   69 (vir)          370.613          -1.875          -1.210         -14.740          382.268
