 &plot nbnd=  50, nks=   128 /
            0.000000  0.000000  0.000000
  -74.157  -38.388  -38.235  -38.235  -14.829  -13.212   -6.419   -2.929   -2.929   -2.210
   -1.708   -1.708   -0.148    2.773    2.773    2.915    2.915    4.850    5.341    5.469
    6.404    7.661    8.517    9.018   10.354   10.354   11.194   11.892   12.579   12.579
   13.300   15.515   15.923   15.923   15.996   16.217   16.217   16.370   19.142   19.150
   21.373   21.627   22.517   22.517   24.083   24.083   24.420   24.604   24.621   24.621
            0.006796  0.011771  0.000000
  -74.157  -38.387  -38.235  -38.235  -14.826  -13.211   -6.417   -2.935   -2.926   -2.222
   -1.712   -1.699   -0.149    2.770    2.777    2.909    2.913    4.858    5.344    5.475
    6.408    7.663    8.527    9.020   10.342   10.360   11.196   11.902   12.559   12.578
   13.300   15.529   15.885   15.928   16.029   16.206   16.209   16.382   19.155   19.167
   21.375   21.616   22.513   22.524   23.862   24.025   24.316   24.550   24.569   24.672
            0.013592  0.023542  0.000000
  -74.157  -38.387  -38.237  -38.235  -14.820  -13.208   -6.408   -2.954   -2.920   -2.256
   -1.723   -1.677   -0.152    2.762    2.791    2.889    2.907    4.882    5.352    5.495
    6.418    7.671    8.559    9.027   10.309   10.380   11.202   11.930   12.502   12.577
   13.299   15.562   15.816   15.941   16.092   16.176   16.186   16.414   19.168   19.241
   21.384   21.583   22.501   22.542   23.521   23.849   23.989   24.323   24.555   24.648
            0.020388  0.035313  0.000000
  -74.157  -38.387  -38.239  -38.236  -14.808  -13.204   -6.395   -2.985   -2.908   -2.306
   -1.742   -1.645   -0.157    2.749    2.813    2.857    2.896    4.919    5.366    5.529
    6.435    7.684    8.610    9.037   10.257   10.412   11.210   11.974   12.413   12.575
   13.298   15.587   15.750   15.959   16.134   16.152   16.180   16.457   19.191   19.359
   21.397   21.530   22.482   22.569   23.169   23.583   23.657   24.027   24.493   24.666
            0.027184  0.047084  0.000000
  -74.157  -38.386  -38.242  -38.237  -14.792  -13.198   -6.375   -3.028   -2.893   -2.369
   -1.770   -1.609   -0.164    2.731    2.815    2.844    2.881    4.967    5.386    5.577
    6.460    7.701    8.679    9.051   10.192   10.457   11.222   12.029   12.300   12.573
   13.295   15.535   15.750   15.980   16.075   16.114   16.303   16.510   19.224   19.513
   21.416   21.458   22.453   22.592   22.818   23.275   23.339   23.716   24.430   24.459
            0.033980  0.058854  0.000000
  -74.157  -38.386  -38.246  -38.237  -14.772  -13.191   -6.351   -3.082   -2.873   -2.439
   -1.805   -1.572   -0.174    2.711    2.764    2.862    2.884    5.024    5.410    5.640
    6.492    7.724    8.766    9.068   10.117   10.513   11.234   12.091   12.171   12.568
   13.290   15.423   15.797   15.996   16.003   16.075   16.463   16.571   19.265   19.696
   21.369   21.440   22.408   22.470   22.572   22.951   23.082   23.409   24.082   24.297
            0.040776  0.070625  0.000000
  -74.157  -38.385  -38.251  -38.239  -14.747  -13.182   -6.321   -3.146   -2.849   -2.514
   -1.848   -1.535   -0.187    2.690    2.708    2.840    2.931    5.086    5.440    5.718
    6.532    7.752    8.868    9.086   10.038   10.580   11.245   12.036   12.156   12.563
   13.283   15.293   15.854   15.899   16.027   16.039   16.641   16.655   19.316   19.900
   21.266   21.467   22.129   22.314   22.446   22.623   22.967   23.122   23.739   24.016
            0.047571  0.082396  0.000000
  -74.156  -38.384  -38.257  -38.240  -14.718  -13.171   -6.286   -3.219   -2.821   -2.593
   -1.900   -1.501   -0.204    2.647    2.668    2.814    2.986    5.150    5.476    5.812
    6.580    7.784    8.983    9.106    9.958   10.656   11.249   11.905   12.220   12.556
   13.275   15.158   15.783   15.914   16.005   16.054   16.720   16.874   19.376   20.119
   21.149   21.489   21.805   22.085   22.297   22.304   22.862   22.974   23.414   23.734
            0.054367  0.094167  0.000000
  -74.156  -38.382  -38.263  -38.242  -14.684  -13.158   -6.246   -3.300   -2.789   -2.674
   -1.960   -1.470   -0.224    2.584    2.646    2.785    3.048    5.217    5.516    5.919
    6.637    7.821    9.108    9.124    9.881   10.741   11.238   11.790   12.281   12.546
   13.264   15.025   15.648   15.975   15.976   16.084   16.808   17.112   19.443   20.343
   21.017   21.396   21.608   21.783   21.980   22.142   22.667   22.921   23.173   23.484
            0.061163  0.105938  0.000000
  -74.156  -38.381  -38.270  -38.243  -14.647  -13.144   -6.202   -3.388   -2.757   -2.754
   -2.028   -1.443   -0.249    2.521    2.627    2.753    3.116    5.284    5.562    6.036
    6.704    7.863    9.139    9.241    9.811   10.833   11.199   11.708   12.336   12.535
   13.254   14.898   15.497   15.949   16.040   16.119   16.906   17.365   19.514   20.559
   20.870   21.103   21.470   21.620   21.686   21.934   22.491   22.703   23.050   23.340
            0.067959  0.117709  0.000000
  -74.155  -38.380  -38.278  -38.245  -14.605  -13.129   -6.153   -3.481   -2.839   -2.716
   -2.105   -1.419   -0.278    2.459    2.611    2.720    3.190    5.353    5.612    6.160
    6.784    7.910    9.148    9.376    9.754   10.930   11.124   11.670   12.383   12.521
   13.245   14.782   15.329   15.928   16.099   16.166   17.013   17.629   19.584   20.703
   20.717   20.799   21.164   21.440   21.676   21.706   22.251   22.496   22.889   23.011
            0.074755  0.129480  0.000000
  -74.155  -38.378  -38.286  -38.248  -14.560  -13.112   -6.100   -3.580   -2.922   -2.675
   -2.188   -1.398   -0.313    2.399    2.598    2.686    3.269    5.423    5.668    6.286
    6.879    7.960    9.147    9.511    9.712   11.024   11.029   11.667   12.419   12.507
   13.240   14.679   15.148   15.912   16.148   16.230   17.128   17.900   19.640   20.480
   20.513   20.720   20.880   21.377   21.475   21.738   21.957   22.312   22.689   22.758
            0.081551  0.141251  0.000000
  -74.154  -38.377  -38.295  -38.250  -14.511  -13.094   -6.043   -3.681   -3.004   -2.633
   -2.279   -1.382   -0.352    2.342    2.590    2.652    3.352    5.495    5.729    6.409
    6.989    8.015    9.135    9.639    9.691   10.916   11.127   11.687   12.445   12.492
   13.239   14.592   14.957   15.900   16.188   16.309   17.253   18.175   19.657   20.183
   20.291   20.512   20.649   21.249   21.502   21.657   21.815   22.123   22.373   22.670
            0.088347  0.153021  0.000000
  -74.154  -38.375  -38.305  -38.253  -14.458  -13.074   -5.982   -3.785   -3.084   -2.588
   -2.377   -1.368   -0.397    2.289    2.586    2.620    3.438    5.570    5.794    6.528
    7.116    8.074    9.110    9.689    9.752   10.815   11.222   11.719   12.463   12.478
   13.242   14.522   14.761   15.893   16.226   16.396   17.385   18.449   19.601   19.897
   20.033   20.241   20.503   21.026   21.371   21.656   21.911   21.947   22.079   22.605
            0.095143  0.164792  0.000000
  -74.153  -38.373  -38.314  -38.256  -14.401  -13.054   -5.919   -3.891   -3.163   -2.543
   -2.480   -1.359   -0.447    2.238    2.587    2.591    3.527    5.647    5.865    6.639
    7.256    8.137    9.078    9.705    9.839   10.736   11.308   11.757   12.470   12.476
   13.243   14.470   14.566   15.890   16.262   16.490   17.524   18.712   19.458   19.630
   19.750   19.957   20.413   20.803   21.135   21.721   21.772   21.796   22.090   22.431
            0.101939  0.176563  0.000000
  -74.153  -38.371  -38.325  -38.259  -14.342  -13.032   -5.853   -3.997   -3.241   -2.587
   -2.498   -1.353   -0.500    2.191    2.566    2.593    3.618    5.727    5.940    6.746
    7.406    8.203    9.044    9.736    9.886   10.692   11.382   11.798   12.469   12.491
   13.232   14.384   14.436   15.890   16.297   16.589   17.671   18.923   19.250   19.414
   19.460   19.683   20.289   20.567   21.017   21.449   21.674   21.731   22.144   22.424
            0.108735  0.188334  0.000000
  -74.152  -38.369  -38.335  -38.262  -14.279  -13.008   -5.786   -4.102   -3.317   -2.699
   -2.455   -1.351   -0.557    2.147    2.547    2.605    3.709    5.811    6.019    6.848
    7.559    8.272    9.013    9.777    9.887   10.690   11.438   11.838   12.479   12.513
   13.193   14.232   14.420   15.894   16.330   16.691   17.823   18.928   19.008   19.169
   19.288   19.539   20.090   20.304   21.037   21.165   21.560   21.579   22.159   22.405
            0.115531  0.200105  0.000000
  -74.152  -38.367  -38.346  -38.266  -14.213  -12.984   -5.718   -4.205   -3.392   -2.812
   -2.414   -1.352   -0.617    2.105    2.535    2.621    3.801    5.898    6.103    6.949
    7.706    8.343    8.993    9.827    9.848   10.720   11.474   11.878   12.504   12.547
   13.110   14.128   14.420   15.903   16.361   16.795   17.979   18.745   18.749   18.884
   19.051   19.706   19.848   20.028   20.891   21.127   21.319   21.507   22.220   22.315
            0.122327  0.211876  0.000000
  -74.151  -38.365  -38.356  -38.269  -14.145  -12.959   -5.650   -4.305   -3.467   -2.926
   -2.377   -1.356   -0.676    2.065    2.531    2.642    3.891    5.988    6.191    7.049
    7.837    8.417    8.990    9.786    9.883   10.767   11.489   11.916   12.544   12.593
   12.974   14.083   14.434   15.916   16.387   16.899   18.129   18.485   18.535   18.611
   18.784   19.587   19.750   19.941   20.633   21.061   21.229   21.452   22.200   22.292
            0.129122  0.223647  0.000000
  -74.151  -38.367  -38.362  -38.273  -14.075  -12.933   -5.583   -4.400   -3.542   -3.039
   -2.346   -1.364   -0.735    2.028    2.536    2.667    3.981    6.082    6.283    7.151
    7.940    8.492    9.015    9.715    9.944   10.816   11.484   11.955   12.600   12.641
   12.803   14.090   14.459   15.935   16.409   17.000   18.168   18.244   18.333   18.431
   18.522   19.319   19.477   20.133   20.430   20.808   21.296   21.404   21.992   22.173
            0.135918  0.235418  0.000000
  -74.150  -38.378  -38.360  -38.278  -14.002  -12.906   -5.520   -4.487   -3.618   -3.148
   -2.323   -1.376   -0.790    1.995    2.548    2.697    4.068    6.180    6.379    7.253
    8.007    8.567    9.074    9.643   10.011   10.860   11.463   11.994   12.566   12.669
   12.737   14.135   14.489   15.960   16.424   17.091   17.931   18.007   18.138   18.286
   18.529   19.049   19.214   20.055   20.423   20.639   21.286   21.341   21.766   22.166
            0.142714  0.247188  0.000000
  -74.149  -38.389  -38.358  -38.282  -13.927  -12.879   -5.463   -4.565   -3.698   -3.250
   -2.310   -1.391   -0.840    1.966    2.568    2.730    4.152    6.280    6.478    7.357
    8.035    8.641    9.166    9.577   10.082   10.899   11.424   12.035   12.363   12.751
   12.792   14.208   14.521   15.992   16.433   17.163   17.670   17.745   17.925   18.115
   18.659   18.783   18.984   19.847   20.238   20.785   21.134   21.316   21.556   22.243
            0.149510  0.258959  0.000000
  -74.149  -38.399  -38.356  -38.286  -13.851  -12.850   -5.417   -4.630   -3.785   -3.342
   -2.308   -1.409   -0.883    1.943    2.594    2.766    4.232    6.384    6.581    7.462
    8.030    8.712    9.282    9.521   10.158   10.932   11.366   12.075   12.165   12.842
   12.851   14.302   14.547   16.031   16.434   17.202   17.413   17.482   17.695   18.023
   18.511   18.606   18.961   19.640   19.996   20.915   20.996   21.299   21.352   22.359
            0.156306  0.270730  0.000000
  -74.148  -38.410  -38.353  -38.291  -13.773  -12.822   -5.386   -4.675   -3.878   -3.423
   -2.319   -1.431   -0.918    1.927    2.626    2.806    4.309    6.492    6.688    7.567
    8.002    8.779    9.412    9.480   10.239   10.963   11.277   11.998   12.113   12.904
   12.942   14.411   14.559   16.076   16.428   17.164   17.187   17.223   17.480   18.000
   18.251   18.380   19.115   19.449   19.756   20.674   21.149   21.197   21.283   22.182
            0.163102  0.282501  0.000000
  -74.148  -38.420  -38.351  -38.296  -13.695  -12.793   -5.374   -4.698   -3.979   -3.491
   -2.345   -1.456   -0.943    1.918    2.662    2.848    4.381    6.601    6.797    7.665
    7.964    8.837    9.458    9.542   10.325   10.995   11.152   11.879   12.148   12.949
   13.049   14.531   14.551   16.124   16.416   16.930   16.970   17.083   17.333   17.997
   18.026   18.138   19.279   19.291   19.526   20.426   20.946   21.267   21.373   21.977
            0.169898  0.294272  0.000000
  -74.147  -38.430  -38.349  -38.301  -13.615  -12.764   -5.383   -4.696   -4.086   -3.546
   -2.383   -1.484   -0.960    1.918    2.701    2.892    4.447    6.714    6.910    7.731
    7.948    8.885    9.458    9.661   10.415   10.999   11.031   11.810   12.179   12.988
   13.161   14.518   14.655   16.163   16.393   16.721   16.726   16.897   17.268   17.750
   17.899   18.075   19.126   19.320   19.466   20.181   20.748   21.249   21.508   21.799
            0.176694  0.306043  0.000000
  -74.146  -38.439  -38.347  -38.307  -13.536  -12.734   -5.410   -4.674   -4.198   -3.590
   -2.434   -1.516   -0.967    1.928    2.743    2.937    4.509    6.827    7.025    7.720
    8.002    8.921    9.482    9.756   10.505   10.847   11.072   11.779   12.203   13.022
   13.277   14.457   14.775   16.159   16.351   16.488   16.577   16.694   17.238   17.515
   17.666   18.122   18.965   19.178   19.619   19.953   20.560   21.227   21.518   21.724
            0.183490  0.317814  0.000000
  -74.146  -38.448  -38.345  -38.312  -13.456  -12.705   -5.449   -4.637   -4.312   -3.625
   -2.497   -1.551   -0.967    1.947    2.785    2.983    4.566    6.941    7.142    7.659
    8.103    8.948    9.529    9.807   10.564   10.756   11.120   11.773   12.222   13.055
   13.397   14.370   14.878   16.062   16.270   16.271   16.509   16.536   17.231   17.296
   17.443   18.145   18.779   19.131   19.621   19.850   20.402   21.200   21.387   21.764
            0.190286  0.329585  0.000000
  -74.145  -38.456  -38.343  -38.318  -13.377  -12.675   -5.495   -4.590   -4.428   -3.651
   -2.569   -1.589   -0.960    1.975    2.827    3.028    4.617    7.053    7.262    7.583
    8.220    8.971    9.595    9.789   10.556   10.795   11.176   11.785   12.234   13.089
   13.519   14.259   14.944   15.895   16.087   16.132   16.364   16.558   17.107   17.237
   17.241   18.135   18.587   19.161   19.422   19.869   20.329   21.166   21.244   21.781
            0.197082  0.341355  0.000000
  -74.145  -38.464  -38.340  -38.324  -13.298  -12.646   -5.542   -4.542   -4.540   -3.669
   -2.650   -1.630   -0.948    2.013    2.868    3.073    4.665    7.153    7.384    7.511
    8.343    8.993    9.675    9.700   10.566   10.887   11.240   11.809   12.241   13.130
   13.641   14.130   14.952   15.696   15.953   15.959   16.242   16.556   16.965   17.078
   17.259   18.096   18.407   19.202   19.249   19.780   20.387   21.116   21.126   21.736
            0.203878  0.353126  0.000000
  -74.144  -38.471  -38.339  -38.330  -13.221  -12.618   -5.589   -4.655   -4.488   -3.681
   -2.736   -1.673   -0.931    2.058    2.906    3.116    4.708    7.213    7.476    7.507
    8.465    9.020    9.569    9.766   10.618   10.985   11.310   11.842   12.244   13.181
   13.761   13.989   14.889   15.484   15.763   15.874   16.116   16.473   16.839   17.054
   17.270   18.037   18.248   18.987   19.373   19.627   20.502   21.007   21.080   21.631
            0.210673  0.364897  0.000000
  -74.144  -38.477  -38.337  -38.336  -13.145  -12.589   -5.633   -4.765   -4.437   -3.687
   -2.827   -1.719   -0.909    2.108    2.943    3.157    4.748    7.192    7.519    7.632
    8.580    9.055    9.431    9.866   10.696   11.076   11.386   11.882   12.243   13.244
   13.825   13.888   14.770   15.270   15.577   15.791   15.980   16.332   16.743   17.135
   17.257   17.960   18.126   18.783   19.459   19.518   20.606   20.919   21.040   21.498
            0.217469  0.376668  0.000000
  -74.143  -38.483  -38.342  -38.335  -13.071  -12.562   -5.672   -4.872   -4.389   -3.687
   -2.922   -1.767   -0.882    2.162    2.976    3.194    4.785    7.121    7.610    7.757
    8.673    9.098    9.321    9.974   10.789   11.156   11.463   11.928   12.243   13.323
   13.675   13.989   14.617   15.059   15.400   15.679   15.834   16.165   16.714   17.206
   17.253   17.863   18.052   18.593   19.292   19.668   20.653   20.855   21.031   21.359
            0.224265  0.388439  0.000000
  -74.143  -38.488  -38.349  -38.333  -13.000  -12.535   -5.706   -4.975   -4.344   -3.682
   -3.020   -1.817   -0.851    2.214    3.009    3.228    4.822    7.036    7.709    7.882
    8.716    9.152    9.279   10.087   10.891   11.222   11.538   11.980   12.246   13.417
   13.514   14.083   14.448   14.851   15.239   15.534   15.682   15.985   16.738   17.118
   17.380   17.755   18.013   18.425   19.132   19.808   20.618   20.818   21.061   21.223
            0.231061  0.400210  0.000000
  -74.142  -38.492  -38.355  -38.331  -12.931  -12.509   -5.733   -5.073   -4.305   -3.672
   -3.119   -1.869   -0.816    2.261    3.044    3.256    4.858    6.949    7.797    8.007
    8.701    9.217    9.325   10.204   10.999   11.273   11.605   12.035   12.259   13.353
   13.526   14.152   14.274   14.649   15.100   15.369   15.527   15.800   16.785   17.003
   17.496   17.642   17.992   18.287   18.988   19.920   20.528   20.811   21.093   21.095
            0.237857  0.411981  0.000000
  -74.142  -38.496  -38.362  -38.330  -12.866  -12.484   -5.753   -5.167   -4.271   -3.657
   -3.219   -1.922   -0.775    2.298    3.083    3.280    4.895    6.864    7.859    8.131
    8.669    9.294    9.435   10.326   11.110   11.313   11.658   12.093   12.288   13.193
   13.648   14.100   14.183   14.452   14.994   15.195   15.372   15.615   16.829   16.874
   17.526   17.578   17.973   18.194   18.866   19.988   20.406   20.816   20.992   21.086
            0.244653  0.423752  0.000000
  -74.141  -38.499  -38.368  -38.328  -12.804  -12.460   -5.766   -5.255   -4.244   -3.639
   -3.319   -1.975   -0.729    2.318    3.131    3.297    4.933    6.784    7.877    8.252
    8.668    9.382    9.577   10.449   11.218   11.350   11.692   12.150   12.336   13.037
   13.777   13.934   14.164   14.264   14.925   15.020   15.224   15.433   16.743   16.849
   17.407   17.610   17.949   18.155   18.778   20.007   20.267   20.753   20.986   21.028
            0.251449  0.435522  0.000000
  -74.141  -38.501  -38.375  -38.327  -12.746  -12.438   -5.772   -5.338   -4.223   -3.616
   -3.417   -2.030   -0.679    2.318    3.189    3.309    4.973    6.709    7.847    8.370
    8.718    9.482    9.736   10.571   11.297   11.409   11.709   12.202   12.401   12.887
   13.766   13.907   14.096   14.101   14.849   14.876   15.098   15.255   16.617   16.833
   17.286   17.594   17.919   18.156   18.733   19.983   20.113   20.632   20.929   21.058
            0.258245  0.447293  0.000000
  -74.141  -38.502  -38.382  -38.326  -12.692  -12.417   -5.769   -5.415   -4.210   -3.591
   -3.513   -2.084   -0.624    2.299    3.258    3.315    5.015    6.641    7.783    8.485
    8.811    9.594    9.905   10.690   11.330   11.509   11.716   12.249   12.469   12.751
   13.619   13.858   13.996   14.122   14.684   14.795   15.025   15.082   16.501   16.780
   17.164   17.547   17.886   18.171   18.728   19.929   19.949   20.500   20.815   21.155
            0.265041  0.459064  0.000000
  -74.140  -38.502  -38.389  -38.325  -12.643  -12.398   -5.758   -5.485   -4.205   -3.604
   -3.563   -2.137   -0.566    2.260    3.316    3.336    5.059    6.580    7.699    8.595
    8.933    9.716   10.083   10.799   11.344   11.620   11.723   12.289   12.493   12.671
   13.482   13.698   13.881   14.264   14.531   14.673   14.917   14.999   16.397   16.699
   17.041   17.475   17.858   18.196   18.740   19.783   19.853   20.368   20.709   21.267
            0.271837  0.470835  0.000000
  -74.140  -38.502  -38.396  -38.324  -12.598  -12.380   -5.740   -5.549   -4.210   -3.689
   -3.534   -2.190   -0.504    2.207    3.312    3.419    5.104    6.527    7.608    8.698
    9.073    9.848   10.265   10.893   11.353   11.722   11.740   12.326   12.410   12.699
   13.359   13.535   13.765   14.342   14.460   14.536   14.763   14.980   16.306   16.600
   16.920   17.382   17.840   18.230   18.737   19.629   19.761   20.240   20.624   21.391
            0.278633  0.482606  0.000000
  -74.140  -38.501  -38.403  -38.323  -12.558  -12.364   -5.714   -5.607   -4.227   -3.764
   -3.503   -2.240   -0.441    2.142    3.305    3.505    5.150    6.483    7.515    8.795
    9.224    9.989   10.451   10.965   11.362   11.772   11.801   12.302   12.371   12.748
   13.247   13.381   13.660   14.228   14.398   14.530   14.686   14.955   16.225   16.495
   16.802   17.272   17.842   18.267   18.696   19.508   19.658   20.117   20.566   21.528
            0.285429  0.494377  0.000000
  -74.140  -38.499  -38.410  -38.322  -12.523  -12.350   -5.681   -5.658   -4.257   -3.826
   -3.472   -2.288   -0.377    2.071    3.294    3.589    5.195    6.449    7.423    8.883
    9.381   10.137   10.636   11.015   11.373   11.810   11.843   12.215   12.435   12.771
   13.139   13.241   13.575   14.106   14.266   14.422   14.813   14.922   16.150   16.390
   16.686   17.154   17.868   18.298   18.606   19.435   19.547   19.999   20.536   21.676
            0.292224  0.506148  0.000000
  -74.140  -38.497  -38.416  -38.322  -12.494  -12.337   -5.702   -5.642   -4.300   -3.875
   -3.441   -2.333   -0.315    1.996    3.282    3.667    5.239    6.426    7.333    8.962
    9.540   10.291   10.816   11.046   11.389   11.817   11.846   12.189   12.520   12.751
   13.023   13.131   13.516   13.996   14.140   14.285   14.892   14.976   16.078   16.291
   16.575   17.032   17.923   18.315   18.480   19.408   19.432   19.886   20.528   21.834
            0.299020  0.517919  0.000000
  -74.139  -38.494  -38.423  -38.321  -12.469  -12.327   -5.739   -5.599   -4.353   -3.911
   -3.412   -2.373   -0.257    1.924    3.270    3.738    5.280    6.416    7.246    9.029
    9.697   10.446   10.978   11.069   11.418   11.764   11.824   12.248   12.609   12.690
   12.897   13.061   13.473   13.898   14.025   14.150   14.872   15.137   16.007   16.203
   16.468   16.910   18.005   18.298   18.359   19.316   19.412   19.777   20.539   21.826
            0.305816  0.529689  0.000000
  -74.139  -38.490  -38.429  -38.321  -12.449  -12.318   -5.769   -5.553   -4.411   -3.936
   -3.386   -2.408   -0.204    1.858    3.257    3.799    5.316    6.418    7.163    9.083
    9.846   10.600   11.090   11.104   11.467   11.679   11.802   12.359   12.600   12.660
   12.773   13.048   13.432   13.810   13.921   14.021   14.871   15.285   15.940   16.133
   16.367   16.790   18.110   18.188   18.325   19.203   19.431   19.675   20.565   21.738
            0.312612  0.541460  0.000000
  -74.139  -38.486  -38.435  -38.320  -12.434  -12.312   -5.792   -5.508   -4.467   -3.955
   -3.365   -2.436   -0.160    1.801    3.246    3.847    5.347    6.433    7.086    9.124
    9.977   10.747   11.117   11.182   11.514   11.586   11.825   12.479   12.507   12.623
   12.675   13.113   13.383   13.733   13.830   13.897   14.890   15.408   15.883   16.091
   16.273   16.674   18.074   18.231   18.305   19.095   19.455   19.578   20.600   21.654
            0.319408  0.553231  0.000000
  -74.139  -38.483  -38.441  -38.320  -12.423  -12.307   -5.809   -5.469   -4.515   -3.967
   -3.348   -2.456   -0.127    1.757    3.237    3.881    5.370    6.458    7.017    9.152
   10.082   10.876   11.150   11.231   11.498   11.510   11.930   12.396   12.517   12.607
   12.614   13.228   13.333   13.667   13.749   13.777   14.920   15.491   15.844   16.091
   16.190   16.566   17.989   18.285   18.354   19.000   19.475   19.493   20.639   21.583
            0.326204  0.565002  0.000000
  -74.139  -38.480  -38.445  -38.320  -12.417  -12.304   -5.818   -5.441   -4.548   -3.975
   -3.338   -2.469   -0.106    1.730    3.230    3.902    5.385    6.484    6.964    9.167
   10.150   10.969   11.188   11.271   11.426   11.474   12.079   12.320   12.413   12.538
   12.707   13.298   13.360   13.612   13.663   13.686   14.947   15.529   15.829   16.123
   16.129   16.474   17.937   18.269   18.456   18.933   19.425   19.488   20.672   21.534
            0.333000  0.576773  0.000000
  -74.139  -38.478  -38.446  -38.320  -12.415  -12.303   -5.822   -5.430   -4.561   -3.978
   -3.334   -2.474   -0.098    1.720    3.228    3.909    5.391    6.498    6.942    9.172
   10.174   11.005   11.212   11.297   11.391   11.446   12.175   12.288   12.358   12.491
   12.742   13.290   13.460   13.573   13.591   13.655   14.959   15.537   15.830   16.091
   16.162   16.427   17.919   18.261   18.498   18.911   19.393   19.492   20.687   21.515
            0.338759  0.566839  0.000000
  -74.139  -38.479  -38.445  -38.320  -12.416  -12.304   -5.820   -5.438   -4.552   -3.975
   -3.337   -2.471   -0.103    1.726    3.230    3.904    5.387    6.485    6.960    9.169
   10.159   10.984   11.186   11.272   11.418   11.471   12.123   12.312   12.343   12.561
   12.723   13.284   13.396   13.558   13.678   13.683   14.951   15.536   15.821   16.120
   16.132   16.463   17.930   18.268   18.475   18.912   19.423   19.490   20.675   21.528
            0.344517  0.556904  0.000000
  -74.139  -38.482  -38.442  -38.320  -12.420  -12.306   -5.813   -5.461   -4.529   -3.967
   -3.343   -2.463   -0.117    1.745    3.235    3.892    5.375    6.452    7.010    9.162
   10.118   10.935   11.117   11.217   11.478   11.523   12.034   12.293   12.380   12.678
   12.707   13.259   13.300   13.549   13.763   13.809   14.934   15.537   15.795   16.067
   16.201   16.542   17.957   18.287   18.423   18.896   19.485   19.512   20.644   21.562
            0.350276  0.546970  0.000000
  -74.139  -38.485  -38.437  -38.320  -12.426  -12.309   -5.803   -5.496   -4.495   -3.951
   -3.354   -2.450   -0.138    1.775    3.245    3.873    5.355    6.401    7.085    9.153
   10.059   10.867   11.023   11.147   11.550   11.577   11.937   12.238   12.480   12.628
   12.871   13.202   13.217   13.549   13.874   13.954   14.913   15.545   15.759   15.990
   16.319   16.638   17.995   18.323   18.361   18.859   19.479   19.647   20.596   21.607
            0.356034  0.537035  0.000000
  -74.139  -38.490  -38.432  -38.320  -12.434  -12.313   -5.788   -5.541   -4.457   -3.924
   -3.367   -2.435   -0.165    1.814    3.259    3.847    5.326    6.341    7.179    9.141
    9.985   10.782   10.919   11.070   11.617   11.623   11.838   12.188   12.550   12.634
   13.044   13.106   13.170   13.555   13.998   14.112   14.897   15.557   15.723   15.911
   16.461   16.744   18.036   18.298   18.375   18.809   19.477   19.811   20.539   21.652
            0.361793  0.527101  0.000000
  -74.139  -38.494  -38.426  -38.321  -12.444  -12.317   -5.770   -5.593   -4.420   -3.883
   -3.382   -2.416   -0.197    1.862    3.277    3.817    5.290    6.275    7.286    9.129
    9.901   10.671   10.824   10.988   11.635   11.689   11.738   12.147   12.520   12.767
   13.013   13.123   13.223   13.566   14.115   14.285   14.898   15.572   15.690   15.835
   16.618   16.857   18.077   18.237   18.442   18.752   19.481   19.992   20.478   21.685
            0.367552  0.517166  0.000000
  -74.139  -38.498  -38.420  -38.321  -12.456  -12.323   -5.750   -5.649   -4.389   -3.826
   -3.399   -2.396   -0.232    1.915    3.301    3.784    5.245    6.206    7.402    9.117
    9.809   10.535   10.744   10.901   11.613   11.651   11.741   12.118   12.496   12.918
   12.926   13.081   13.402   13.589   14.213   14.471   14.928   15.581   15.663   15.768
   16.784   16.978   18.114   18.182   18.516   18.694   19.493   20.184   20.420   21.697
            0.373310  0.507232  0.000000
  -74.139  -38.503  -38.413  -38.321  -12.469  -12.330   -5.726   -5.709   -4.367   -3.752
   -3.416   -2.375   -0.269    1.972    3.329    3.747    5.194    6.134    7.526    9.105
    9.712   10.384   10.674   10.811   11.526   11.607   11.772   12.098   12.493   12.846
   13.030   13.094   13.530   13.672   14.279   14.670   14.997   15.570   15.644   15.723
   16.954   17.109   18.137   18.144   18.591   18.636   19.514   20.374   20.382   21.683
            0.379069  0.497298  0.000000
  -74.140  -38.508  -38.406  -38.321  -12.483  -12.337   -5.770   -5.699   -4.353   -3.663
   -3.434   -2.354   -0.307    2.033    3.363    3.708    5.135    6.061    7.654    9.093
    9.611   10.223   10.610   10.718   11.427   11.559   11.779   12.082   12.510   12.772
   13.017   13.248   13.569   13.855   14.317   14.880   15.099   15.526   15.638   15.710
   17.123   17.247   18.106   18.167   18.579   18.660   19.540   20.348   20.581   21.645
            0.384828  0.487363  0.000000
  -74.140  -38.512  -38.400  -38.322  -12.498  -12.344   -5.831   -5.671   -4.347   -3.563
   -3.451   -2.333   -0.344    2.095    3.401    3.668    5.071    5.988    7.785    9.083
    9.508   10.058   10.550   10.623   11.330   11.501   11.765   12.065   12.536   12.705
   13.017   13.406   13.590   14.067   14.337   15.099   15.217   15.465   15.652   15.717
   17.280   17.392   18.099   18.184   18.524   18.720   19.564   20.355   20.774   21.586
            0.390586  0.477429  0.000000
  -74.140  -38.516  -38.393  -38.322  -12.513  -12.352   -5.892   -5.640   -4.346   -3.467
   -3.452   -2.313   -0.381    2.158    3.445    3.627    5.001    5.914    7.917    9.073
    9.405    9.889   10.494   10.527   11.236   11.440   11.737   12.044   12.556   12.644
   13.044   13.556   13.610   14.290   14.356   15.315   15.321   15.404   15.705   15.734
   17.412   17.538   18.128   18.196   18.471   18.766   19.581   20.402   20.943   21.513
            0.396345  0.467494  0.000000
  -74.140  -38.520  -38.386  -38.323  -12.530  -12.361   -5.952   -5.609   -4.350   -3.482
   -3.334   -2.295   -0.417    2.221    3.495    3.585    4.928    5.841    8.048    9.063
    9.304    9.719   10.432   10.441   11.146   11.377   11.700   12.017   12.563   12.589
   13.102   13.633   13.690   14.390   14.522   15.321   15.389   15.542   15.771   15.813
   17.504   17.672   18.207   18.215   18.421   18.793   19.595   20.487   21.044   21.433
            0.402103  0.457560  0.000000
  -74.140  -38.524  -38.379  -38.323  -12.546  -12.369   -6.011   -5.576   -4.356   -3.495
   -3.210   -2.278   -0.451    2.282    3.544    3.549    4.851    5.769    8.172    9.053
    9.210    9.548   10.338   10.392   11.062   11.315   11.659   11.986   12.537   12.555
   13.183   13.659   13.796   14.452   14.758   15.256   15.423   15.675   15.895   15.968
   17.556   17.772   18.260   18.327   18.384   18.800   19.614   20.599   21.035   21.351
            0.407862  0.447626  0.000000
  -74.140  -38.528  -38.372  -38.323  -12.563  -12.378   -6.068   -5.543   -4.364   -3.506
   -3.082   -2.263   -0.484    2.341    3.503    3.608    4.772    5.697    8.283    9.042
    9.128    9.379   10.247   10.345   10.983   11.254   11.616   11.952   12.487   12.537
   13.279   13.687   13.873   14.550   14.986   15.202   15.440   15.719   16.117   16.148
   17.581   17.818   18.324   18.348   18.510   18.788   19.645   20.720   20.952   21.279
            0.413621  0.437691  0.000000
  -74.140  -38.532  -38.366  -38.324  -12.579  -12.387   -6.122   -5.510   -4.374   -3.516
   -2.952   -2.250   -0.516    2.397    3.464    3.672    4.692    5.627    8.367    9.029
    9.073    9.214   10.161   10.302   10.910   11.196   11.574   11.915   12.439   12.513
   13.379   13.718   13.927   14.680   15.077   15.291   15.452   15.745   16.339   16.367
   17.593   17.812   18.285   18.451   18.699   18.784   19.691   20.817   20.843   21.241
            0.419379  0.427757  0.000000
  -74.140  -38.536  -38.360  -38.324  -12.595  -12.395   -6.174   -5.477   -4.385   -3.523
   -2.820   -2.239   -0.547    2.450    3.426    3.739    4.612    5.558    8.408    8.991
    9.061    9.074   10.082   10.261   10.843   11.141   11.534   11.877   12.391   12.488
   13.472   13.749   13.974   14.833   15.025   15.462   15.521   15.777   16.533   16.626
   17.603   17.776   18.249   18.492   18.849   18.899   19.751   20.728   20.845   21.270
            0.425138  0.417822  0.000000
  -74.140  -38.539  -38.354  -38.324  -12.611  -12.404   -6.224   -5.444   -4.396   -3.528
   -2.687   -2.230   -0.577    2.499    3.391    3.810    4.533    5.491    8.398    8.860
    9.032    9.098   10.011   10.224   10.781   11.089   11.495   11.839   12.343   12.462
   13.548   13.781   14.031   14.961   14.997   15.473   15.721   15.860   16.722   16.892
   17.619   17.723   18.219   18.446   18.999   19.102   19.819   20.616   20.806   21.334
            0.430897  0.407888  0.000000
  -74.140  -38.542  -38.348  -38.325  -12.627  -12.412   -6.270   -5.413   -4.408   -3.531
   -2.554   -2.223   -0.607    2.543    3.357    3.885    4.456    5.426    8.348    8.703
    9.018    9.173    9.951   10.189   10.725   11.040   11.460   11.802   12.295   12.436
   13.601   13.813   14.108   14.895   15.166   15.489   15.795   16.078   16.899   17.163
   17.647   17.662   18.197   18.361   19.182   19.297   19.895   20.515   20.738   21.140
            0.436655  0.397954  0.000000
  -74.141  -38.545  -38.343  -38.325  -12.641  -12.420   -6.314   -5.384   -4.419   -3.531
   -2.423   -2.218   -0.636    2.583    3.326    3.961    4.382    5.364    8.276    8.547
    9.008    9.262    9.906   10.157   10.675   10.994   11.427   11.767   12.246   12.411
   13.631   13.842   14.206   14.829   15.320   15.523   15.842   16.336   17.050   17.437
   17.597   17.692   18.191   18.260   19.371   19.469   19.979   20.437   20.663   20.950
            0.442414  0.388019  0.000000
  -74.141  -38.547  -38.338  -38.326  -12.655  -12.427   -6.354   -5.356   -4.431   -3.530
   -2.293   -2.215   -0.667    2.618    3.298    4.037    4.312    5.305    8.197    8.396
    8.999    9.346    9.885   10.128   10.629   10.952   11.396   11.733   12.197   12.388
   13.645   13.870   14.319   14.764   15.416   15.619   15.891   16.598   17.165   17.531
   17.712   17.751   18.154   18.212   19.549   19.592   20.076   20.392   20.591   20.784
            0.448172  0.378085  0.000000
  -74.141  -38.550  -38.333  -38.326  -12.668  -12.434   -6.391   -5.330   -4.441   -3.527
   -2.214   -2.166   -0.698    2.648    3.274    4.111    4.251    5.249    8.115    8.251
    8.990    9.408    9.897   10.101   10.588   10.914   11.369   11.702   12.148   12.366
   13.648   13.895   14.440   14.701   15.448   15.776   15.947   16.858   17.244   17.473
   17.802   17.941   18.092   18.283   19.639   19.698   20.193   20.346   20.525   20.705
            0.453931  0.368150  0.000000
  -74.141  -38.552  -38.329  -38.326  -12.680  -12.441   -6.424   -5.306   -4.451   -3.522
   -2.214   -2.043   -0.731    2.673    3.252    4.150    4.227    5.197    8.037    8.114
    8.982    9.438    9.946   10.078   10.553   10.878   11.345   11.673   12.098   12.346
   13.646   13.917   14.563   14.640   15.460   15.951   16.011   17.093   17.294   17.440
   17.826   17.894   18.309   18.412   19.615   19.809   20.236   20.322   20.481   20.780
            0.459690  0.358216  0.000000
  -74.141  -38.554  -38.326  -38.325  -12.690  -12.447   -6.453   -5.285   -4.461   -3.517
   -2.216   -1.924   -0.767    2.693    3.234    4.113    4.284    5.149    7.965    7.986
    8.974    9.443   10.024   10.057   10.522   10.846   11.323   11.646   12.049   12.328
   13.641   13.936   14.583   14.686   15.464   16.083   16.129   17.217   17.328   17.512
   17.797   17.825   18.581   18.591   19.542   19.882   20.100   20.366   20.538   20.950
            0.465448  0.348282  0.000000
  -74.141  -38.556  -38.327  -38.321  -12.700  -12.452   -6.479   -5.267   -4.469   -3.511
   -2.218   -1.811   -0.804    2.709    3.219    4.066    4.352    5.107    7.868    7.900
    8.968    9.433   10.038   10.116   10.498   10.816   11.305   11.622   12.001   12.313
   13.635   13.952   14.531   14.804   15.464   16.163   16.302   17.205   17.353   17.595
   17.810   17.823   18.766   18.880   19.441   19.929   19.985   20.336   20.627   21.145
            0.471207  0.338347  0.000000
  -74.141  -38.557  -38.327  -38.319  -12.708  -12.456   -6.501   -5.251   -4.476   -3.505
   -2.220   -1.704   -0.845    2.721    3.207    4.024    4.417    5.069    7.764    7.843
    8.962    9.418   10.023   10.210   10.480   10.788   11.289   11.600   11.955   12.300
   13.629   13.965   14.483   14.916   15.459   16.251   16.467   17.160   17.374   17.512
   17.788   18.053   18.939   19.170   19.324   19.917   19.957   20.303   20.591   21.232
            0.476966  0.328413  0.000000
  -74.141  -38.558  -38.327  -38.316  -12.715  -12.460   -6.519   -5.238   -4.482   -3.499
   -2.223   -1.605   -0.887    2.729    3.198    3.989    4.474    5.038    7.674    7.796
    8.957    9.403   10.010   10.294   10.474   10.762   11.277   11.582   11.912   12.289
   13.624   13.975   14.443   15.018   15.449   16.346   16.616   17.106   17.397   17.411
   17.762   18.314   19.048   19.232   19.459   19.915   19.974   20.278   20.453   21.411
            0.482724  0.318478  0.000000
  -74.141  -38.559  -38.327  -38.314  -12.720  -12.463   -6.533   -5.228   -4.487   -3.494
   -2.225   -1.517   -0.931    2.735    3.191    3.960    4.522    5.013    7.602    7.759
    8.953    9.389   10.001   10.351   10.491   10.736   11.267   11.565   11.876   12.280
   13.619   13.982   14.410   15.110   15.435   16.446   16.743   17.043   17.323   17.423
   17.737   18.578   18.999   19.249   19.730   19.984   19.992   20.257   20.287   21.480
            0.488483  0.308544  0.000000
  -74.141  -38.560  -38.327  -38.313  -12.724  -12.465   -6.543   -5.221   -4.491   -3.490
   -2.227   -1.442   -0.973    2.739    3.187    3.940    4.558    4.995    7.548    7.732
    8.950    9.379    9.994   10.374   10.535   10.708   11.260   11.553   11.848   12.274
   13.615   13.987   14.386   15.187   15.414   16.551   16.840   16.964   17.258   17.454
   17.713   18.832   18.901   19.282   19.879   19.992   20.134   20.197   20.270   21.289
            0.494241  0.298610  0.000000
  -74.141  -38.560  -38.327  -38.312  -12.726  -12.466   -6.549   -5.216   -4.493   -3.487
   -2.228   -1.389   -1.006    2.741    3.184    3.928    4.580    4.984    7.515    7.716
    8.948    9.373    9.989   10.380   10.587   10.676   11.256   11.545   11.830   12.270
   13.613   13.990   14.372   15.247   15.390   16.659   16.870   16.899   17.221   17.484
   17.693   18.828   19.055   19.295   19.774   19.983   20.228   20.292   20.443   21.050
            0.500000  0.288675  0.000000
  -74.141  -38.560  -38.327  -38.312  -12.727  -12.466   -6.551   -5.215   -4.493   -3.487
   -2.229   -1.369   -1.020    2.742    3.183    3.924    4.588    4.981    7.504    7.710
    8.948    9.370    9.988   10.381   10.626   10.645   11.254   11.542   11.823   12.269
   13.612   13.991   14.367   15.274   15.375   16.765   16.767   16.918   17.210   17.496
   17.685   18.802   19.165   19.298   19.684   19.982   20.230   20.373   20.653   20.825
            0.489796  0.282784  0.000000
  -74.141  -38.560  -38.327  -38.312  -12.730  -12.467   -6.548   -5.212   -4.493   -3.485
   -2.228   -1.370   -1.023    2.740    3.177    3.922    4.587    4.992    7.502    7.706
    8.941    9.372    9.988   10.309   10.632   10.722   11.255   11.482   11.893   12.272
   13.623   13.949   14.404   15.265   15.371   16.756   16.760   16.913   17.205   17.498
   17.684   18.808   19.166   19.300   19.661   20.000   20.243   20.375   20.655   20.833
            0.479592  0.276892  0.000000
  -74.141  -38.559  -38.328  -38.312  -12.738  -12.470   -6.538   -5.204   -4.492   -3.481
   -2.226   -1.374   -1.032    2.734    3.160    3.919    4.585    5.026    7.496    7.692
    8.923    9.375    9.989   10.185   10.650   10.859   11.255   11.377   12.028   12.281
   13.652   13.854   14.485   15.241   15.358   16.729   16.737   16.897   17.191   17.503
   17.684   18.825   19.170   19.305   19.607   20.042   20.280   20.381   20.661   20.858
            0.469388  0.271001  0.000000
  -74.141  -38.557  -38.328  -38.311  -12.753  -12.475   -6.522   -5.191   -4.490   -3.475
   -2.222   -1.380   -1.047    2.724    3.133    3.912    4.580    5.080    7.487    7.671
    8.892    9.372    9.990   10.064   10.680   10.979   11.252   11.301   12.183   12.299
   13.696   13.739   14.576   15.201   15.339   16.685   16.701   16.866   17.173   17.511
   17.687   18.850   19.176   19.315   19.542   20.093   20.337   20.392   20.670   20.899
            0.459184  0.265110  0.000000
  -74.141  -38.555  -38.328  -38.311  -12.773  -12.481   -6.499   -5.173   -4.488   -3.466
   -2.217   -1.388   -1.067    2.711    3.097    3.904    4.574    5.153    7.476    7.643
    8.850    9.355    9.966    9.994   10.721   10.995   11.243   11.344   12.333   12.343
   13.617   13.752   14.660   15.146   15.317   16.623   16.655   16.819   17.153   17.522
   17.700   18.877   19.186   19.332   19.476   20.144   20.405   20.407   20.683   20.953
            0.448980  0.259218  0.000000
  -74.142  -38.552  -38.329  -38.310  -12.799  -12.490   -6.470   -5.150   -4.486   -3.454
   -2.210   -1.399   -1.091    2.695    3.055    3.892    4.567    5.242    7.461    7.608
    8.798    9.311    9.899    9.998   10.773   10.925   11.225   11.488   12.384   12.505
   13.496   13.813   14.730   15.079   15.297   16.545   16.601   16.753   17.138   17.533
   17.726   18.900   19.200   19.360   19.417   20.193   20.423   20.486   20.700   21.016
            0.438776  0.253327  0.000000
  -74.142  -38.549  -38.330  -38.309  -12.829  -12.500   -6.436   -5.121   -4.485   -3.440
   -2.202   -1.413   -1.119    2.677    3.009    3.877    4.557    5.343    7.445    7.570
    8.737    9.236    9.865   10.004   10.835   10.844   11.200   11.661   12.453   12.662
   13.382   13.874   14.779   15.000   15.283   16.451   16.544   16.669   17.132   17.545
   17.767   18.910   19.220   19.366   19.406   20.237   20.443   20.572   20.721   21.087
            0.428571  0.247436  0.000000
  -74.142  -38.545  -38.330  -38.308  -12.865  -12.511   -6.396   -5.088   -4.484   -3.423
   -2.192   -1.429   -1.148    2.656    2.959    3.859    4.546    5.455    7.428    7.528
    8.671    9.139    9.848   10.009   10.778   10.907   11.168   11.840   12.540   12.803
   13.287   13.927   14.805   14.912   15.281   16.344   16.488   16.569   17.141   17.557
   17.823   18.903   19.245   19.325   19.471   20.276   20.467   20.663   20.747   21.143
            0.418367  0.241545  0.000000
  -74.142  -38.540  -38.331  -38.307  -12.905  -12.524   -6.350   -5.050   -4.484   -3.404
   -2.181   -1.447   -1.178    2.633    2.907    3.837    4.532    5.575    7.409    7.484
    8.602    9.029    9.835   10.010   10.737   10.989   11.134   12.017   12.640   12.896
   13.243   13.969   14.809   14.816   15.295   16.223   16.432   16.460   17.170   17.568
   17.892   18.877   19.277   19.294   19.556   20.310   20.493   20.752   20.777   21.189
            0.408163  0.235653  0.000000
  -74.142  -38.535  -38.332  -38.306  -12.950  -12.539   -6.300   -5.007   -4.486   -3.382
   -2.168   -1.469   -1.207    2.609    2.854    3.812    4.517    5.700    7.389    7.438
    8.531    8.913    9.812   10.006   10.724   11.078   11.103   12.182   12.748   12.904
   13.290   13.997   14.713   14.801   15.326   16.092   16.346   16.377   17.222   17.577
   17.971   18.837   19.274   19.316   19.657   20.339   20.522   20.812   20.837   21.242
            0.397959  0.229762  0.000000
  -74.143  -38.529  -38.333  -38.304  -12.998  -12.555   -6.246   -4.961   -4.490   -3.358
   -2.153   -1.492   -1.235    2.585    2.800    3.784    4.499    5.828    7.367    7.391
    8.461    8.798    9.775    9.994   10.739   11.078   11.175   12.313   12.859   12.875
   13.392   14.014   14.605   14.793   15.369   15.952   16.240   16.319   17.300   17.584
   18.054   18.791   19.263   19.362   19.769   20.363   20.553   20.852   20.913   21.301
            0.387755  0.223871  0.000000
  -74.143  -38.522  -38.335  -38.303  -13.050  -12.573   -6.188   -4.909   -4.496   -3.332
   -2.136   -1.519   -1.259    2.561    2.747    3.751    4.480    5.956    7.343    7.344
    8.396    8.684    9.725    9.971   10.776   11.063   11.278   12.378   12.881   12.963
   13.499   14.028   14.493   14.801   15.406   15.804   16.159   16.258   17.402   17.588
   18.135   18.747   19.261   19.415   19.891   20.383   20.586   20.897   20.980   21.367
            0.377551  0.217979  0.000000
  -74.143  -38.516  -38.336  -38.301  -13.105  -12.591   -6.126   -4.854   -4.506   -3.303
   -2.118   -1.548   -1.278    2.537    2.694    3.715    4.458    6.082    7.298    7.315
    8.338    8.574    9.669    9.937   10.827   11.060   11.387   12.365   12.936   13.049
   13.602   14.051   14.379   14.843   15.410   15.650   16.129   16.193   17.524   17.588
   18.197   18.722   19.265   19.476   20.019   20.398   20.621   20.947   21.038   21.437
            0.367347  0.212088  0.000000
  -74.144  -38.508  -38.337  -38.299  -13.162  -12.611   -6.062   -4.796   -4.519   -3.271
   -2.098   -1.580   -1.292    2.515    2.642    3.674    4.434    6.203    7.253    7.282
    8.291    8.470    9.609    9.891   10.882   11.069   11.499   12.307   12.995   13.105
   13.713   14.097   14.264   14.926   15.362   15.492   16.127   16.169   17.585   17.663
   18.220   18.739   19.275   19.543   20.152   20.408   20.659   21.002   21.089   21.510
            0.357143  0.206197  0.000000
  -74.144  -38.500  -38.339  -38.298  -13.222  -12.631   -5.996   -4.733   -4.535   -3.238
   -2.076   -1.614   -1.300    2.494    2.591    3.631    4.407    6.314    7.211    7.241
    8.255    8.370    9.551    9.835   10.933   11.090   11.614   12.234   13.018   13.124
   13.852   14.149   14.174   15.047   15.272   15.332   16.060   16.272   17.578   17.815
   18.194   18.806   19.288   19.618   20.290   20.413   20.698   21.062   21.137   21.585
            0.346939  0.200305  0.000000
  -74.145  -38.492  -38.340  -38.296  -13.284  -12.652   -5.929   -4.668   -4.553   -3.202
   -2.053   -1.651   -1.300    2.475    2.542    3.583    4.378    6.410    7.177    7.193
    8.234    8.277    9.496    9.772   10.971   11.120   11.731   12.162   13.001   13.107
   14.024   14.034   14.277   15.162   15.172   15.198   15.998   16.414   17.567   17.976
   18.134   18.911   19.302   19.699   20.415   20.430   20.740   21.127   21.184   21.656
            0.336735  0.194414  0.000000
  -74.145  -38.484  -38.342  -38.293  -13.348  -12.674   -5.861   -4.599   -4.574   -3.164
   -2.028   -1.690   -1.293    2.458    2.495    3.533    4.346    6.486    7.137    7.153
    8.190    8.227    9.447    9.703   10.988   11.157   11.847   12.098   12.961   13.059
   13.921   14.222   14.389   15.014   15.062   15.364   15.946   16.582   17.551   18.057
   18.141   19.038   19.316   19.787   20.416   20.574   20.784   21.198   21.232   21.719
            0.326531  0.188523  0.000000
  -74.146  -38.475  -38.344  -38.291  -13.413  -12.697   -5.794   -4.597   -4.528   -3.124
   -2.001   -1.732   -1.278    2.443    2.449    3.480    4.312    6.533    7.074    7.147
    8.110    8.234    9.403    9.630   10.976   11.199   11.960   12.047   12.916   12.991
   13.811   14.439   14.466   14.861   15.015   15.516   15.929   16.765   17.531   17.972
   18.307   19.177   19.329   19.881   20.420   20.721   20.831   21.273   21.282   21.765
            0.316327  0.182631  0.000000
  -74.146  -38.465  -38.345  -38.289  -13.479  -12.720   -5.730   -4.618   -4.455   -3.082
   -1.972   -1.776   -1.255    2.406    2.432    3.424    4.275    6.547    7.004    7.158
    8.038    8.254    9.365    9.557   10.934   11.245   12.009   12.068   12.880   12.909
   13.703   14.455   14.669   14.714   15.072   15.599   16.000   16.955   17.506   17.889
   18.464   19.324   19.342   19.981   20.429   20.871   20.881   21.335   21.353   21.788
            0.306122  0.176740  0.000000
  -74.146  -38.456  -38.347  -38.287  -13.546  -12.744   -5.671   -4.638   -4.379   -3.038
   -1.942   -1.821   -1.225    2.366    2.424    3.367    4.236    6.533    6.929    7.181
    7.974    8.284    9.331    9.485   10.863   11.290   11.982   12.168   12.817   12.861
   13.599   14.371   14.579   14.905   15.220   15.601   16.169   17.140   17.476   17.820
   18.601   19.365   19.474   20.087   20.448   20.933   21.023   21.390   21.439   21.779
            0.295918  0.170849  0.000000
  -74.147  -38.446  -38.349  -38.285  -13.613  -12.768   -5.619   -4.652   -4.301   -2.992
   -1.910   -1.869   -1.187    2.328    2.418    3.308    4.194    6.497    6.850    7.208
    7.920    8.322    9.299    9.417   10.769   11.333   11.961   12.254   12.720   12.864
   13.499   14.259   14.459   15.138   15.414   15.581   16.386   17.288   17.442   17.795
   18.700   19.413   19.625   20.198   20.480   20.989   21.176   21.447   21.530   21.736
            0.285714  0.164957  0.000000
  -74.147  -38.436  -38.351  -38.282  -13.680  -12.791   -5.577   -4.658   -4.221   -2.944
   -1.918   -1.877   -1.144    2.293    2.416    3.249    4.149    6.446    6.768    7.227
    7.879    8.363    9.268    9.356   10.661   11.370   11.946   12.322   12.619   12.886
   13.403   14.143   14.359   15.329   15.602   15.630   16.624   17.347   17.402   17.868
   18.743   19.499   19.773   20.314   20.525   21.048   21.322   21.504   21.626   21.669
            0.275510  0.159066  0.000000
  -74.148  -38.426  -38.353  -38.280  -13.747  -12.815   -5.549   -4.652   -4.140   -2.895
   -1.968   -1.843   -1.094    2.262    2.418    3.189    4.101    6.386    6.685    7.232
    7.852    8.404    9.234    9.306   10.546   11.399   11.938   12.367   12.518   12.923
   13.313   14.033   14.285   15.386   15.764   15.859   16.875   17.318   17.359   18.039
   18.730   19.622   19.917   20.435   20.586   21.111   21.414   21.561   21.631   21.727
            0.265306  0.153175  0.000000
  -74.149  -38.415  -38.355  -38.277  -13.814  -12.839   -5.536   -4.632   -4.058   -2.844
   -2.019   -1.809   -1.040    2.235    2.422    3.130    4.051    6.319    6.601    7.219
    7.836    8.438    9.195    9.272   10.430   11.416   11.937   12.384   12.419   12.968
   13.227   13.935   14.241   15.372   16.009   16.097   17.134   17.253   17.311   18.255
   18.677   19.766   20.050   20.560   20.664   21.178   21.350   21.616   21.729   21.834
            0.255102  0.147283  0.000000
  -74.149  -38.405  -38.357  -38.275  -13.880  -12.863   -5.538   -4.596   -3.975   -2.791
   -2.071   -1.773   -0.982    2.213    2.429    3.071    3.999    6.250    6.518    7.189
    7.827    8.460    9.151    9.259   10.320   11.416   11.947   12.325   12.371   13.017
   13.147   13.853   14.229   15.349   16.275   16.337   17.181   17.258   17.399   18.490
   18.598   19.914   20.161   20.688   20.760   21.225   21.248   21.665   21.879   21.945
            0.244898  0.141392  0.000000
  -74.150  -38.395  -38.359  -38.272  -13.945  -12.887   -5.555   -4.547   -3.892   -2.738
   -2.123   -1.738   -0.922    2.195    2.440    3.014    3.944    6.179    6.436    7.146
    7.819    8.464    9.102    9.270   10.219   11.395   11.966   12.239   12.328   13.064
   13.072   13.792   14.250   15.329   16.551   16.567   17.123   17.202   17.667   18.504
   18.734   20.053   20.234   20.820   20.875   21.110   21.323   21.702   22.028   22.062
            0.234694  0.135501  0.000000
  -74.150  -38.384  -38.360  -38.270  -14.009  -12.910   -5.584   -4.485   -3.807   -2.683
   -2.176   -1.702   -0.859    2.182    2.453    2.959    3.887    6.106    6.355    7.094
    7.802    8.451    9.053    9.306   10.129   11.353   11.996   12.162   12.260   13.004
   13.108   13.752   14.299   15.317   16.739   16.833   17.127   17.142   17.929   18.410
   18.980   20.176   20.238   20.956   21.006   21.048   21.402   21.719   22.111   22.144
            0.224490  0.129609  0.000000
  -74.151  -38.374  -38.362  -38.267  -14.071  -12.933   -5.623   -4.413   -3.723   -2.627
   -2.228   -1.667   -0.796    2.175    2.469    2.907    3.828    6.034    6.276    7.034
    7.772    8.422    9.008    9.361   10.050   11.289   12.035   12.094   12.171   12.940
   13.144   13.736   14.371   15.315   16.775   17.079   17.120   17.275   18.123   18.382
   19.215   20.168   20.277   21.061   21.094   21.139   21.485   21.710   22.097   22.191
            0.214286  0.123718  0.000000
  -74.151  -38.364  -38.363  -38.265  -14.132  -12.955   -5.668   -4.334   -3.638   -2.571
   -2.281   -1.634   -0.733    2.173    2.488    2.858    3.767    5.962    6.198    6.969
    7.722    8.382    8.975    9.431    9.980   11.210   12.033   12.067   12.082   12.883
   13.173   13.743   14.459   15.323   16.728   17.014   17.409   17.513   18.096   18.576
   19.408   20.079   20.357   21.129   21.234   21.236   21.572   21.714   22.124   22.173
            0.204082  0.117827  0.000000
  -74.152  -38.366  -38.353  -38.263  -14.192  -12.977   -5.718   -4.249   -3.553   -2.513
   -2.332   -1.602   -0.671    2.178    2.508    2.813    3.705    5.891    6.124    6.901
    7.651    8.334    8.958    9.506    9.919   11.121   11.954   11.978   12.133   12.831
   13.193   13.772   14.560   15.341   16.659   16.946   17.688   17.777   18.003   18.847
   19.464   20.093   20.416   21.221   21.252   21.376   21.664   21.793   22.125   22.181
            0.193878  0.111935  0.000000
  -74.152  -38.368  -38.343  -38.260  -14.249  -12.998   -5.770   -4.161   -3.469   -2.456
   -2.383   -1.572   -0.611    2.188    2.531    2.772    3.642    5.822    6.051    6.829
    7.560    8.283    8.956    9.580    9.866   11.032   11.835   11.926   12.186   12.785
   13.206   13.822   14.669   15.369   16.585   16.876   17.813   18.050   18.055   19.128
   19.351   20.265   20.454   21.211   21.318   21.519   21.761   21.936   22.070   22.262
            0.183673  0.106044  0.000000
  -74.153  -38.370  -38.334  -38.258  -14.305  -13.018   -5.824   -4.070   -3.385   -2.433
   -2.398   -1.544   -0.554    2.206    2.555    2.737    3.577    5.754    5.982    6.754
    7.455    8.229    8.970    9.643    9.819   10.953   11.712   11.875   12.239   12.744
   13.212   13.890   14.784   15.404   16.512   16.805   17.717   18.317   18.328   19.174
   19.405   20.472   20.504   21.165   21.402   21.663   21.862   22.018   22.091   22.366
            0.173469  0.100153  0.000000
  -74.153  -38.371  -38.324  -38.256  -14.358  -13.038   -5.879   -3.977   -3.301   -2.481
   -2.341   -1.521   -0.500    2.229    2.580    2.706    3.512    5.687    5.916    6.675
    7.341    8.175    8.994    9.683    9.780   10.896   11.589   11.827   12.286   12.709
   13.214   13.973   14.901   15.447   16.439   16.733   17.600   18.532   18.619   19.028
   19.666   20.481   20.763   21.146   21.456   21.808   21.967   21.977   22.224   22.498
            0.163265  0.094261  0.000000
  -74.154  -38.373  -38.315  -38.254  -14.409  -13.057   -5.933   -3.884   -3.218   -2.528
   -2.283   -1.501   -0.450    2.259    2.607    2.682    3.447    5.622    5.853    6.592
    7.224    8.122    9.025    9.692    9.748   10.872   11.468   11.782   12.327   12.678
   13.214   14.070   15.019   15.495   16.370   16.660   17.482   18.529   18.906   19.097
   19.882   20.512   21.017   21.162   21.471   21.950   21.952   22.077   22.329   22.648
            0.153061  0.088370  0.000000
  -74.154  -38.375  -38.306  -38.251  -14.458  -13.074   -5.986   -3.792   -3.136   -2.573
   -2.227   -1.485   -0.404    2.295    2.634    2.663    3.382    5.558    5.793    6.503
    7.110    8.070    9.057    9.665    9.727   10.886   11.348   11.741   12.356   12.653
   13.215   14.178   15.137   15.547   16.303   16.589   17.367   18.346   19.176   19.346
   20.016   20.616   21.208   21.219   21.486   21.930   22.094   22.191   22.412   22.733
            0.142857  0.082479  0.000000
  -74.154  -38.376  -38.297  -38.249  -14.504  -13.091   -6.037   -3.700   -3.055   -2.616
   -2.171   -1.474   -0.363    2.336    2.649    2.662    3.318    5.496    5.736    6.408
    7.003    8.020    9.088    9.603    9.718   10.934   11.233   11.706   12.373   12.631
   13.217   14.296   15.254   15.602   16.239   16.518   17.256   18.124   19.400   19.639
   20.093   20.790   21.202   21.325   21.611   21.935   22.233   22.309   22.480   22.787
            0.132653  0.076587  0.000000
  -74.155  -38.378  -38.289  -38.248  -14.547  -13.107   -6.086   -3.610   -2.974   -2.656
   -2.117   -1.468   -0.326    2.381    2.642    2.690    3.255    5.436    5.683    6.307
    6.907    7.973    9.111    9.517    9.724   11.005   11.122   11.680   12.375   12.614
   13.222   14.421   15.367   15.659   16.178   16.448   17.150   17.894   19.533   19.945
   20.205   20.974   21.078   21.491   21.689   22.055   22.366   22.431   22.538   22.900
            0.122449  0.070696  0.000000
  -74.155  -38.379  -38.282  -38.246  -14.587  -13.122   -6.133   -3.523   -2.895   -2.695
   -2.065   -1.467   -0.294    2.431    2.640    2.718    3.194    5.376    5.634    6.203
    6.821    7.928    9.126    9.415    9.746   11.016   11.084   11.670   12.364   12.600
   13.230   14.552   15.477   15.717   16.121   16.380   17.050   17.664   19.562   20.253
   20.391   20.917   21.141   21.674   21.717   22.276   22.487   22.557   22.589   23.061
            0.112245  0.064805  0.000000
  -74.156  -38.380  -38.275  -38.244  -14.625  -13.136   -6.176   -3.439   -2.817   -2.731
   -2.014   -1.472   -0.265    2.484    2.643    2.745    3.135    5.318    5.588    6.097
    6.746    7.887    9.130    9.305    9.783   10.916   11.158   11.682   12.340   12.590
   13.241   14.687   15.583   15.774   16.066   16.316   16.956   17.439   19.533   20.529
   20.610   20.774   21.307   21.636   21.979   22.517   22.590   22.641   22.688   23.260
            0.102041  0.058913  0.000000
  -74.156  -38.382  -38.268  -38.243  -14.660  -13.149   -6.217   -3.360   -2.764   -2.740
   -1.966   -1.482   -0.241    2.538    2.651    2.771    3.079    5.260    5.546    5.994
    6.681    7.848    9.126    9.192    9.834   10.823   11.212   11.727   12.305   12.583
   13.252   14.826   15.683   15.830   16.013   16.254   16.868   17.221   19.482   20.485
   20.817   20.943   21.494   21.597   22.243   22.665   22.712   22.752   22.822   23.493
            0.091837  0.053022  0.000000
  -74.156  -38.383  -38.262  -38.241  -14.691  -13.161   -6.255   -3.284   -2.794   -2.665
   -1.921   -1.497   -0.220    2.594    2.662    2.796    3.025    5.202    5.507    5.895
    6.625    7.813    9.081    9.116    9.894   10.737   11.240   11.805   12.262   12.578
   13.263   14.965   15.777   15.885   15.963   16.196   16.787   17.013   19.426   20.298
   20.991   21.248   21.569   21.712   22.458   22.705   22.848   22.959   22.976   23.579
            0.081633  0.047131  0.000000
  -74.156  -38.384  -38.256  -38.240  -14.720  -13.171   -6.288   -3.215   -2.822   -2.592
   -1.879   -1.517   -0.203    2.649    2.677    2.819    2.976    5.145    5.473    5.805
    6.576    7.782    8.975    9.102    9.961   10.659   11.248   11.907   12.212   12.575
   13.274   15.104   15.863   15.914   15.938   16.142   16.712   16.817   19.370   20.104
   21.132   21.466   21.645   21.951   22.593   22.711   23.083   23.099   23.191   23.657
            0.071429  0.041239  0.000000
  -74.157  -38.385  -38.251  -38.239  -14.745  -13.181   -6.319   -3.151   -2.847   -2.522
   -1.841   -1.541   -0.188    2.693    2.702    2.840    2.931    5.090    5.442    5.724
    6.535    7.754    8.875    9.087   10.031   10.589   11.245   12.022   12.158   12.574
   13.282   15.239   15.866   15.942   15.988   16.093   16.636   16.644   19.319   19.914
   21.248   21.467   21.947   22.174   22.692   22.714   23.242   23.371   23.400   23.766
            0.061224  0.035348  0.000000
  -74.157  -38.385  -38.247  -38.238  -14.767  -13.189   -6.345   -3.094   -2.868   -2.455
   -1.807   -1.569   -0.177    2.710    2.752    2.859    2.891    5.036    5.416    5.654
    6.499    7.729    8.786    9.071   10.100   10.528   11.236   12.103   12.141   12.574
   13.289   15.367   15.818   16.012   16.035   16.050   16.475   16.583   19.275   19.735
   21.346   21.445   22.278   22.332   22.661   22.896   23.387   23.606   23.670   23.897
            0.051020  0.029457  0.000000
  -74.157  -38.386  -38.243  -38.237  -14.786  -13.196   -6.368   -3.045   -2.886   -2.392
   -1.778   -1.599   -0.167    2.726    2.798    2.856    2.876    4.985    5.393    5.596
    6.470    7.708    8.707    9.056   10.167   10.475   11.226   12.049   12.256   12.574
   13.293   15.482   15.773   16.012   16.073   16.079   16.337   16.529   19.236   19.571
   21.424   21.429   22.418   22.613   22.625   23.151   23.533   23.812   23.956   24.039
            0.040816  0.023565  0.000000
  -74.157  -38.387  -38.240  -38.236  -14.801  -13.202   -6.386   -3.004   -2.902   -2.335
   -1.753   -1.630   -0.160    2.741    2.826    2.838    2.890    4.940    5.375    5.549
    6.446    7.691    8.640    9.043   10.228   10.432   11.215   11.999   12.361   12.576
   13.297   15.565   15.745   15.981   16.119   16.124   16.225   16.480   19.205   19.427
   21.405   21.498   22.463   22.590   22.948   23.447   23.678   24.018   24.188   24.212
            0.030612  0.017674  0.000000
  -74.157  -38.387  -38.238  -38.236  -14.813  -13.206   -6.401   -2.971   -2.913   -2.285
   -1.733   -1.659   -0.155    2.754    2.803    2.871    2.901    4.903    5.360    5.514
    6.428    7.678    8.587    9.033   10.280   10.398   11.207   11.955   12.451   12.577
   13.299   15.580   15.773   15.956   16.138   16.155   16.164   16.439   19.181   19.307
   21.391   21.554   22.489   22.559   23.280   23.757   23.818   24.225   24.335   24.431
            0.020408  0.011783  0.000000
  -74.157  -38.387  -38.236  -38.235  -14.822  -13.209   -6.411   -2.948   -2.922   -2.245
   -1.719   -1.684   -0.151    2.764    2.786    2.895    2.909    4.874    5.350    5.489
    6.415    7.669    8.548    9.025   10.320   10.373   11.200   11.921   12.520   12.578
   13.300   15.552   15.835   15.938   16.073   16.186   16.194   16.404   19.164   19.217
   21.381   21.594   22.505   22.536   23.603   23.945   24.066   24.426   24.472   24.617
            0.010204  0.005891  0.000000
  -74.157  -38.388  -38.235  -38.235  -14.827  -13.211   -6.417   -2.933   -2.927   -2.219
   -1.711   -1.701   -0.149    2.771    2.776    2.910    2.914    4.856    5.343    5.474
    6.407    7.663    8.525    9.020   10.345   10.359   11.196   11.900   12.564   12.579
   13.300   15.526   15.893   15.927   16.023   16.208   16.211   16.379   19.154   19.161
   21.375   21.619   22.514   22.522   23.902   24.043   24.357   24.535   24.578   24.714
            0.000000  0.000000  0.000000
  -74.157  -38.388  -38.235  -38.235  -14.829  -13.212   -6.419   -2.929   -2.929   -2.210
   -1.708   -1.708   -0.148    2.773    2.773    2.915    2.915    4.850    5.341    5.469
    6.404    7.661    8.517    9.018   10.354   10.354   11.194   11.892   12.579   12.579
   13.300   15.515   15.923   15.923   15.996   16.217   16.217   16.370   19.142   19.150
   21.373   21.627   22.517   22.517   24.083   24.083   24.420   24.604   24.621   24.621
