 &plot nbnd=  50, nks=   128 /
            0.000000  0.000000  0.000000
  -58.790  -45.382  -45.382  -45.382  -45.382  -45.330  -45.330  -45.330  -45.330  -45.311
  -45.309  -32.932  -32.766  -32.766  -12.101  -11.102   -3.289   -0.061   -0.061    0.251
    0.913    0.913    1.816    4.893    4.893    5.123    5.123    6.650    7.328    7.849
    9.048   10.495   11.118   12.622   12.962   12.962   14.355   15.010   15.010   16.253
   16.824   16.890   18.641   18.641   18.753   18.753   19.335   19.585   22.032   22.032
            0.006796  0.011771  0.000000
  -58.790  -45.382  -45.382  -45.382  -45.382  -45.330  -45.330  -45.330  -45.330  -45.311
  -45.309  -32.932  -32.767  -32.766  -12.099  -11.101   -3.286   -0.066   -0.059    0.243
    0.909    0.918    1.815    4.886    4.896    5.113    5.120    6.655    7.331    7.858
    9.051   10.508   11.120   12.610   12.968   12.970   14.355   14.968   15.012   16.274
   16.848   16.898   18.578   18.643   18.738   18.741   19.340   19.656   22.024   22.048
            0.013592  0.023542  0.000000
  -58.790  -45.382  -45.382  -45.382  -45.382  -45.330  -45.330  -45.330  -45.330  -45.311
  -45.309  -32.932  -32.768  -32.767  -12.094  -11.098   -3.279   -0.081   -0.054    0.220
    0.899    0.933    1.814    4.866    4.905    5.082    5.112    6.672    7.340    7.885
    9.063   10.545   11.128   12.577   12.984   12.992   14.358   14.857   15.018   16.322
   16.921   16.922   18.432   18.651   18.692   18.704   19.356   19.832   22.004   22.097
            0.020388  0.035313  0.000000
  -58.790  -45.382  -45.382  -45.382  -45.382  -45.331  -45.330  -45.330  -45.330  -45.311
  -45.309  -32.931  -32.769  -32.767  -12.084  -11.093   -3.268   -0.107   -0.044    0.183
    0.883    0.957    1.811    4.834    4.920    5.033    5.097    6.699    7.353    7.928
    9.082   10.606   11.141   12.527   13.006   13.028   14.360   14.701   15.028   16.370
   16.959   17.043   18.256   18.613   18.649   18.665   19.386   20.059   21.975   22.174
            0.027184  0.047084  0.000000
  -58.790  -45.382  -45.382  -45.382  -45.382  -45.331  -45.331  -45.330  -45.330  -45.311
  -45.309  -32.931  -32.772  -32.767  -12.071  -11.086   -3.251   -0.141   -0.031    0.137
    0.860    0.985    1.807    4.792    4.941    4.970    5.076    6.733    7.372    7.987
    9.109   10.689   11.160   12.466   13.030   13.078   14.364   14.521   15.041   16.403
   17.009   17.195   18.087   18.503   18.581   18.686   19.431   20.310   21.943   22.276
            0.033980  0.058854  0.000000
  -58.789  -45.382  -45.382  -45.382  -45.382  -45.331  -45.331  -45.330  -45.330  -45.311
  -45.309  -32.930  -32.774  -32.768  -12.055  -11.077   -3.231   -0.185   -0.015    0.083
    0.829    1.016    1.802    4.741    4.895    4.968    5.050    6.773    7.397    8.060
    9.144   10.789   11.186   12.396   13.055   13.139   14.330   14.367   15.057   16.422
   17.068   17.340   17.960   18.363   18.507   18.717   19.492   20.573   21.908   22.396
            0.040776  0.070625  0.000000
  -58.789  -45.382  -45.382  -45.382  -45.382  -45.331  -45.331  -45.330  -45.330  -45.311
  -45.309  -32.929  -32.778  -32.769  -12.035  -11.066   -3.206   -0.238    0.006    0.023
    0.792    1.048    1.795    4.684    4.812    5.000    5.018    6.817    7.426    8.143
    9.189   10.901   11.221   12.322   13.081   13.209   14.136   14.371   15.074   16.426
   17.132   17.410   17.937   18.198   18.432   18.761   19.570   20.841   21.870   22.473
            0.047571  0.082396  0.000000
  -58.789  -45.382  -45.382  -45.382  -45.381  -45.331  -45.331  -45.330  -45.330  -45.311
  -45.309  -32.928  -32.782  -32.770  -12.011  -11.053   -3.177   -0.298   -0.041    0.029
    0.746    1.080    1.786    4.624    4.724    4.981    5.036    6.864    7.460    8.236
    9.243   11.017   11.271   12.244   13.106   13.284   13.942   14.377   15.091   16.415
   17.195   17.377   18.016   18.037   18.364   18.827   19.665   21.105   21.820   22.215
            0.054367  0.094167  0.000000
  -58.788  -45.382  -45.382  -45.382  -45.381  -45.331  -45.331  -45.330  -45.330  -45.311
  -45.309  -32.927  -32.787  -32.771  -11.984  -11.038   -3.143   -0.366   -0.108    0.056
    0.694    1.109    1.774    4.563    4.634    4.939    5.077    6.914    7.499    8.334
    9.307   11.121   11.347   12.165   13.131   13.360   13.754   14.389   15.105   16.390
   17.243   17.311   17.829   18.177   18.308   18.930   19.776   21.348   21.744   21.984
            0.061163  0.105938  0.000000
  -58.788  -45.382  -45.382  -45.382  -45.381  -45.331  -45.331  -45.330  -45.330  -45.311
  -45.309  -32.926  -32.792  -32.772  -11.953  -11.021   -3.106   -0.439   -0.177    0.085
    0.633    1.137    1.760    4.503    4.543    4.892    5.122    6.967    7.543    8.436
    9.383   11.200   11.458   12.085   13.155   13.431   13.574   14.412   15.111   16.353
   17.245   17.259   17.665   18.274   18.293   19.081   19.901   21.478   21.616   21.860
            0.067959  0.117709  0.000000
  -58.787  -45.382  -45.382  -45.382  -45.381  -45.331  -45.331  -45.330  -45.330  -45.311
  -45.309  -32.925  -32.798  -32.774  -11.920  -11.003   -3.066   -0.519   -0.246    0.117
    0.565    1.161    1.742    4.446    4.454    4.842    5.170    7.022    7.591    8.539
    9.470   11.260   11.595   12.007   13.176   13.405   13.491   14.452   15.104   16.314
   17.147   17.233   17.572   18.268   18.368   19.281   20.038   21.362   21.413   21.594
            0.074755  0.129480  0.000000
  -58.787  -45.382  -45.382  -45.381  -45.381  -45.331  -45.331  -45.330  -45.330  -45.311
  -45.309  -32.924  -32.804  -32.775  -11.883  -10.983   -3.022   -0.603   -0.317    0.152
    0.489    1.181    1.721    4.367    4.394    4.788    5.221    7.081    7.644    8.640
    9.569   11.312   11.739   11.931   13.193   13.251   13.536   14.514   15.080   16.286
   16.958   17.232   17.542   18.297   18.405   19.515   20.179   21.154   21.175   21.348
            0.081551  0.141251  0.000000
  -58.786  -45.382  -45.382  -45.381  -45.381  -45.331  -45.331  -45.330  -45.330  -45.311
  -45.309  -32.922  -32.810  -32.777  -11.843  -10.961   -2.975   -0.691   -0.387    0.188
    0.406    1.198    1.696    4.285    4.347    4.732    5.274    7.142    7.701    8.740
    9.678   11.361   11.856   11.879   13.117   13.204   13.564   14.599   15.034   16.280
   16.731   17.252   17.524   18.360   18.413   19.761   20.304   20.875   20.994   21.123
            0.088347  0.153021  0.000000
  -58.786  -45.382  -45.382  -45.381  -45.381  -45.331  -45.331  -45.330  -45.330  -45.311
  -45.309  -32.921  -32.817  -32.779  -11.799  -10.937   -2.926   -0.782   -0.457    0.225
    0.316    1.211    1.667    4.208    4.308    4.674    5.329    7.206    7.763    8.837
    9.797   11.409   11.785   12.000   13.014   13.206   13.580   14.704   14.966   16.302
   16.492   17.286   17.502   18.395   18.452   19.998   20.354   20.597   20.839   20.973
            0.095143  0.164792  0.000000
  -58.785  -45.382  -45.382  -45.381  -45.381  -45.331  -45.331  -45.330  -45.330  -45.311
  -45.309  -32.919  -32.824  -32.781  -11.754  -10.912   -2.874   -0.875   -0.527    0.220
    0.263    1.220    1.635    4.136    4.275    4.616    5.385    7.274    7.828    8.931
    9.924   11.455   11.716   12.088   12.954   13.197   13.591   14.821   14.882   16.253
   16.352   17.332   17.476   18.357   18.567   20.181   20.239   20.329   20.708   20.977
            0.101939  0.176563  0.000000
  -58.784  -45.382  -45.382  -45.381  -45.381  -45.331  -45.331  -45.330  -45.330  -45.311
  -45.309  -32.917  -32.832  -32.783  -11.705  -10.886   -2.821   -0.968   -0.595    0.119
    0.301    1.225    1.599    4.070    4.250    4.558    5.441    7.345    7.898    9.023
   10.055   11.499   11.651   12.127   12.949   13.176   13.603   14.787   14.934   16.029
   16.426   17.385   17.449   18.303   18.699   20.006   20.075   20.254   20.544   21.071
            0.108735  0.188334  0.000000
  -58.784  -45.382  -45.382  -45.381  -45.381  -45.331  -45.331  -45.330  -45.330  -45.311
  -45.309  -32.916  -32.840  -32.786  -11.654  -10.858   -2.767   -1.062   -0.664    0.013
    0.338    1.226    1.561    4.010    4.233    4.502    5.496    7.420    7.972    9.114
   10.187   11.539   11.591   12.122   12.999   13.146   13.616   14.688   15.013   15.849
   16.515   17.423   17.439   18.239   18.843   19.746   19.817   20.232   20.324   21.139
            0.115531  0.200105  0.000000
  -58.783  -45.382  -45.382  -45.381  -45.380  -45.331  -45.331  -45.330  -45.330  -45.311
  -45.309  -32.914  -32.847  -32.788  -11.600  -10.829   -2.713   -1.155   -0.731   -0.095
    0.371    1.222    1.521    3.955    4.223    4.449    5.551    7.498    8.050    9.203
   10.315   11.538   11.571   12.091   13.083   13.110   13.633   14.590   15.004   15.765
   16.611   17.399   17.489   18.181   18.996   19.490   19.557   20.085   20.178   21.085
            0.122327  0.211876  0.000000
  -58.782  -45.382  -45.382  -45.381  -45.380  -45.331  -45.331  -45.330  -45.330  -45.311
  -45.309  -32.912  -32.855  -32.791  -11.544  -10.798   -2.660   -1.246   -0.799   -0.206
    0.401    1.214    1.482    3.905    4.221    4.400    5.605    7.580    8.131    9.293
   10.431   11.496   11.591   12.056   13.072   13.184   13.649   14.500   14.881   15.800
   16.698   17.380   17.527   18.149   19.130   19.257   19.311   19.846   20.115   20.900
            0.129122  0.223647  0.000000
  -58.781  -45.382  -45.382  -45.380  -45.380  -45.331  -45.331  -45.330  -45.330  -45.311
  -45.309  -32.910  -32.863  -32.794  -11.487  -10.767   -2.609   -1.332   -0.867   -0.316
    0.424    1.202    1.444    3.859    4.226    4.357    5.656    7.665    8.216    9.383
   10.525   11.473   11.595   12.033   13.038   13.289   13.661   14.419   14.694   15.907
   16.755   17.364   17.552   18.162   18.983   19.029   19.364   19.611   20.050   20.665
            0.135918  0.235418  0.000000
  -58.781  -45.382  -45.382  -45.380  -45.380  -45.331  -45.331  -45.330  -45.330  -45.311
  -45.308  -32.908  -32.871  -32.797  -11.427  -10.734   -2.561   -1.414   -0.937   -0.423
    0.438    1.186    1.410    3.817    4.237    4.320    5.705    7.754    8.305    9.474
   10.586   11.478   11.581   12.027   13.010   13.391   13.662   14.352   14.491   16.037
   16.758   17.351   17.579   18.226   18.760   18.781   19.386   19.538   19.983   20.423
            0.142714  0.247188  0.000000
  -58.780  -45.382  -45.382  -45.380  -45.380  -45.331  -45.331  -45.330  -45.330  -45.311
  -45.308  -32.906  -32.879  -32.800  -11.366  -10.701   -2.519   -1.487   -1.009   -0.526
    0.442    1.166    1.381    3.780    4.253    4.291    5.751    7.846    8.396    9.567
   10.605   11.517   11.556   12.038   12.991   13.487   13.638   14.302   14.304   16.169
   16.698   17.338   17.625   18.328   18.523   18.572   19.172   19.723   19.913   20.184
            0.149510  0.258959  0.000000
  -58.779  -45.382  -45.381  -45.380  -45.380  -45.331  -45.331  -45.330  -45.330  -45.311
  -45.308  -32.904  -32.887  -32.803  -11.304  -10.667   -2.485   -1.551   -1.087   -0.622
    0.434    1.141    1.361    3.747    4.268    4.275    5.794    7.941    8.490    9.660
   10.582   11.525   11.587   12.059   12.983   13.570   13.574   14.161   14.269   16.288
   16.585   17.316   17.684   18.281   18.405   18.448   18.978   19.849   19.909   19.952
            0.156306  0.270730  0.000000
  -58.778  -45.382  -45.381  -45.380  -45.380  -45.331  -45.331  -45.330  -45.330  -45.310
  -45.308  -32.902  -32.895  -32.807  -11.240  -10.633   -2.462   -1.602   -1.170   -0.708
    0.412    1.113    1.349    3.719    4.252    4.302    5.834    8.040    8.587    9.755
   10.526   11.495   11.678   12.085   12.987   13.445   13.653   14.079   14.255   16.386
   16.436   17.273   17.738   18.046   18.284   18.559   18.814   19.729   19.805   20.021
            0.163102  0.282501  0.000000
  -58.777  -45.382  -45.381  -45.380  -45.380  -45.331  -45.331  -45.330  -45.330  -45.310
  -45.308  -32.902  -32.900  -32.810  -11.176  -10.598   -2.452   -1.637   -1.261   -0.782
    0.376    1.081    1.346    3.697    4.242    4.332    5.870    8.143    8.686    9.850
   10.449   11.469   11.775   12.114   13.000   13.287   13.724   14.046   14.259   16.267
   16.454   17.200   17.761   17.820   18.213   18.614   18.710   19.518   19.808   19.892
            0.169898  0.294272  0.000000
  -58.777  -45.382  -45.381  -45.380  -45.380  -45.331  -45.331  -45.330  -45.330  -45.310
  -45.308  -32.909  -32.898  -32.814  -11.111  -10.563   -2.456   -1.656   -1.358   -0.845
    0.328    1.045    1.351    3.683    4.236    4.365    5.902    8.248    8.788    9.943
   10.359   11.449   11.866   12.144   12.998   13.149   13.791   14.037   14.279   16.085
   16.484   17.101   17.608   17.734   18.180   18.590   18.678   19.323   19.757   19.883
            0.176694  0.306043  0.000000
  -58.776  -45.382  -45.381  -45.380  -45.379  -45.331  -45.331  -45.330  -45.330  -45.310
  -45.308  -32.916  -32.896  -32.818  -11.045  -10.527   -2.473   -1.660   -1.459   -0.897
    0.269    1.006    1.361    3.678    4.234    4.401    5.930    8.356    8.891   10.026
   10.271   11.438   11.933   12.175   12.903   13.135   13.855   14.040   14.310   15.897
   16.465   16.991   17.418   17.651   18.154   18.584   18.622   19.141   19.663   20.025
            0.183490  0.317814  0.000000
  -58.775  -45.382  -45.381  -45.379  -45.379  -45.331  -45.331  -45.330  -45.330  -45.310
  -45.308  -32.923  -32.894  -32.822  -10.980  -10.492   -2.502   -1.651   -1.564   -0.940
    0.201    0.964    1.376    3.681    4.234    4.439    5.956    8.466    8.995   10.052
   10.234   11.436   11.958   12.207   12.795   13.191   13.918   14.048   14.351   15.707
   16.391   16.875   17.268   17.528   18.107   18.496   18.643   18.971   19.631   20.208
            0.190286  0.329585  0.000000
  -58.774  -45.382  -45.381  -45.379  -45.379  -45.331  -45.331  -45.330  -45.330  -45.310
  -45.308  -32.929  -32.892  -32.826  -10.915  -10.457   -2.537   -1.670   -1.632   -0.974
    0.126    0.918    1.395    3.694    4.237    4.477    5.978    8.577    9.102    9.978
   10.294   11.442   11.922   12.241   12.740   13.270   13.982   14.058   14.398   15.518
   16.270   16.735   17.176   17.384   18.025   18.356   18.711   18.809   19.664   20.394
            0.197082  0.341355  0.000000
  -58.774  -45.382  -45.381  -45.379  -45.379  -45.331  -45.331  -45.330  -45.330  -45.310
  -45.308  -32.934  -32.891  -32.830  -10.851  -10.422   -2.577   -1.775   -1.607   -1.001
    0.044    0.870    1.415    3.715    4.240    4.515    5.998    8.689    9.209    9.874
   10.382   11.457   11.831   12.279   12.742   13.365   14.044   14.067   14.450   15.333
   16.120   16.570   17.135   17.233   17.913   18.197   18.651   18.790   19.750   20.540
            0.203878  0.353126  0.000000
  -58.773  -45.381  -45.381  -45.379  -45.379  -45.331  -45.331  -45.330  -45.330  -45.310
  -45.308  -32.940  -32.889  -32.835  -10.788  -10.388   -2.618   -1.879   -1.579   -1.022
   -0.043    0.820    1.438    3.745    4.244    4.552    6.016    8.799    9.316    9.768
   10.471   11.480   11.711   12.321   12.782   13.472   14.076   14.102   14.505   15.155
   15.956   16.390   17.081   17.116   17.786   18.029   18.498   18.872   19.866   20.599
            0.210673  0.364897  0.000000
  -58.772  -45.381  -45.381  -45.379  -45.379  -45.331  -45.331  -45.330  -45.330  -45.310
  -45.308  -32.944  -32.887  -32.839  -10.727  -10.354   -2.658   -1.981   -1.550   -1.037
   -0.134    0.767    1.462    3.781    4.249    4.587    6.032    8.903    9.425    9.667
   10.551   11.512   11.590   12.370   12.840   13.587   14.084   14.150   14.557   14.996
   15.789   16.208   16.933   17.097   17.661   17.856   18.355   18.948   19.987   20.574
            0.217469  0.376668  0.000000
  -58.772  -45.381  -45.381  -45.379  -45.379  -45.331  -45.331  -45.330  -45.330  -45.310
  -45.308  -32.949  -32.886  -32.844  -10.666  -10.322   -2.695   -2.079   -1.521   -1.046
   -0.228    0.712    1.489    3.820    4.257    4.620    6.048    8.992    9.533    9.583
   10.610   11.490   11.552   12.425   12.907   13.706   14.092   14.182   14.584   14.882
   15.625   16.027   16.792   17.057   17.552   17.681   18.226   19.012   20.088   20.512
            0.224265  0.388439  0.000000
  -58.771  -45.381  -45.381  -45.379  -45.379  -45.331  -45.331  -45.330  -45.330  -45.310
  -45.308  -32.952  -32.884  -32.848  -10.608  -10.290   -2.728   -2.173   -1.495   -1.051
   -0.325    0.656    1.518    3.858    4.270    4.649    6.065    9.049    9.533    9.642
   10.634   11.434   11.600   12.487   12.976   13.821   14.103   14.183   14.547   14.867
   15.469   15.850   16.659   16.985   17.466   17.507   18.120   19.058   20.147   20.447
            0.231061  0.400210  0.000000
  -58.771  -45.381  -45.381  -45.379  -45.379  -45.332  -45.331  -45.330  -45.330  -45.310
  -45.308  -32.956  -32.883  -32.853  -10.553  -10.260   -2.755   -2.262   -1.471   -1.051
   -0.424    0.599    1.549    3.889    4.292    4.675    6.082    9.053    9.536    9.750
   10.616   11.435   11.654   12.557   13.045   13.913   14.130   14.138   14.482   14.927
   15.325   15.680   16.535   16.883   17.337   17.392   18.045   19.078   20.149   20.396
            0.237857  0.411981  0.000000
  -58.770  -45.381  -45.381  -45.379  -45.379  -45.332  -45.331  -45.330  -45.330  -45.310
  -45.307  -32.958  -32.881  -32.858  -10.500  -10.231   -2.776   -2.346   -1.450   -1.047
   -0.525    0.541    1.584    3.908    4.328    4.695    6.100    9.010    9.583    9.858
   10.567   11.487   11.715   12.633   13.114   13.955   14.042   14.195   14.442   15.015
   15.198   15.518   16.422   16.764   17.172   17.314   18.009   19.069   20.100   20.362
            0.244653  0.423752  0.000000
  -58.770  -45.381  -45.381  -45.379  -45.379  -45.332  -45.331  -45.330  -45.330  -45.310
  -45.307  -32.960  -32.880  -32.863  -10.450  -10.204   -2.789   -2.425   -1.434   -1.040
   -0.626    0.483    1.621    3.911    4.378    4.711    6.120    8.941    9.643    9.966
   10.515   11.574   11.782   12.714   13.179   13.917   13.945   14.291   14.422   15.091
   15.111   15.368   16.319   16.641   17.014   17.221   18.008   19.033   20.017   20.340
            0.251449  0.435522  0.000000
  -58.769  -45.381  -45.380  -45.379  -45.379  -45.332  -45.331  -45.330  -45.330  -45.310
  -45.307  -32.962  -32.879  -32.868  -10.403  -10.178   -2.796   -2.498   -1.421   -1.029
   -0.727    0.424    1.661    3.900    4.441    4.721    6.142    8.865    9.686   10.072
   10.486   11.683   11.852   12.799   13.240   13.784   13.903   14.391   14.409   15.005
   15.205   15.238   16.229   16.524   16.866   17.116   18.034   18.973   19.920   20.316
            0.258245  0.447293  0.000000
  -58.769  -45.381  -45.380  -45.379  -45.379  -45.332  -45.331  -45.330  -45.330  -45.310
  -45.307  -32.963  -32.878  -32.873  -10.359  -10.154   -2.794   -2.566   -1.414   -1.014
   -0.827    0.367    1.704    3.876    4.514    4.727    6.166    8.790    9.691   10.178
   10.500   11.804   11.925   12.885   13.295   13.658   13.840   14.399   14.476   14.929
   15.145   15.290   16.150   16.417   16.733   17.005   18.076   18.895   19.818   20.272
            0.265041  0.459064  0.000000
  -58.768  -45.381  -45.380  -45.379  -45.379  -45.332  -45.331  -45.330  -45.330  -45.310
  -45.307  -32.963  -32.878  -32.877  -10.320  -10.132   -2.785   -2.627   -1.413   -0.998
   -0.924    0.311    1.748    3.844    4.592    4.728    6.192    8.719    9.656   10.282
   10.564   11.932   11.997   12.965   13.338   13.546   13.764   14.390   14.532   14.845
   15.114   15.355   16.084   16.325   16.618   16.892   18.128   18.807   19.721   20.196
            0.271837  0.470835  0.000000
  -58.768  -45.381  -45.380  -45.379  -45.379  -45.332  -45.331  -45.330  -45.330  -45.310
  -45.307  -32.963  -32.883  -32.876  -10.284  -10.112   -2.767   -2.682   -1.419   -1.016
   -0.979    0.256    1.793    3.805    4.671    4.725    6.218    8.656    9.590   10.385
   10.666   12.064   12.064   13.030   13.363   13.464   13.687   14.386   14.550   14.757
   15.145   15.389   16.030   16.251   16.529   16.782   18.183   18.715   19.632   20.096
            0.278633  0.482606  0.000000
  -58.768  -45.381  -45.380  -45.379  -45.379  -45.332  -45.331  -45.330  -45.330  -45.310
  -45.307  -32.962  -32.888  -32.875  -10.252  -10.094   -2.741   -2.731   -1.435   -1.099
   -0.959    0.204    1.839    3.761    4.718    4.750    6.245    8.603    9.507   10.486
   10.792   12.122   12.196   13.059   13.354   13.433   13.626   14.390   14.535   14.675
   15.217   15.384   15.983   16.195   16.473   16.678   18.238   18.625   19.555   19.983
            0.285429  0.494377  0.000000
  -58.767  -45.381  -45.380  -45.379  -45.379  -45.332  -45.331  -45.330  -45.330  -45.310
  -45.307  -32.961  -32.892  -32.875  -10.224  -10.078   -2.773   -2.707   -1.467   -1.168
   -0.938    0.155    1.884    3.717    4.709    4.825    6.271    8.561    9.417   10.584
   10.932   12.164   12.324   13.049   13.304   13.461   13.594   14.405   14.500   14.605
   15.309   15.344   15.933   16.155   16.453   16.582   18.290   18.541   19.492   19.866
            0.292224  0.506148  0.000000
  -58.767  -45.381  -45.380  -45.379  -45.379  -45.332  -45.331  -45.330  -45.330  -45.310
  -45.307  -32.959  -32.897  -32.874  -10.200  -10.065   -2.809   -2.666   -1.517   -1.218
   -0.917    0.110    1.927    3.672    4.699    4.894    6.297    8.532    9.324   10.678
   11.079   12.185   12.441   13.022   13.230   13.528   13.579   14.435   14.462   14.542
   15.277   15.412   15.870   16.126   16.461   16.496   18.336   18.471   19.444   19.750
            0.299020  0.517919  0.000000
  -58.767  -45.380  -45.380  -45.379  -45.379  -45.332  -45.331  -45.331  -45.330  -45.310
  -45.307  -32.957  -32.902  -32.874  -10.180  -10.053   -2.840   -2.618   -1.582   -1.251
   -0.897    0.070    1.966    3.630    4.687    4.956    6.320    8.517    9.231   10.766
   11.228   12.186   12.539   12.999   13.155   13.568   13.613   14.421   14.477   14.492
   15.197   15.518   15.794   16.102   16.423   16.483   18.378   18.419   19.411   19.637
            0.305816  0.529689  0.000000
  -58.767  -45.380  -45.380  -45.379  -45.379  -45.332  -45.331  -45.331  -45.330  -45.309
  -45.307  -32.955  -32.906  -32.873  -10.164  -10.044   -2.864   -2.566   -1.655   -1.272
   -0.880    0.036    2.000    3.592    4.676    5.008    6.341    8.516    9.141   10.845
   11.371   12.169   12.604   12.982   13.096   13.560   13.709   14.361   14.473   14.526
   15.120   15.623   15.704   16.079   16.360   16.505   18.391   18.415   19.389   19.531
            0.312612  0.541460  0.000000
  -58.767  -45.380  -45.380  -45.379  -45.379  -45.332  -45.331  -45.331  -45.330  -45.309
  -45.307  -32.953  -32.910  -32.873  -10.152  -10.037   -2.882   -2.512   -1.728   -1.286
   -0.865    0.009    2.028    3.560    4.665    5.049    6.358    8.530    9.055   10.913
   11.502   12.144   12.632   12.971   13.059   13.561   13.813   14.290   14.478   14.564
   15.067   15.601   15.725   16.057   16.301   16.519   18.386   18.448   19.370   19.395
            0.319408  0.553231  0.000000
  -58.767  -45.380  -45.380  -45.379  -45.379  -45.332  -45.331  -45.331  -45.330  -45.309
  -45.307  -32.950  -32.914  -32.873  -10.144  -10.032   -2.895   -2.461   -1.793   -1.295
   -0.854   -0.011    2.049    3.536    4.657    5.079    6.370    8.557    8.978   10.965
   11.609   12.120   12.634   12.961   13.035   13.578   13.919   14.223   14.493   14.565
   15.067   15.487   15.819   16.043   16.236   16.524   18.400   18.474   19.203   19.353
            0.326204  0.565002  0.000000
  -58.767  -45.380  -45.380  -45.379  -45.379  -45.332  -45.331  -45.331  -45.330  -45.309
  -45.307  -32.948  -32.916  -32.873  -10.139  -10.029   -2.902   -2.422   -1.841   -1.301
   -0.847   -0.023    2.062    3.521    4.651    5.097    6.379    8.588    8.915   10.999
   11.679   12.103   12.630   12.953   13.015   13.603   14.012   14.173   14.508   14.532
   15.126   15.366   15.899   16.047   16.158   16.524   18.419   18.489   19.089   19.297
            0.333000  0.576773  0.000000
  -58.767  -45.380  -45.379  -45.379  -45.379  -45.332  -45.331  -45.331  -45.330  -45.309
  -45.307  -32.948  -32.917  -32.873  -10.137  -10.028   -2.905   -2.405   -1.860   -1.303
   -0.844   -0.027    2.066    3.516    4.649    5.103    6.382    8.606    8.886   11.010
   11.705   12.097   12.632   12.949   13.003   13.617   14.056   14.152   14.508   14.514
   15.204   15.268   15.944   16.075   16.085   16.522   18.430   18.493   19.050   19.275
            0.338759  0.566839  0.000000
  -58.767  -45.380  -45.380  -45.379  -45.379  -45.332  -45.331  -45.331  -45.330  -45.309
  -45.307  -32.948  -32.917  -32.873  -10.138  -10.029   -2.903   -2.417   -1.847   -1.301
   -0.846   -0.024    2.063    3.520    4.651    5.099    6.379    8.590    8.909   11.003
   11.689   12.100   12.626   12.953   13.015   13.606   14.022   14.165   14.510   14.525
   15.144   15.345   15.897   16.080   16.130   16.525   18.421   18.494   19.072   19.290
            0.344517  0.556904  0.000000
  -58.767  -45.380  -45.380  -45.379  -45.379  -45.332  -45.331  -45.331  -45.330  -45.309
  -45.307  -32.950  -32.915  -32.873  -10.141  -10.031   -2.899   -2.449   -1.812   -1.294
   -0.850   -0.017    2.055    3.529    4.656    5.088    6.373    8.551    8.969   10.982
   11.649   12.106   12.602   12.964   13.052   13.576   13.937   14.193   14.501   14.548
   15.101   15.448   15.801   16.127   16.190   16.535   18.395   18.503   19.126   19.329
            0.350276  0.546970  0.000000
  -58.767  -45.380  -45.380  -45.379  -45.379  -45.332  -45.331  -45.331  -45.330  -45.309
  -45.307  -32.952  -32.912  -32.873  -10.146  -10.034   -2.891   -2.495   -1.764   -1.280
   -0.856   -0.005    2.043    3.545    4.665    5.069    6.363    8.500    9.053   10.951
   11.591   12.111   12.561   12.983   13.102   13.539   13.823   14.211   14.504   14.536
   15.120   15.552   15.698   16.187   16.262   16.557   18.355   18.524   19.197   19.382
            0.356034  0.537035  0.000000
  -58.767  -45.380  -45.380  -45.379  -45.379  -45.332  -45.331  -45.331  -45.330  -45.309
  -45.307  -32.955  -32.908  -32.873  -10.153  -10.038   -2.882   -2.550   -1.712   -1.255
   -0.863    0.009    2.027    3.566    4.678    5.045    6.349    8.444    9.154   10.913
   11.521   12.111   12.508   13.005   13.144   13.508   13.699   14.189   14.484   14.542
   15.196   15.599   15.653   16.245   16.356   16.596   18.308   18.556   19.262   19.424
            0.361793  0.527101  0.000000
  -58.767  -45.380  -45.380  -45.379  -45.379  -45.332  -45.331  -45.331  -45.330  -45.309
  -45.307  -32.958  -32.904  -32.873  -10.161  -10.043   -2.870   -2.610   -1.664   -1.215
   -0.871    0.027    2.008    3.590    4.696    5.016    6.330    8.387    9.267   10.869
   11.444   12.104   12.448   13.016   13.155   13.496   13.585   14.127   14.411   14.616
   15.303   15.511   15.750   16.298   16.472   16.653   18.258   18.599   19.299   19.501
            0.367552  0.517166  0.000000
  -58.767  -45.380  -45.380  -45.379  -45.379  -45.332  -45.331  -45.331  -45.330  -45.309
  -45.307  -32.961  -32.900  -32.873  -10.170  -10.048   -2.857   -2.672   -1.627   -1.157
   -0.879    0.046    1.988    3.618    4.719    4.982    6.308    8.329    9.391   10.822
   11.362   12.091   12.385   12.984   13.126   13.498   13.513   14.045   14.333   14.715
   15.415   15.439   15.849   16.351   16.607   16.730   18.209   18.646   19.316   19.561
            0.373310  0.507232  0.000000
  -58.767  -45.381  -45.380  -45.379  -45.379  -45.332  -45.331  -45.330  -45.330  -45.310
  -45.307  -32.964  -32.895  -32.874  -10.180  -10.055   -2.842   -2.734   -1.602   -1.080
   -0.886    0.065    1.966    3.648    4.746    4.945    6.282    8.273    9.522   10.773
   11.277   12.071   12.319   12.886   13.069   13.491   13.508   13.966   14.260   14.829
   15.382   15.513   15.959   16.405   16.757   16.825   18.166   18.694   19.327   19.622
            0.379069  0.497298  0.000000
  -58.767  -45.381  -45.380  -45.379  -45.379  -45.332  -45.331  -45.330  -45.330  -45.310
  -45.307  -32.967  -32.890  -32.874  -10.191  -10.062   -2.827   -2.797   -1.587   -0.987
   -0.892    0.086    1.944    3.679    4.779    4.904    6.252    8.217    9.661   10.724
   11.189   12.046   12.252   12.735   12.992   13.449   13.553   13.912   14.198   14.949
   15.347   15.586   16.090   16.462   16.918   16.933   18.131   18.739   19.337   19.685
            0.384828  0.487363  0.000000
  -58.767  -45.381  -45.380  -45.379  -45.379  -45.332  -45.331  -45.330  -45.330  -45.310
  -45.307  -32.970  -32.885  -32.874  -10.203  -10.069   -2.858   -2.811   -1.581   -0.897
   -0.882    0.106    1.922    3.711    4.817    4.862    6.220    8.163    9.805   10.674
   11.101   12.017   12.185   12.555   12.902   13.373   13.615   13.885   14.157   15.055
   15.346   15.633   16.243   16.524   17.047   17.090   18.110   18.778   19.347   19.749
            0.390586  0.477429  0.000000
  -58.767  -45.381  -45.380  -45.379  -45.379  -45.332  -45.331  -45.330  -45.330  -45.310
  -45.307  -32.973  -32.880  -32.875  -10.215  -10.077   -2.918   -2.794   -1.581   -0.899
   -0.767    0.125    1.901    3.743    4.818    4.861    6.185    8.110    9.954   10.626
   11.012   11.985   12.117   12.361   12.800   13.278   13.667   13.875   14.150   15.110
   15.414   15.662   16.409   16.592   17.162   17.269   18.109   18.810   19.357   19.817
            0.396345  0.467494  0.000000
  -58.768  -45.381  -45.380  -45.379  -45.379  -45.332  -45.331  -45.330  -45.330  -45.310
  -45.307  -32.976  -32.875  -32.875  -10.228  -10.086   -2.976   -2.777   -1.584   -0.899
   -0.647    0.143    1.880    3.774    4.773    4.910    6.147    8.059   10.104   10.579
   10.923   11.950   12.048   12.160   12.688   13.181   13.688   13.869   14.190   15.113
   15.547   15.679   16.582   16.665   17.271   17.452   18.135   18.834   19.366   19.886
            0.402103  0.457560  0.000000
  -58.768  -45.381  -45.380  -45.379  -45.379  -45.332  -45.331  -45.330  -45.330  -45.310
  -45.307  -32.979  -32.875  -32.870  -10.241  -10.094   -3.032   -2.761   -1.590   -0.896
   -0.522    0.160    1.861    3.804    4.728    4.964    6.107    8.010   10.252   10.534
   10.838   11.902   11.968   11.978   12.570   13.093   13.678   13.862   14.274   15.093
   15.691   15.709   16.745   16.751   17.372   17.637   18.193   18.852   19.373   19.957
            0.407862  0.447626  0.000000
  -58.768  -45.381  -45.381  -45.379  -45.378  -45.332  -45.331  -45.330  -45.330  -45.310
  -45.307  -32.982  -32.876  -32.866  -10.254  -10.103   -3.086   -2.746   -1.598   -0.891
   -0.393    0.174    1.842    3.832    4.684    5.023    6.067    7.962   10.387   10.490
   10.766   11.738   11.892   11.907   12.452   13.014   13.649   13.852   14.386   15.065
   15.702   15.884   16.832   16.904   17.472   17.819   18.286   18.865   19.381   20.028
            0.413621  0.437691  0.000000
  -58.768  -45.381  -45.381  -45.378  -45.378  -45.332  -45.331  -45.330  -45.330  -45.310
  -45.307  -32.985  -32.876  -32.861  -10.267  -10.111   -3.137   -2.731   -1.608   -0.884
   -0.262    0.187    1.824    3.859    4.640    5.087    6.025    7.916   10.448   10.467
   10.747   11.536   11.835   11.856   12.340   12.944   13.611   13.839   14.511   15.032
   15.717   16.062   16.925   17.023   17.589   17.990   18.410   18.878   19.394   20.101
            0.419379  0.427757  0.000000
  -58.768  -45.381  -45.381  -45.378  -45.378  -45.332  -45.331  -45.330  -45.330  -45.310
  -45.307  -32.987  -32.876  -32.856  -10.279  -10.119   -3.186   -2.716   -1.618   -0.873
   -0.131    0.198    1.807    3.882    4.598    5.155    5.983    7.871   10.408   10.441
   10.829   11.335   11.762   11.823   12.240   12.884   13.570   13.824   14.638   14.995
   15.741   16.238   17.025   17.099   17.739   18.138   18.556   18.899   19.417   20.173
            0.425138  0.417822  0.000000
  -58.768  -45.381  -45.381  -45.378  -45.378  -45.332  -45.331  -45.330  -45.330  -45.310
  -45.307  -32.990  -32.877  -32.852  -10.292  -10.128   -3.231   -2.703   -1.628   -0.861
    0.001    0.207    1.791    3.903    4.559    5.227    5.942    7.829   10.363   10.368
   10.956   11.138   11.694   11.791   12.153   12.831   13.529   13.807   14.761   14.956
   15.778   16.407   17.134   17.137   17.920   18.245   18.718   18.945   19.458   20.244
            0.430897  0.407888  0.000000
  -58.768  -45.382  -45.381  -45.378  -45.378  -45.332  -45.331  -45.330  -45.330  -45.310
  -45.307  -32.992  -32.877  -32.848  -10.304  -10.136   -3.274   -2.692   -1.638   -0.846
    0.133    0.213    1.775    3.920    4.521    5.302    5.902    7.788   10.268   10.329
   10.948   11.081   11.639   11.761   12.081   12.785   13.490   13.789   14.871   14.913
   15.835   16.563   17.150   17.251   18.123   18.298   18.890   19.025   19.521   20.314
            0.436655  0.397954  0.000000
  -58.769  -45.382  -45.381  -45.378  -45.378  -45.332  -45.331  -45.330  -45.330  -45.310
  -45.307  -32.994  -32.877  -32.844  -10.315  -10.143   -3.314   -2.681   -1.649   -0.830
    0.218    0.263    1.758    3.934    4.488    5.378    5.863    7.750   10.169   10.288
   10.768   11.176   11.615   11.733   12.024   12.747   13.454   13.771   14.867   14.962
   15.917   16.701   17.150   17.375   18.306   18.340   19.066   19.136   19.612   20.381
            0.442414  0.388019  0.000000
  -58.769  -45.382  -45.381  -45.378  -45.378  -45.332  -45.331  -45.330  -45.330  -45.310
  -45.307  -32.996  -32.878  -32.840  -10.326  -10.150   -3.350   -2.672   -1.659   -0.812
    0.221    0.390    1.741    3.945    4.458    5.454    5.829    7.713   10.068   10.241
   10.605   11.216   11.641   11.706   11.986   12.717   13.420   13.752   14.817   15.032
   16.025   16.820   17.143   17.497   18.292   18.566   19.239   19.260   19.731   20.437
            0.448172  0.378085  0.000000
  -58.769  -45.382  -45.381  -45.378  -45.378  -45.332  -45.331  -45.330  -45.330  -45.310
  -45.307  -32.998  -32.878  -32.837  -10.336  -10.157   -3.384   -2.663   -1.669   -0.793
    0.221    0.515    1.723    3.951    4.432    5.526    5.800    7.678    9.970   10.178
   10.468   11.205   11.682   11.699   11.976   12.696   13.389   13.734   14.764   15.082
   16.159   16.918   17.131   17.598   18.291   18.796   19.387   19.400   19.874   20.391
            0.453931  0.368150  0.000000
  -58.769  -45.382  -45.381  -45.378  -45.378  -45.332  -45.331  -45.331  -45.330  -45.310
  -45.307  -33.000  -32.878  -32.834  -10.345  -10.163   -3.414   -2.656   -1.678   -0.774
    0.221    0.635    1.702    3.954    4.410    5.588    5.785    7.646    9.876   10.088
   10.372   11.171   11.660   11.739   12.012   12.688   13.361   13.716   14.708   15.115
   16.313   16.999   17.119   17.654   18.335   19.027   19.512   19.530   20.027   20.249
            0.459690  0.358216  0.000000
  -58.769  -45.382  -45.381  -45.378  -45.378  -45.332  -45.331  -45.331  -45.330  -45.310
  -45.307  -33.001  -32.878  -32.831  -10.353  -10.169   -3.440   -2.650   -1.686   -0.755
    0.219    0.751    1.679    3.954    4.392    5.624    5.795    7.616    9.788    9.975
   10.313   11.131   11.641   11.746   12.084   12.695   13.336   13.699   14.649   15.136
   16.482   17.063   17.106   17.656   18.436   19.250   19.593   19.638   20.155   20.174
            0.465448  0.348282  0.000000
  -58.769  -45.382  -45.381  -45.378  -45.378  -45.332  -45.331  -45.331  -45.330  -45.310
  -45.307  -33.002  -32.879  -32.828  -10.360  -10.174   -3.463   -2.645   -1.694   -0.737
    0.217    0.862    1.652    3.952    4.378    5.630    5.835    7.589    9.708    9.856
   10.276   11.093   11.624   11.737   12.161   12.724   13.315   13.683   14.588   15.149
   16.661   17.095   17.114   17.620   18.577   19.396   19.615   19.763   20.153   20.294
            0.471207  0.338347  0.000000
  -58.769  -45.382  -45.381  -45.378  -45.378  -45.332  -45.331  -45.331  -45.330  -45.310
  -45.307  -33.003  -32.879  -32.826  -10.367  -10.178   -3.483   -2.641   -1.700   -0.721
    0.214    0.966    1.622    3.948    4.368    5.620    5.889    7.566    9.638    9.744
   10.251   11.058   11.609   11.723   12.222   12.776   13.297   13.667   14.526   15.157
   16.842   17.088   17.152   17.571   18.737   19.311   19.785   19.882   20.208   20.381
            0.476966  0.328413  0.000000
  -58.769  -45.382  -45.381  -45.378  -45.378  -45.332  -45.331  -45.331  -45.330  -45.310
  -45.307  -33.004  -32.879  -32.825  -10.372  -10.182   -3.499   -2.638   -1.706   -0.706
    0.211    1.064    1.586    3.943    4.360    5.606    5.942    7.546    9.579    9.645
   10.233   11.030   11.597   11.710   12.262   12.846   13.282   13.652   14.465   15.161
   17.004   17.101   17.178   17.521   18.899   19.145   19.981   20.001   20.268   20.457
            0.482724  0.318478  0.000000
  -58.769  -45.382  -45.381  -45.378  -45.378  -45.332  -45.331  -45.331  -45.330  -45.310
  -45.307  -33.005  -32.879  -32.823  -10.376  -10.184   -3.512   -2.635   -1.710   -0.694
    0.208    1.155    1.545    3.938    4.354    5.594    5.989    7.529    9.532    9.564
   10.220   11.007   11.588   11.699   12.285   12.923   13.271   13.638   14.410   15.163
   17.049   17.195   17.226   17.480   18.969   19.051   20.045   20.210   20.318   20.551
            0.488483  0.308544  0.000000
  -58.769  -45.382  -45.381  -45.378  -45.378  -45.332  -45.331  -45.331  -45.330  -45.310
  -45.307  -33.005  -32.879  -32.822  -10.379  -10.186   -3.521   -2.633   -1.713   -0.685
    0.205    1.239    1.498    3.934    4.351    5.584    6.024    7.518    9.497    9.504
   10.211   10.991   11.581   11.690   12.298   12.992   13.263   13.625   14.364   15.164
   17.050   17.203   17.378   17.450   18.809   19.179   20.070   20.338   20.410   20.671
            0.494241  0.298610  0.000000
  -58.769  -45.382  -45.381  -45.378  -45.378  -45.332  -45.331  -45.331  -45.330  -45.310
  -45.307  -33.006  -32.879  -32.822  -10.381  -10.188   -3.526   -2.632   -1.715   -0.680
    0.204    1.314    1.445    3.932    4.349    5.578    6.046    7.510    9.467    9.477
   10.206   10.982   11.577   11.685   12.303   13.041   13.258   13.616   14.333   15.164
   17.048   17.205   17.434   17.493   18.689   19.267   20.072   20.362   20.544   20.793
            0.500000  0.288675  0.000000
  -58.769  -45.382  -45.381  -45.378  -45.378  -45.332  -45.331  -45.331  -45.330  -45.310
  -45.307  -33.006  -32.879  -32.822  -10.381  -10.188   -3.528   -2.632   -1.716   -0.678
    0.203    1.375    1.391    3.931    4.348    5.576    6.054    7.508    9.454    9.470
   10.205   10.979   11.576   11.684   12.305   13.058   13.256   13.612   14.323   15.164
   17.047   17.206   17.429   17.537   18.643   19.299   20.069   20.369   20.596   20.847
            0.489796  0.282784  0.000000
  -58.769  -45.382  -45.381  -45.378  -45.378  -45.332  -45.331  -45.331  -45.330  -45.310
  -45.307  -33.005  -32.879  -32.821  -10.384  -10.189   -3.525   -2.629   -1.716   -0.676
    0.204    1.372    1.390    3.931    4.346    5.573    6.053    7.516    9.453    9.465
   10.204   10.969   11.575   11.680   12.323   13.063   13.263   13.602   14.341   15.162
   17.052   17.177   17.454   17.535   18.650   19.299   20.065   20.356   20.584   20.842
            0.479592  0.276892  0.000000
  -58.769  -45.382  -45.381  -45.378  -45.378  -45.332  -45.331  -45.331  -45.330  -45.310
  -45.307  -33.005  -32.879  -32.821  -10.391  -10.193   -3.514   -2.620   -1.715   -0.673
    0.206    1.365    1.386    3.931    4.339    5.567    6.052    7.541    9.448    9.449
   10.202   10.939   11.575   11.673   12.373   13.076   13.283   13.577   14.393   15.154
   17.067   17.111   17.508   17.529   18.669   19.298   20.053   20.319   20.549   20.829
            0.469388  0.271001  0.000000
  -58.769  -45.382  -45.381  -45.378  -45.378  -45.332  -45.331  -45.331  -45.330  -45.310
  -45.307  -33.003  -32.880  -32.821  -10.403  -10.199   -3.497   -2.605   -1.714   -0.667
    0.210    1.352    1.379    3.932    4.328    5.556    6.049    7.582    9.424    9.441
   10.197   10.892   11.575   11.666   12.447   13.099   13.314   13.545   14.469   15.144
   17.032   17.091   17.518   17.567   18.699   19.295   20.030   20.258   20.497   20.810
            0.459184  0.265110  0.000000
  -58.770  -45.382  -45.381  -45.378  -45.378  -45.332  -45.331  -45.331  -45.330  -45.310
  -45.307  -33.002  -32.880  -32.821  -10.419  -10.207   -3.474   -2.584   -1.712   -0.659
    0.215    1.335    1.370    3.933    4.313    5.540    6.045    7.638    9.390    9.431
   10.189   10.832   11.579   11.662   12.537   13.131   13.355   13.517   14.563   15.131
   16.948   17.124   17.503   17.623   18.737   19.289   19.996   20.174   20.434   20.791
            0.448980  0.259218  0.000000
  -58.770  -45.382  -45.381  -45.378  -45.378  -45.332  -45.331  -45.331  -45.330  -45.310
  -45.307  -33.000  -32.881  -32.820  -10.440  -10.217   -3.444   -2.557   -1.711   -0.648
    0.222    1.314    1.358    3.934    4.295    5.520    6.041    7.709    9.348    9.420
   10.177   10.762   11.587   11.659   12.632   13.172   13.402   13.502   14.667   15.119
   16.862   17.167   17.483   17.672   18.778   19.278   19.949   20.076   20.363   20.779
            0.438776  0.253327  0.000000
  -58.770  -45.382  -45.381  -45.378  -45.378  -45.332  -45.331  -45.331  -45.330  -45.310
  -45.307  -32.997  -32.881  -32.820  -10.465  -10.230   -3.408   -2.525   -1.709   -0.635
    0.231    1.290    1.343    3.936    4.273    5.496    6.035    7.793    9.300    9.408
   10.160   10.685   11.602   11.657   12.727   13.221   13.451   13.506   14.778   15.112
   16.777   17.217   17.458   17.711   18.815   19.258   19.891   19.974   20.284   20.686
            0.428571  0.247436  0.000000
  -58.770  -45.382  -45.381  -45.378  -45.378  -45.331  -45.331  -45.331  -45.330  -45.310
  -45.307  -32.994  -32.882  -32.819  -10.494  -10.245   -3.366   -2.487   -1.708   -0.619
    0.241    1.263    1.325    3.939    4.250    5.468    6.028    7.888    9.245    9.394
   10.138   10.605   11.625   11.652   12.814   13.278   13.498   13.538   14.892   15.113
   16.693   17.275   17.428   17.737   18.837   19.225   19.827   19.882   20.199   20.584
            0.418367  0.241545  0.000000
  -58.771  -45.382  -45.381  -45.378  -45.378  -45.331  -45.331  -45.331  -45.330  -45.310
  -45.307  -32.991  -32.883  -32.818  -10.527  -10.261   -3.319   -2.444   -1.708   -0.602
    0.253    1.236    1.304    3.943    4.224    5.435    6.019    7.993    9.186    9.379
   10.114   10.524   11.643   11.655   12.891   13.343   13.541   13.599   15.005   15.124
   16.615   17.339   17.393   17.750   18.830   19.174   19.762   19.815   20.111   20.486
            0.408163  0.235653  0.000000
  -58.771  -45.382  -45.381  -45.378  -45.378  -45.331  -45.331  -45.331  -45.330  -45.310
  -45.308  -32.987  -32.883  -32.817  -10.563  -10.280   -3.267   -2.396   -1.708   -0.582
    0.267    1.209    1.281    3.948    4.197    5.399    6.010    8.106    9.125    9.361
   10.089   10.444   11.628   11.693   12.958   13.415   13.575   13.689   15.113   15.151
   16.544   17.351   17.408   17.749   18.783   19.099   19.702   19.781   20.028   20.401
            0.397959  0.229762  0.000000
  -58.771  -45.382  -45.381  -45.378  -45.378  -45.331  -45.331  -45.331  -45.330  -45.310
  -45.308  -32.982  -32.884  -32.816  -10.602  -10.300   -3.211   -2.343   -1.709   -0.559
    0.283    1.182    1.255    3.955    4.169    5.358    5.999    8.224    9.062    9.340
   10.066   10.366   11.605   11.737   13.018   13.495   13.600   13.800   15.195   15.211
   16.484   17.303   17.478   17.736   18.695   18.997   19.652   19.760   19.975   20.339
            0.387755  0.223871  0.000000
  -58.772  -45.382  -45.381  -45.379  -45.378  -45.331  -45.331  -45.331  -45.330  -45.310
  -45.308  -32.978  -32.885  -32.815  -10.645  -10.321   -3.150   -2.286   -1.712   -0.535
    0.300    1.157    1.227    3.963    4.141    5.314    5.987    8.342    9.003    9.313
   10.049   10.290   11.576   11.785   13.075   13.581   13.614   13.924   15.257   15.296
   16.439   17.250   17.545   17.715   18.580   18.868   19.613   19.707   19.991   20.302
            0.377551  0.217979  0.000000
  -58.772  -45.382  -45.381  -45.379  -45.378  -45.331  -45.331  -45.331  -45.330  -45.310
  -45.308  -32.972  -32.887  -32.814  -10.690  -10.345   -3.087   -2.224   -1.716   -0.508
    0.320    1.135    1.196    3.974    4.112    5.267    5.974    8.452    8.956    9.279
   10.040   10.218   11.541   11.836   13.133   13.618   13.673   14.055   15.338   15.364
   16.412   17.190   17.596   17.690   18.458   18.716   19.586   19.623   20.066   20.280
            0.367347  0.212088  0.000000
  -58.773  -45.382  -45.381  -45.379  -45.379  -45.331  -45.331  -45.331  -45.330  -45.310
  -45.308  -32.967  -32.888  -32.813  -10.737  -10.369   -3.021   -2.159   -1.721   -0.480
    0.341    1.117    1.163    3.986    4.084    5.217    5.959    8.533    8.940    9.237
   10.041   10.149   11.501   11.888   13.192   13.615   13.770   14.181   15.416   15.435
   16.404   17.124   17.615   17.672   18.356   18.545   19.529   19.568   20.170   20.173
            0.357143  0.206197  0.000000
  -58.773  -45.382  -45.381  -45.379  -45.379  -45.331  -45.331  -45.331  -45.330  -45.310
  -45.308  -32.961  -32.889  -32.811  -10.786  -10.395   -2.954   -2.090   -1.728   -0.449
    0.365    1.103    1.127    4.000    4.056    5.164    5.943    8.557    8.981    9.186
   10.055   10.085   11.459   11.939   13.252   13.608   13.873   14.293   15.460   15.546
   16.410   17.052   17.577   17.667   18.302   18.361   19.438   19.558   20.068   20.297
            0.346939  0.200305  0.000000
  -58.774  -45.382  -45.381  -45.379  -45.379  -45.331  -45.331  -45.331  -45.330  -45.310
  -45.308  -32.955  -32.890  -32.810  -10.837  -10.421   -2.886   -2.018   -1.735   -0.416
    0.391    1.090    1.094    4.017    4.029    5.110    5.925    8.527    9.076    9.127
   10.025   10.082   11.414   11.986   13.312   13.600   13.979   14.379   15.511   15.669
   16.423   16.974   17.474   17.686   18.169   18.304   19.355   19.551   19.974   20.363
            0.336735  0.194414  0.000000
  -58.774  -45.382  -45.381  -45.379  -45.379  -45.331  -45.331  -45.331  -45.330  -45.310
  -45.308  -32.949  -32.892  -32.808  -10.889  -10.449   -2.820   -1.943   -1.742   -0.381
    0.419    1.050    1.092    4.004    4.036    5.053    5.905    8.470    9.062    9.195
    9.972   10.121   11.368   12.027   13.370   13.595   14.088   14.428   15.584   15.798
   16.434   16.892   17.330   17.734   17.972   18.338   19.291   19.546   19.888   20.415
            0.326531  0.188523  0.000000
  -58.775  -45.382  -45.381  -45.379  -45.379  -45.331  -45.331  -45.331  -45.330  -45.310
  -45.308  -32.942  -32.893  -32.807  -10.943  -10.477   -2.755   -1.865   -1.748   -0.345
    0.449    1.008    1.095    3.980    4.057    4.995    5.884    8.400    8.991    9.318
    9.928   10.171   11.322   12.060   13.425   13.595   14.199   14.436   15.689   15.926
   16.440   16.806   17.168   17.775   17.813   18.378   19.254   19.539   19.809   20.477
            0.316327  0.182631  0.000000
  -58.775  -45.382  -45.382  -45.379  -45.379  -45.331  -45.331  -45.331  -45.330  -45.310
  -45.308  -32.935  -32.895  -32.805  -10.997  -10.505   -2.696   -1.786   -1.751   -0.306
    0.482    0.965    1.104    3.957    4.081    4.936    5.862    8.325    8.916    9.430
    9.901   10.231   11.278   12.083   13.473   13.604   14.311   14.409   15.824   16.041
   16.444   16.716   17.014   17.579   17.922   18.401   19.257   19.530   19.738   20.548
            0.306122  0.176740  0.000000
  -58.776  -45.382  -45.382  -45.379  -45.379  -45.331  -45.331  -45.331  -45.330  -45.310
  -45.308  -32.928  -32.896  -32.803  -11.052  -10.534   -2.643   -1.749   -1.705   -0.266
    0.517    0.921    1.119    3.938    4.108    4.877    5.838    8.247    8.839    9.511
    9.906   10.301   11.235   12.095   13.514   13.623   14.360   14.423   15.976   16.116
   16.452   16.624   16.899   17.387   18.056   18.397   19.304   19.516   19.673   20.626
            0.295918  0.170849  0.000000
  -58.777  -45.382  -45.382  -45.379  -45.379  -45.331  -45.331  -45.331  -45.330  -45.310
  -45.308  -32.921  -32.898  -32.802  -11.107  -10.564   -2.599   -1.739   -1.622   -0.224
    0.554    0.875    1.140    3.921    4.136    4.818    5.812    8.168    8.760    9.542
    9.958   10.379   11.194   12.096   13.543   13.652   14.300   14.531   16.110   16.124
   16.486   16.529   16.869   17.203   18.209   18.368   19.391   19.498   19.613   20.712
            0.285714  0.164957  0.000000
  -58.777  -45.382  -45.382  -45.380  -45.379  -45.331  -45.331  -45.331  -45.330  -45.310
  -45.308  -32.914  -32.900  -32.800  -11.162  -10.593   -2.567   -1.720   -1.539   -0.181
    0.592    0.828    1.166    3.907    4.167    4.760    5.784    8.089    8.680    9.532
   10.045   10.465   11.158   12.086   13.557   13.689   14.241   14.634   16.014   16.229
   16.435   16.583   16.932   17.029   18.324   18.375   19.478   19.509   19.558   20.803
            0.275510  0.159066  0.000000
  -58.778  -45.382  -45.382  -45.380  -45.379  -45.331  -45.331  -45.331  -45.330  -45.310
  -45.308  -32.906  -32.901  -32.798  -11.217  -10.622   -2.548   -1.689   -1.455   -0.136
    0.633    0.781    1.198    3.897    4.200    4.704    5.755    8.011    8.600    9.500
   10.143   10.557   11.126   12.066   13.553   13.734   14.193   14.728   15.867   16.279
   16.339   16.751   16.869   17.051   18.277   18.544   19.460   19.507   19.649   20.901
            0.265306  0.153175  0.000000
  -58.779  -45.382  -45.382  -45.380  -45.380  -45.331  -45.331  -45.331  -45.330  -45.310
  -45.308  -32.903  -32.899  -32.797  -11.272  -10.652   -2.543   -1.646   -1.371   -0.090
    0.675    0.733    1.233    3.890    4.235    4.650    5.724    7.934    8.520    9.457
   10.236   10.655   11.103   12.038   13.531   13.780   14.159   14.806   15.702   16.245
   16.306   16.731   16.961   17.187   18.238   18.704   19.456   19.459   19.803   21.003
            0.255102  0.147283  0.000000
  -58.779  -45.382  -45.382  -45.380  -45.380  -45.331  -45.331  -45.331  -45.330  -45.311
  -45.308  -32.905  -32.891  -32.795  -11.326  -10.681   -2.550   -1.592   -1.287   -0.042
    0.685    0.718    1.271    3.889    4.273    4.598    5.691    7.857    8.441    9.408
   10.312   10.757   11.092   12.004   13.496   13.823   14.141   14.863   15.541   16.152
   16.330   16.619   17.191   17.318   18.221   18.832   19.414   19.486   19.967   21.111
            0.244898  0.141392  0.000000
  -58.780  -45.382  -45.382  -45.380  -45.380  -45.331  -45.331  -45.331  -45.330  -45.311
  -45.308  -32.906  -32.883  -32.793  -11.380  -10.710   -2.568   -1.528   -1.203    0.006
    0.637    0.762    1.312    3.892    4.312    4.549    5.657    7.783    8.363    9.357
   10.361   10.863   11.099   11.966   13.453   13.855   14.135   14.892   15.396   16.061
   16.358   16.541   17.420   17.433   18.245   18.900   19.370   19.578   20.138   21.224
            0.234694  0.135501  0.000000
  -58.781  -45.382  -45.382  -45.380  -45.380  -45.331  -45.331  -45.330  -45.330  -45.311
  -45.308  -32.908  -32.876  -32.791  -11.432  -10.738   -2.595   -1.457   -1.120    0.055
    0.590    0.806    1.355    3.901    4.352    4.505    5.621    7.710    8.287    9.303
   10.378   10.971   11.126   11.925   13.409   13.865   14.137   14.886   15.281   15.973
   16.394   16.504   17.475   17.682   18.325   18.907   19.328   19.734   20.311   21.231
            0.224490  0.129609  0.000000
  -58.781  -45.382  -45.382  -45.380  -45.380  -45.331  -45.331  -45.330  -45.330  -45.311
  -45.309  -32.910  -32.868  -32.790  -11.483  -10.766   -2.628   -1.381   -1.038    0.106
    0.542    0.850    1.399    3.915    4.394    4.465    5.584    7.638    8.212    9.248
   10.362   11.078   11.174   11.884   13.368   13.843   14.145   14.845   15.207   15.887
   16.439   16.509   17.485   17.934   18.460   18.875   19.287   19.932   20.482   21.196
            0.214286  0.123718  0.000000
  -58.782  -45.382  -45.382  -45.380  -45.380  -45.331  -45.331  -45.330  -45.330  -45.311
  -45.309  -32.911  -32.860  -32.788  -11.533  -10.793   -2.666   -1.300   -0.957    0.156
    0.496    0.892    1.442    3.936    4.431    4.438    5.546    7.569    8.140    9.190
   10.318   11.182   11.236   11.845   13.333   13.786   14.156   14.773   15.181   15.805
   16.494   16.550   17.463   18.181   18.634   18.831   19.246   20.152   20.645   21.147
            0.204082  0.117827  0.000000
  -58.783  -45.382  -45.382  -45.381  -45.380  -45.331  -45.331  -45.330  -45.330  -45.311
  -45.309  -32.913  -32.853  -32.786  -11.582  -10.819   -2.707   -1.216   -0.877    0.207
    0.450    0.933    1.485    3.963    4.403    4.482    5.506    7.502    8.070    9.131
   10.253   11.276   11.308   11.812   13.304   13.698   14.170   14.677   15.201   15.726
   16.558   16.622   17.425   18.394   18.813   18.834   19.205   20.382   20.777   21.088
            0.193878  0.111935  0.000000
  -58.783  -45.382  -45.382  -45.381  -45.380  -45.331  -45.331  -45.330  -45.330  -45.311
  -45.309  -32.915  -32.846  -32.784  -11.629  -10.845   -2.750   -1.131   -0.799    0.259
    0.405    0.971    1.526    3.997    4.382    4.527    5.466    7.437    8.003    9.070
   10.173   11.353   11.383   11.792   13.282   13.590   14.185   14.564   15.259   15.652
   16.631   16.717   17.378   18.483   18.915   19.047   19.165   20.600   20.825   21.035
            0.183673  0.106044  0.000000
  -58.784  -45.382  -45.382  -45.381  -45.381  -45.331  -45.331  -45.330  -45.330  -45.311
  -45.309  -32.916  -32.839  -32.783  -11.675  -10.869   -2.795   -1.046   -0.722    0.310
    0.362    1.006    1.564    4.038    4.368    4.573    5.424    7.374    7.938    9.007
   10.082   11.403   11.461   11.788   13.265   13.477   14.203   14.441   15.344   15.581
   16.713   16.827   17.329   18.449   19.124   19.141   19.265   20.725   20.726   21.065
            0.173469  0.100153  0.000000
  -58.784  -45.382  -45.382  -45.381  -45.381  -45.331  -45.331  -45.330  -45.330  -45.311
  -45.309  -32.918  -32.832  -32.781  -11.718  -10.893   -2.839   -0.960   -0.646    0.320
    0.361    1.037    1.600    4.086    4.362    4.618    5.383    7.313    7.876    8.942
    9.985   11.421   11.540   11.799   13.251   13.374   14.222   14.313   15.448   15.515
   16.801   16.949   17.281   18.375   19.084   19.407   19.478   20.537   20.691   21.251
            0.163265  0.094261  0.000000
  -58.785  -45.382  -45.382  -45.381  -45.381  -45.331  -45.331  -45.330  -45.330  -45.311
  -45.309  -32.919  -32.825  -32.780  -11.760  -10.916   -2.884   -0.875   -0.572    0.279
    0.412    1.063    1.633    4.140    4.364    4.664    5.340    7.255    7.817    8.874
    9.884   11.412   11.618   11.812   13.239   13.296   14.184   14.242   15.453   15.566
   16.895   17.079   17.236   18.291   19.044   19.652   19.685   20.358   20.595   21.488
            0.153061  0.088370  0.000000
  -58.786  -45.382  -45.382  -45.381  -45.381  -45.331  -45.331  -45.330  -45.330  -45.311
  -45.309  -32.921  -32.818  -32.778  -11.799  -10.937   -2.927   -0.792   -0.500    0.241
    0.462    1.083    1.663    4.200    4.375    4.709    5.298    7.198    7.761    8.802
    9.784   11.388   11.697   11.806   13.227   13.255   14.055   14.262   15.396   15.691
   16.991   17.196   17.213   18.207   19.005   19.691   19.962   20.308   20.491   21.722
            0.142857  0.082479  0.000000
  -58.786  -45.382  -45.382  -45.381  -45.381  -45.331  -45.331  -45.330  -45.330  -45.311
  -45.309  -32.922  -32.812  -32.777  -11.837  -10.958   -2.970   -0.711   -0.429    0.204
    0.511    1.098    1.690    4.265    4.393    4.754    5.256    7.144    7.708    8.727
    9.686   11.355   11.769   11.776   13.214   13.260   13.930   14.282   15.343   15.821
   17.085   17.164   17.351   18.130   18.966   19.545   20.180   20.443   20.444   21.896
            0.132653  0.076587  0.000000
  -58.787  -45.382  -45.382  -45.381  -45.381  -45.331  -45.331  -45.330  -45.330  -45.311
  -45.309  -32.923  -32.806  -32.775  -11.872  -10.977   -3.010   -0.632   -0.359    0.169
    0.558    1.106    1.713    4.336    4.419    4.797    5.215    7.092    7.658    8.648
    9.593   11.317   11.701   11.855   13.200   13.309   13.808   14.301   15.294   15.951
   17.142   17.170   17.491   18.068   18.928   19.323   20.164   20.633   20.656   21.963
            0.122449  0.070696  0.000000
  -58.787  -45.382  -45.382  -45.381  -45.381  -45.331  -45.331  -45.330  -45.330  -45.311
  -45.309  -32.924  -32.801  -32.774  -11.905  -10.995   -3.049   -0.556   -0.292    0.136
    0.604    1.109    1.733    4.410    4.453    4.840    5.175    7.042    7.611    8.567
    9.507   11.276   11.610   11.933   13.184   13.396   13.693   14.318   15.250   16.074
   17.134   17.235   17.631   18.030   18.891   19.082   20.060   20.886   20.914   21.978
            0.112245  0.064805  0.000000
  -58.788  -45.382  -45.382  -45.382  -45.381  -45.331  -45.331  -45.330  -45.330  -45.311
  -45.309  -32.926  -32.795  -32.773  -11.936  -11.012   -3.085   -0.484   -0.226    0.106
    0.648    1.105    1.750    4.488    4.492    4.880    5.136    6.994    7.568    8.482
    9.427   11.229   11.508   12.012   13.167   13.511   13.583   14.333   15.209   16.186
   17.145   17.270   17.769   18.028   18.840   18.855   19.948   21.103   21.204   21.933
            0.102041  0.058913  0.000000
  -58.788  -45.382  -45.382  -45.382  -45.381  -45.331  -45.331  -45.330  -45.330  -45.311
  -45.309  -32.927  -32.790  -32.772  -11.964  -11.027   -3.119   -0.416   -0.161    0.077
    0.690    1.096    1.765    4.536    4.567    4.919    5.098    6.947    7.528    8.397
    9.356   11.172   11.408   12.089   13.149   13.481   13.647   14.345   15.173   16.279
   17.178   17.270   17.905   18.066   18.603   18.821   19.841   21.249   21.481   21.860
            0.091837  0.053022  0.000000
  -58.788  -45.382  -45.382  -45.382  -45.381  -45.331  -45.331  -45.330  -45.330  -45.311
  -45.309  -32.928  -32.786  -32.771  -11.990  -11.041   -3.150   -0.353   -0.099    0.052
    0.729    1.082    1.777    4.584    4.647    4.955    5.063    6.903    7.491    8.311
    9.294   11.099   11.326   12.165   13.129   13.386   13.797   14.354   15.141   16.348
   17.234   17.241   18.038   18.137   18.378   18.789   19.742   21.222   21.703   21.936
            0.081633  0.047131  0.000000
  -58.789  -45.382  -45.382  -45.382  -45.381  -45.331  -45.331  -45.330  -45.330  -45.311
  -45.309  -32.929  -32.782  -32.770  -12.013  -11.054   -3.179   -0.295   -0.040    0.028
    0.765    1.064    1.786    4.633    4.727    4.988    5.030    6.860    7.458    8.228
    9.239   11.007   11.266   12.239   13.108   13.300   13.956   14.360   15.112   16.392
   17.193   17.302   18.165   18.179   18.227   18.760   19.652   21.059   21.821   22.137
            0.071429  0.041239  0.000000
  -58.789  -45.382  -45.382  -45.382  -45.382  -45.331  -45.331  -45.330  -45.330  -45.311
  -45.309  -32.929  -32.778  -32.769  -12.033  -11.065   -3.204   -0.242    0.008    0.017
    0.798    1.042    1.794    4.683    4.804    5.000    5.018    6.819    7.428    8.149
    9.192   10.908   11.223   12.311   13.086   13.223   14.122   14.363   15.088   16.414
   17.138   17.353   18.033   18.285   18.326   18.733   19.573   20.848   21.873   22.380
            0.061224  0.035348  0.000000
  -58.789  -45.382  -45.382  -45.382  -45.382  -45.331  -45.331  -45.330  -45.330  -45.311
  -45.309  -32.930  -32.775  -32.768  -12.051  -11.075   -3.226   -0.195   -0.010    0.070
    0.827    1.018    1.801    4.731    4.877    4.973    5.045    6.781    7.402    8.075
    9.153   10.810   11.192   12.379   13.064   13.155   14.290   14.364   15.067   16.419
   17.081   17.336   17.987   18.397   18.426   18.710   19.505   20.623   21.906   22.429
            0.051020  0.029457  0.000000
  -58.789  -45.382  -45.382  -45.382  -45.382  -45.331  -45.331  -45.330  -45.330  -45.311
  -45.309  -32.931  -32.772  -32.768  -12.066  -11.083   -3.245   -0.155   -0.026    0.119
    0.853    0.993    1.806    4.776    4.945    4.949    5.069    6.746    7.380    8.010
    9.120   10.720   11.168   12.442   13.041   13.097   14.364   14.458   15.049   16.409
   17.028   17.239   18.052   18.497   18.518   18.689   19.449   20.396   21.934   22.317
            0.040816  0.023565  0.000000
  -58.790  -45.382  -45.382  -45.382  -45.382  -45.331  -45.331  -45.330  -45.330  -45.311
  -45.309  -32.931  -32.770  -32.767  -12.079  -11.090   -3.261   -0.122   -0.039    0.163
    0.874    0.969    1.810    4.816    4.929    5.005    5.088    6.714    7.362    7.954
    9.093   10.642   11.149   12.499   13.019   13.049   14.362   14.619   15.035   16.387
   16.981   17.110   18.178   18.585   18.600   18.672   19.405   20.174   21.961   22.220
            0.030612  0.017674  0.000000
  -58.790  -45.382  -45.382  -45.382  -45.382  -45.331  -45.330  -45.330  -45.330  -45.311
  -45.309  -32.931  -32.768  -32.767  -12.089  -11.095   -3.273   -0.095   -0.048    0.199
    0.891    0.946    1.812    4.848    4.914    5.055    5.103    6.687    7.347    7.909
    9.073   10.579   11.135   12.548   12.998   13.011   14.359   14.767   15.024   16.352
   16.942   16.989   18.328   18.656   18.658   18.666   19.373   19.964   21.987   22.140
            0.020408  0.011783  0.000000
  -58.790  -45.382  -45.382  -45.382  -45.382  -45.330  -45.330  -45.330  -45.330  -45.311
  -45.309  -32.932  -32.767  -32.766  -12.095  -11.099   -3.282   -0.076   -0.055    0.227
    0.903    0.928    1.814    4.873    4.902    5.092    5.115    6.667    7.337    7.876
    9.059   10.533   11.125   12.587   12.980   12.984   14.357   14.892   15.016   16.308
   16.897   16.914   18.475   18.648   18.709   18.714   19.351   19.779   22.010   22.081
            0.010204  0.005891  0.000000
  -58.790  -45.382  -45.382  -45.382  -45.382  -45.330  -45.330  -45.330  -45.330  -45.311
  -45.309  -32.932  -32.766  -32.766  -12.100  -11.101   -3.287   -0.065   -0.060    0.245
    0.910    0.917    1.815    4.888    4.895    5.116    5.121    6.654    7.331    7.856
    9.051   10.504   11.120   12.613   12.967   12.968   14.355   14.979   15.011   16.269
   16.842   16.896   18.593   18.643   18.742   18.744   19.339   19.639   22.026   22.044
            0.000000  0.000000  0.000000
  -58.790  -45.382  -45.382  -45.382  -45.382  -45.330  -45.330  -45.330  -45.330  -45.311
  -45.309  -32.932  -32.766  -32.766  -12.101  -11.102   -3.289   -0.061   -0.061    0.251
    0.913    0.913    1.816    4.893    4.893    5.123    5.123    6.650    7.328    7.849
    9.048   10.495   11.118   12.622   12.962   12.962   14.355   15.010   15.010   16.253
   16.824   16.890   18.641   18.641   18.753   18.753   19.335   19.585   22.032   22.032
